14140,11726,16141,15679,13572,13302,12252,7943.1,9654,8872.9,9465.8,8531.8,10193,6888,3788.6,6115.9,11188,10960,10598,11011,11454,10919,9479.1,10578,6842.2,12820,5898.8,14862,12719,9790.1,9810.2,10784,8006.7,6214,8273,9239.2,5146.5,6164.3,9125.6,9805,13348,11511,10800,10692,9926.4,10477,10077,9779.9,14788,12284,15423,14885,14083,13641,12034,9644.8,11182,10617,10809,9526.4,10546,6275.5,3842.8,7646.2,11249,10579,12146,11236,11098,10820,10126,10484,7074.9,12665,6152.9,14701,12745,9598.5,9563,10259,9415.7,6672.3,8394.7,9100.5,7407.7,5980.1,8831.5,9492.7,14057,12403,11170,12133,11177,12074,10298,9254.3,10955,9856.3,6332.6,8944.4,11183,9824.5,9596.9,7622.8,11380,10071,6474.9,9071.5,12114,10290,9622.7,7705.9
14122,11767,16130,15716,13675,13352,12223,7904.9,9669,8833.9,9439.8,8519.7,10201,6854.4,3798.5,6117.6,11170,10962,10682,11066,11409,10928,9481.4,10610,6797.8,12795,5842.4,14852,12703,9749.9,9798,10786,8023.6,6198.8,8265.3,9218.5,5198.2,6161.7,9122.9,9779.2,13384,11537,10779,10685,9932.9,10477,10154,9797,14793,12273,15417,14905,14169,13680,12009,9624.3,11159,10627,10742,9450.5,10491,6183.9,3819.2,7618.6,11245,10564,12148,11224,11066,10822,10104,10502,7108.9,12644,6125.9,14675,12755,9583.1,9539.5,10252,9436.4,6647.2,8413.8,9111.5,7384.9,5974.6,8848.7,9495.4,14105,12401,11147,12084,11206,12048,10326,9308,10919,9855.2,6345.9,8917.4,11146,9821,9631.4,7622.5,11366,10052,6511,9053,12001,10331,9613.1,7700
14139,11761,16130,15725,13588,13289,12255,7926.5,9669.2,8861,9470.4,8518.2,10204,6845.9,3819.6,6117.7,11197,10986,10651,11034,11407,10923,9485.5,10574,6837.6,12801,5817.3,14884,12683,9772.5,9789.8,10745,8025.2,6222.4,8256.2,9219,5179.5,6145.6,9131.6,9792.4,13294,11518,10783,10719,9935.8,10435,10121,9783,14792,12277,15417,14914,14112,13636,12039,9624.9,11181,10636,10772,9485.5,10520,6219.8,3833.8,7636.9,11239,10591,12188,11263,11072,10811,10141,10500,7061.5,12612,6057.5,14721,12733,9576.6,9538.6,10222,9395.1,6676.1,8473.4,9097.1,7355.5,6000.8,8801.3,9497.6,14058,12364,11162,12206,11186,12082,10353,9273,11010,9840.1,6295.3,8948.5,11006,9831.2,9582.7,7602.6,11382,10079,6446.5,9097.5,12231,10388,9637,7695
14155,11700,16134,15678,13607,13307,12245,7978.2,9697.2,8872.1,9480.1,8519.9,10199,6891.6,3815.4,6144.1,11201,10950,10616,11027,11437,10919,9482.2,10576,6812.7,12813,5805.4,14842,12694,9811.9,9800,10758,8014.3,6271.2,8285.7,9231,5167,6162.5,9130.4,9774.6,13271,11524,10807,10646,9939.2,10482,10088,9752.8,14772,12238,15409,14871,14062,13608,12033,9655.6,11192,10601,10768,9534.1,10543,6283.1,3826.3,7628.2,11248,10581,12165,11247,11093,10819,10127,10483,7064.8,12614,5999.1,14718,12741,9588.5,9536.6,10222,9362.6,6687.2,8372.9,9079.6,7393.1,5982.9,8794.2,9476.2,14002,12408,11144,12143,11160,12055,10315,9271.4,10979,9839.9,6275.6,8940.4,11278,9844.6,9611.3,7617.9,11391,10049,6401.3,9045.1,12001,10428,9624.7,7701
14100,11697,16138,15668,13587,13277,12264,7972.2,9692.1,8843.8,9436.7,8517,10169,6824.8,3785.9,6085.5,11209,11001,10629,11021,11408,10933,9485.4,10551,6847.7,12769,5885.6,14792,12649,9775.3,9799.9,10773,8005.3,6235.2,8258.1,9216.9,5098.1,6180.4,9110.9,9772.6,13248,11510,10830,10671,9917.3,10515,10075,9798.9,14737,12267,15431,14827,14021,13545,12033,9621.6,11198,10601,10759,9502.1,10544,6214.1,3789.9,7643.7,11257,10526,12155,11216,11065,10821,10144,10451,6991.1,12668,6215.9,14650,12709,9566.5,9550.8,10241,9370.8,6694.8,8312.3,9066.1,7354.6,5968.8,8805.1,9486.6,13930,12378,11133,12116,11142,11984,10299,9289.3,10919,9835.3,6285.8,8921.1,11188,9921.1,9613.9,7651.3,11352,10033,6503.5,9064.5,12082,10356,9613.6,7715.4
14116,11688,16102,15649,13595,13278,12252,7948.9,9691.7,8878.4,9418.8,8526.4,10189,6817.9,3791.2,6094.9,11200,11039,10646,11033,11429,10938,9499.7,10583,6824.2,12794,5854.1,14807,12681,9771.1,9811.1,10776,7992.9,6162.4,8279.1,9209.4,5074.3,6140.9,9108.8,9830.2,13246,11492,10787,10679,9876.5,10438,10013,9776.3,14746,12258,15397,14864,14005,13585,12040,9582.8,11216,10602,10757,9523.1,10545,6212.6,3844.4,7645.1,11257,10616,12171,11254,11055,10854,10159,10465,7050.2,12647,6030.9,14665,12749,9603.3,9567.3,10277,9360,6640.5,8366.4,9091.7,7327,5954.8,8808.6,9517.9,14093,12382,11173,12107,11164,12009,10344,9290,10956,9852,6308.7,8916.6,11083,9861.9,9557.2,7635.3,11294,10064,6491.3,9069.5,12108,10415,9562.1,7725
14121,11680,16133,15645,13565,13275,12272,7955.5,9648.4,8840,9442.2,8534.8,10179,6896.7,3789.6,6115.1,11204,11031,10614,11026,11457,10926,9501.7,10571,6855.5,12821,5866.4,14817,12691,9797.7,9828.6,10794,7996,6171.3,8267.6,9233.5,5090.9,6130.9,9109.3,9818.2,13323,11507,10845,10703,9897,10467,10081,9771.2,14767,12276,15424,14858,13990,13597,12047,9615.7,11192,10592,10763,9553.1,10543,6194.1,3833.5,7659.6,11267,10619,12156,11269,11075,10843,10158,10449,7033.8,12697,6104.7,14678,12741,9581.1,9574.9,10269,9355.9,6627.6,8360.2,9079.7,7301.4,5944.1,8789.8,9492.6,13999,12429,11196,12182,11163,11944,10235,9294.5,10965,9827.9,6381.9,8939.7,11244,9861.2,9561.7,7626.5,11379,10114,6503.2,9062.2,12144,10357,9590.1,7677.8
14141,11669,16161,15666,13547,13232,12263,7967.3,9705.4,8844.3,9469.7,8546.5,10187,6849.8,3771.1,6110.4,11199,11029,10572,11015,11465,10924,9495.7,10490,6801,12851,5853.9,14867,12712,9817.5,9821.9,10760,7984.5,6177.7,8319.2,9199.9,5077.9,6155.7,9105.7,9819.8,13298,11521,10812,10675,9865.9,10445,9986.3,9762.3,14788,12273,15436,14874,14037,13611,12057,9615.7,11178,10579,10807,9538,10549,6245,3822.5,7665.7,11270,10669,12173,11248,11093,10838,10161,10437,7042.6,12677,6105,14703,12735,9622.5,9556,10237,9392.9,6638.1,8317.4,9071.1,7277.4,5964.1,8804.7,9478,14084,12376,11211,12069,11070,11998,10263,9266.4,10947,9844.3,6376.1,9005.1,10992,9852.1,9655.7,7665.5,11329,10103,6445.6,9092.4,12205,10349,9564.7,7713.7
14176,11695,16163,15689,13545,13288,12283,7955,9662.3,8850.6,9489.2,8550.1,10217,6866.5,3789.7,6117.5,11184,10989,10584,11014,11474,10926,9488.4,10559,6842.3,12846,5881.8,14874,12740,9846.1,9807.6,10761,7998.6,6174.8,8272,9220.8,5139.6,6177.3,9094.5,9826.1,13273,11522,10854,10679,9886.8,10432,10008,9764.6,14784,12267,15435,14856,14073,13631,12075,9650.7,11163,10582,10839,9534.5,10538,6318,3828.6,7667,11261,10648,12155,11248,11100,10839,10151,10427,7050.2,12662,6013.7,14709,12741,9616.8,9555.2,10249,9356.3,6634.2,8411.5,9074.3,7380.4,5984.4,8812.5,9487,14092,12428,11181,12091,11170,12041,10314,9270.2,11009,9862.9,6388.2,8915.1,11167,9797.7,9589.5,7616.1,11395,10075,6469.3,9095.7,12134,10316,9573.3,7718
14162,11676,16155,15682,13549,13237,12276,7952.3,9690.5,8840.5,9465.7,8552,10213,6889.6,3786.6,6142.5,11195,10972,10578,10985,11471,10923,9494.5,10528,6817.1,12821,5832.6,14847,12737,9840.5,9812.9,10769,7983.9,6214,8254.8,9231.6,5078.9,6146.1,9126.9,9812.7,13233,11506,10825,10726,9885.1,10495,10056,9774.7,14791,12289,15437,14864,14034,13608,12057,9627.6,11172,10614,10819,9558.8,10554,6267.5,3821.4,7666.1,11271,10612,12159,11246,11113,10842,10145,10448,7029.5,12683,6131,14711,12768,9607.2,9558.2,10249,9384,6663.5,8423.8,9079.2,7315.3,5968.7,8831.2,9488.6,14073,12382,11182,12129,11106,12058,10281,9248.7,10979,9860.2,6344.1,8980.1,11209,9852.7,9586,7627.3,11387,10067,6483.9,9102.1,12076,10359,9609.5,7723.7
14132,11714,16155,15678,13535,13272,12265,7961.9,9718.4,8866.1,9462.8,8530.3,10188,6860.4,3781,6124.1,11182,10988,10586,10996,11465,10943,9484.3,10580,6818.5,12817,5834.4,14888,12728,9824.7,9835.9,10772,8019.3,6199.4,8267.2,9266.7,5107,6139.7,9149.1,9816,13320,11509,10819,10685,9898.2,10481,10098,9770.5,14770,12253,15422,14888,14048,13613,12069,9647.3,11168,10586,10823,9562.5,10569,6232,3849.4,7684.5,11256,10648,12177,11256,11105,10844,10157,10504,7068,12696,6036.3,14713,12769,9630.4,9587,10258,9424.8,6639.8,8385.1,9114.7,7331.9,5983.3,8838.9,9494.6,14060,12433,11202,12147,11108,12008,10303,9216.1,10975,9864.1,6237.9,8976.5,11137,9852.8,9613.9,7635,11353,10075,6435.7,9116.9,12188,10282,9595.4,7698.4
14165,11719,16169,15686,13546,13279,12264,7962.6,9687.4,8865.6,9480.7,8555.5,10222,6884.6,3765.3,6122.7,11198,10991,10564,10980,11515,10940,9481.4,10522,6859.2,12838,5837.7,14877,12715,9824.9,9828.5,10701,8023.5,6212.8,8274.8,9232.5,5124.2,6162.6,9125.2,9818.4,13305,11544,10831,10693,9883.7,10464,10119,9727.1,14769,12263,15420,14882,14040,13622,12078,9629.8,11209,10612,10836,9540.2,10567,6264.9,3845.9,7647.4,11267,10622,12152,11236,11100,10851,10140,10468,7044.9,12660,6078.3,14723,12744,9620,9568.6,10242,9406.5,6641.1,8425.2,9118.7,7335.9,5981,8838.1,9494,14021,12417,11221,12144,11108,12050,10320,9180.4,11020,9861.1,6351.3,8980.6,11106,9811.4,9604,7637.2,11427,10114,6469.3,9081.5,12272,10323,9620.4,7709.3
14142,11703,16169,15714,13534,13251,12247,7975.1,9719.6,8867,9507.5,8572.2,10203,6894.2,3750.7,6118.9,11200,10975,10539,10985,11517,10931,9477.8,10582,6858,12793,5881,14860,12712,9833.4,9815.3,10698,8035.5,6170.8,8310.3,9253.2,5149.8,6161.9,9129.8,9830.8,13290,11527,10777,10752,9867.4,10464,10053,9718.5,14778,12249,15431,14891,14072,13609,12062,9662.2,11177,10615,10881,9565.7,10572,6208.7,3810.9,7675.7,11276,10658,12145,11224,11122,10841,10133,10483,7063.6,12623,6017.6,14739,12724,9593.7,9549.9,10187,9368.4,6636.4,8435.8,9107,7305.1,5999.3,8831,9477.2,13973,12390,11210,12058,11123,12042,10354,9179,10986,9882.9,6370.9,8977.7,11298,9821.3,9645.3,7615.6,11352,10097,6509,9089.6,12102,10336,9592,7703.2
14152,11672,16157,15679,13542,13262,12282,7962.5,9728.6,8894.8,9502.7,8549.3,10209,6920.5,3776.9,6113.5,11195,10959,10568,11002,11470,10928,9475.6,10610,6846,12863,5894,14884,12725,9832.6,9827.2,10754,8035.7,6161.9,8304.3,9272.7,5160.8,6122,9160.2,9871.2,13314,11537,10831,10675,9927.6,10434,10124,9740.9,14762,12273,15420,14874,14011,13600,12077,9633.4,11264,10613,10855,9535.7,10566,6217,3830.2,7649.7,11270,10655,12171,11257,11113,10853,10147,10497,7113.9,12683,6073.2,14710,12765,9604.4,9570.5,10258,9370.9,6651.8,8445.6,9111.7,7320.7,6021.8,8831,9500.3,14049,12399,11230,12103,11207,12027,10387,9213.1,10953,9845.5,6392.8,8977.8,11161,9869.8,9638.6,7633.8,11371,10112,6500.6,9097.5,12090,10363,9623.1,7713.7
14163,11691,16153,15690,13553,13285,12267,8000.7,9695,8877.9,9532.2,8555.6,10203,6932.8,3804.9,6126.5,11185,10957,10565,10987,11518,10922,9480,10567,6844.9,12833,5829.7,14859,12722,9839.6,9829.7,10739,8051.2,6201.4,8313.9,9251.6,5147.8,6131.7,9169.3,9838.7,13315,11498,10788,10738,9903.1,10465,10027,9705.5,14786,12278,15429,14882,14002,13607,12055,9634.9,11220,10630,10841,9554,10580,6181.4,3848.9,7667,11249,10626,12125,11228,11088,10842,10119,10473,7112.7,12657,6020,14681,12762,9610.4,9563.2,10258,9387.9,6647.4,8426.2,9119,7397.1,5968.3,8840.9,9491.6,14029,12403,11201,12102,11164,12106,10325,9212.5,10963,9885.5,6319.4,8971.5,11208,9785.8,9612.7,7626.3,11386,10093,6436.7,9113.2,12023,10327,9581.4,7705.4
14179,11718,16171,15703,13568,13312,12257,8000.9,9702.2,8926.7,9508.9,8559.3,10229,6958.2,3778,6114.2,11171,10933,10552,10988,11518,10910,9483.8,10552,6834.4,12864,5857.4,14854,12747,9799,9806.1,10760,7991.1,6218.8,8293.7,9217.4,5134.5,6149.4,9135,9803,13320,11485,10809,10729,9891.5,10436,10084,9704.6,14764,12300,15429,14888,14035,13587,12064,9661.6,11186,10580,10822,9580.4,10551,6237.1,3867.9,7675.5,11240,10616,12139,11223,11101,10830,10120,10457,7066.9,12674,6048.9,14678,12758,9616.7,9558,10241,9372.8,6702.6,8419.4,9119.2,7400.7,6005.7,8816.2,9471.7,14034,12412,11160,12127,11127,12040,10350,9186.6,11004,9875.6,6401.4,8998.2,11161,9869.4,9609.4,7622.1,11377,10134,6469.5,9095.9,12123,10366,9595,7694.2
14168,11701,16179,15717,13564,13273,12260,7992.9,9699.2,8875.2,9516.9,8549.8,10222,6884.9,3780.3,6108.8,11178,10977,10545,10996,11482,10939,9485.7,10564,6818.8,12838,5828.8,14869,12731,9844.3,9825.9,10775,8004.7,6179.9,8302.7,9252.8,5128.6,6141.5,9117.4,9817,13277,11523,10791,10625,9864.4,10449,10055,9714.2,14779,12265,15404,14905,14091,13623,12063,9648.4,11194,10621,10863,9539.4,10576,6253.5,3849.6,7662.3,11245,10611,12145,11232,11108,10856,10136,10460,7028.7,12648,6065,14693,12759,9591,9562.3,10248,9388.1,6664.7,8428.4,9089.3,7421.4,6026,8838.9,9486,14040,12379,11188,12081,11118,12067,10314,9185.7,10989,9854.1,6354.5,8975.9,11214,9843.7,9614.5,7617.3,11366,10101,6471.4,9104.5,12079,10305,9606.5,7682.3
14154,11720,16175,15693,13583,13270,12263,7997.8,9703.1,8884.5,9479,8562.1,10211,6861.2,3784.5,6136.9,11168,10966,10577,11003,11511,10942,9478.4,10606,6847.9,12838,5832.6,14833,12714,9840.9,9833.5,10783,8007.7,6216.1,8304.1,9257.8,5103.2,6154.9,9162.5,9825.8,13269,11517,10800,10680,9916.7,10454,10108,9747.3,14761,12272,15399,14903,14056,13577,12060,9665.3,11235,10606,10818,9581.8,10552,6261.4,3839.6,7666.5,11258,10606,12169,11229,11121,10855,10126,10500,7083.5,12638,6036.9,14727,12775,9604.3,9576.9,10278,9394.5,6627.3,8492.4,9110.3,7428.6,5978.7,8811.3,9506.4,14003,12387,11143,12077,11141,12054,10382,9196.8,10963,9896.9,6342.2,8971.1,11201,9811.6,9630.3,7634.1,11386,10097,6435.5,9097.1,12143,10362,9611.5,7700.2
14160,11698,16175,15687,13571,13273,12279,7995.2,9722.3,8889.6,9480.1,8573.9,10191,6877.4,3790.4,6104.2,11184,10927,10565,10999,11495,10922,9456.1,10559,6837.1,12836,5923.4,14873,12714,9843.3,9828,10787,8004.8,6195.1,8306.8,9242.2,5082.8,6167.1,9130.9,9790.7,13300,11516,10813,10670,9929.3,10496,10101,9713.8,14773,12275,15436,14894,14073,13644,12063,9666.8,11281,10663,10823,9547.8,10568,6269,3823.5,7629.3,11257,10574,12154,11236,11132,10843,10103,10469,7097.1,12665,6133.5,14726,12737,9614.9,9588.5,10304,9387.2,6722.5,8432.1,9105.4,7406.9,5969.7,8803.1,9476,14019,12395,11163,12107,11111,12088,10304,9187.1,10986,9824,6322.2,8965.9,11260,9829.7,9599.8,7628,11398,10112,6459.1,9113.8,12132,10338,9645.5,7704.7
14164,11708,16171,15682,13546,13274,12271,7970.2,9745.9,8887.1,9516.6,8583.8,10200,6906.5,3812.1,6125.6,11172,10945,10538,11013,11510,10921,9455,10576,6815.7,12853,5889.4,14877,12770,9817.6,9837.2,10786,8030.7,6193,8321,9270.3,5126.3,6141.6,9151.8,9817.8,13313,11506,10800,10692,9903.1,10468,10006,9683.6,14775,12300,15413,14897,14050,13593,12071,9652.9,11320,10608,10837,9567.7,10592,6236.3,3822.3,7649.3,11269,10628,12144,11227,11108,10839,10103,10459,7090.9,12688,6121.7,14673,12779,9586.4,9570.4,10227,9380.5,6643.6,8433.5,9099.6,7363.6,5991.2,8838.7,9483,14013,12385,11208,12123,11194,12073,10306,9180.7,11008,9897.6,6290,8991.1,11192,9824.5,9634.3,7645.3,11398,10132,6443.8,9081.4,12299,10364,9612,7711.1
14152,11745,16174,15707,13555,13257,12271,7984.9,9722.5,8876.1,9518.1,8596.1,10209,6910.9,3775.9,6118.4,11182,10945,10541,10998,11508,10922,9455.9,10585,6850.2,12881,5883.5,14857,12723,9831.1,9824.4,10754,8042.2,6211.2,8291.3,9251.3,5150.8,6153.4,9142.5,9807.4,13308,11560,10804,10742,9920.4,10495,10068,9716.8,14774,12258,15421,14910,14063,13599,12065,9659.4,11282,10618,10884,9572.3,10572,6231.2,3855.6,7649,11249,10619,12135,11211,11086,10844,10088,10486,7089,12715,6054.8,14752,12759,9612.2,9573.3,10254,9393.6,6674.1,8468.5,9116.9,7357,5982,8822.9,9502.2,14020,12386,11178,12151,11131,12041,10272,9166.2,11032,9864.6,6358.4,8969.9,11160,9810.1,9606.1,7635.7,11393,10100,6478.7,9103.8,12148,10366,9630.1,7698.9
14173,11749,16167,15720,13622,13340,12263,7995.6,9736.2,8873.7,9533.2,8575.4,10219,6911.7,3782.4,6129.7,11168,10917,10559,10990,11499,10910,9472,10578,6866.5,12837,5858.3,14869,12712,9802.7,9805.5,10735,8051.6,6183,8313.3,9246.4,5156.9,6161.9,9124.3,9802.9,13272,11558,10827,10739,9879.9,10492,10035,9712,14773,12278,15439,14904,14082,13600,12056,9692.6,11214,10600,10877,9542.4,10552,6199.1,3844.1,7654.6,11227,10564,12120,11213,11079,10833,10090,10462,7132.2,12684,6120.8,14678,12753,9605.6,9578.3,10242,9371.5,6649.8,8497.5,9122,7358.3,6022.8,8836.8,9489.7,13983,12437,11153,12098,11116,12065,10308,9168.3,10977,9890.7,6396.6,9018.3,11229,9864.4,9643.8,7642.6,11384,10120,6478,9102.7,12064,10389,9591.6,7699.5
14183,11711,16180,15726,13623,13288,12267,7984.5,9811.2,8865.4,9497.1,8591.9,10204,6886,3806.8,6121.1,11182,10914,10536,10991,11487,10907,9440.4,10555,6864,12867,5878.5,14881,12687,9828.4,9802.1,10717,8046.5,6209.4,8275.7,9253.9,5098.8,6171.7,9152,9838.4,13256,11516,10811,10768,9914.1,10441,10033,9707.1,14790,12262,15428,14902,14121,13619,12056,9698.3,11280,10630,10851,9574.5,10570,6209.2,3843.2,7640,11257,10554,12122,11218,11077,10835,10093,10471,7142.1,12692,6131.9,14715,12722,9586.3,9533.3,10201,9418.4,6664,8407.5,9091.9,7340.8,5999.4,8844.8,9499.9,14080,12402,11234,12154,11171,12070,10295,9161.4,11022,9909.9,6393.3,8971.3,11057,9868.9,9675.2,7613.9,11423,10110,6470.7,9118.3,12304,10413,9610,7722.3
14159,11691,16189,15704,13571,13299,12269,7983.6,9725.3,8873.5,9549.8,8572.8,10205,6856.8,3804.7,6103.8,11179,10927,10553,10988,11479,10917,9471.1,10554,6852.5,12865,5861.7,14834,12691,9793.6,9790.7,10737,8030,6161.5,8292.9,9229.9,5121.9,6166.4,9136.1,9834.5,13238,11516,10831,10712,9887.5,10475,10007,9735.2,14775,12280,15431,14913,14105,13616,12070,9678.9,11264,10653,10840,9570,10559,6241.5,3835.2,7647.6,11251,10576,12141,11231,11105,10850,10103,10451,7074.6,12686,6164,14693,12721,9557.3,9547.2,10241,9390.6,6681.7,8429,9123.6,7377.4,5945.6,8841.9,9485.7,14046,12413,11188,12162,11176,12042,10293,9195.9,11008,9879.1,6283.1,9005.4,11211,9867.5,9597.7,7638,11430,10123,6418.1,9100.7,12270,10376,9644.4,7708.7
14155,11726,16173,15701,13555,13271,12255,7984.7,9691.5,8887.7,9525,8550.2,10187,6897.2,3784.4,6091.6,11168,10950,10544,10969,11482,10913,9477.1,10571,6879.4,12874,5884.9,14893,12738,9784.6,9810.8,10776,8014.8,6229.4,8301,9255.3,5130.1,6170.1,9132.6,9814.3,13289,11532,10812,10702,9912.3,10461,10095,9713.5,14763,12259,15435,14902,14060,13625,12055,9679.7,11300,10614,10847,9563.4,10570,6254.5,3840.8,7652.3,11257,10579,12135,11200,11074,10847,10113,10467,7082.3,12694,6068.7,14691,12714,9599.2,9543.6,10245,9410.5,6647.7,8478.9,9102.4,7368.9,5988.1,8825.5,9462.4,14085,12383,11184,12173,11139,12032,10306,9168.1,11054,9850.8,6367.5,8993.4,11282,9803.5,9622.7,7652.4,11408,10081,6450.2,9122.1,12107,10437,9652.1,7731.4
14174,11645,16159,15713,13576,13270,12260,7989.2,9740.1,8883.5,9533.5,8560.9,10184,6876.7,3801.7,6114.9,11164,10938,10535,10979,11470,10914,9475.7,10513,6887.3,12841,5952,14834,12716,9793.7,9782.8,10708,8053,6191.6,8293.4,9269.3,5153.1,6155.6,9129.7,9812.5,13289,11521,10796,10715,9943.3,10481,10072,9704.3,14787,12273,15423,14914,14107,13635,12056,9663.2,11314,10632,10898,9597,10572,6288.6,3844.6,7658.5,11250,10599,12123,11209,11080,10847,10106,10439,7116.3,12699,6078.1,14715,12728,9576.7,9517.2,10236,9416.8,6687,8426.7,9110.8,7401.6,6011.6,8810.6,9487.8,14006,12352,11185,12186,11159,12040,10325,9169.8,11037,9841.1,6326,8987.4,11154,9846.8,9619.4,7666.3,11401,10141,6521.4,9103.5,12239,10437,9662.2,7725.9
14171,11681,16169,15694,13583,13297,12261,7980.6,9734,8879.1,9552,8565.1,10182,6855,3777.6,6129.3,11176,10933,10516,10949,11481,10924,9484,10570,6878.8,12874,5855.6,14882,12686,9815.9,9795.5,10731,8074.3,6221.1,8329.6,9263.2,5174,6138.9,9149.3,9827.4,13257,11519,10765,10716,9907.2,10431,10034,9732.4,14784,12259,15411,14907,14113,13612,12050,9670.4,11240,10626,10882,9574.2,10606,6231.3,3867.3,7674,11244,10587,12122,11207,11064,10847,10102,10472,7153.2,12672,6119.7,14709,12745,9582.9,9526.5,10227,9413.9,6680.7,8454.6,9132.3,7391.2,5968,8833.4,9492.9,13975,12410,11163,12145,11104,12039,10308,9193.4,11033,9891.8,6388.8,8961.2,11113,9922.6,9642.2,7629.9,11389,10125,6465.7,9099.4,12152,10417,9635,7708.8
14158,11679,16175,15699,13543,13316,12254,7992.9,9726.6,8880.8,9556,8558.9,10168,6916.6,3817.3,6104.1,11171,10927,10544,10951,11463,10918,9468.5,10582,6911.9,12853,5876.8,14850,12678,9783.9,9781.9,10779,7996.8,6184.4,8286.8,9260.3,5126.1,6166.5,9119.6,9792.1,13270,11509,10808,10698,9928.6,10443,10094,9735.5,14777,12252,15438,14907,14030,13630,12052,9682.7,11213,10630,10823,9560.4,10590,6247.3,3853.3,7663.2,11247,10553,12102,11189,11045,10851,10109,10484,7113.8,12686,6097.5,14687,12707,9570.7,9531.7,10235,9352.7,6709.9,8453.6,9106.6,7391.4,6015.7,8848.3,9482.1,14012,12420,11175,12112,11064,12158,10339,9194.7,11035,9879.3,6436.4,8988.2,11174,9863,9643.1,7627.5,11389,10108,6401.3,9091.9,12144,10381,9655,7720.2
14155,11709,16182,15710,13555,13297,12263,7999.3,9729.8,8846.9,9512.7,8553.8,10198,6862.7,3821,6120.5,11167,10915,10538,10949,11468,10928,9474.9,10553,6891.3,12819,5904.2,14840,12660,9796.4,9763,10721,8026.6,6150.7,8299.5,9231,5144.7,6152.9,9149.3,9797.8,13231,11513,10776,10647,9955.9,10456,10015,9739.8,14767,12251,15438,14913,14061,13637,12063,9658.9,11339,10613,10826,9575.4,10547,6245.3,3873.3,7668.8,11254,10568,12123,11172,11067,10855,10122,10443,7133.7,12685,6121.8,14648,12702,9597,9500.1,10210,9383.1,6663.2,8431.2,9131.4,7365.8,5990.9,8848.3,9484.2,14044,12382,11167,12075,11137,12076,10341,9201.7,11053,9921.2,6284.5,8969.4,11149,9864.6,9622.1,7647.8,11407,10077,6460.8,9093.1,12088,10357,9620,7720.6
14142,11670,16156,15685,13559,13238,12256,7983.3,9722.5,8865.4,9502.9,8568.4,10191,6840.8,3799.2,6116.8,11159,10929,10556,10943,11442,10929,9469.2,10565,6879.4,12824,5888.6,14808,12692,9789.8,9763.5,10722,8002.9,6208.9,8292.8,9223.6,5170.8,6167.9,9121.6,9831.8,13267,11472,10779,10656,9929.9,10515,10076,9761,14758,12263,15433,14912,14070,13580,12051,9655.2,11269,10595,10850,9585.2,10543,6211,3840.5,7666.6,11251,10588,12134,11189,11072,10868,10126,10447,7134,12684,6081.7,14709,12707,9591.8,9527.4,10232,9380.2,6685.1,8445.2,9093.1,7395.1,5977.9,8854.9,9481.1,14067,12411,11172,12141,11180,12008,10316,9219.3,10996,9871.6,6468.5,8962.5,11178,9917.5,9610.6,7643.1,11449,10093,6444.9,9128.2,12161,10455,9637.2,7756
14143,11679,16150,15704,13636,13273,12264,7984,9680.9,8896,9512.7,8572.4,10190,6904.8,3782.4,6099.7,11161,10958,10547,10965,11455,10920,9472.1,10550,6837,12850,5864.5,14834,12722,9790.2,9768.2,10761,8031.9,6225,8305.1,9242.6,5111.8,6153.8,9127.6,9839.5,13295,11511,10816,10704,9881.3,10501,10104,9744.4,14771,12266,15427,14900,14082,13621,12069,9649.3,11265,10635,10868,9580.4,10556,6270.4,3857.2,7666.7,11244,10600,12148,11191,11061,10852,10118,10430,7089.2,12697,6079.6,14690,12740,9565.6,9546.4,10208,9413.6,6655.6,8406.7,9095.7,7317.1,5991,8841.4,9466.3,14013,12389,11135,12187,11157,12025,10316,9213.3,11031,9857.3,6318,8940.2,11287,9886.7,9649.2,7632.1,11413,10123,6504.5,9112.4,12207,10379,9601.7,7728
14155,11703,16159,15696,13574,13264,12267,7986.4,9729.3,8888.1,9536.4,8578.3,10197,6857.5,3821.2,6085.5,11169,10919,10550,10963,11487,10928,9481,10579,6869.8,12887,5876.2,14841,12706,9798.5,9782.6,10729,8043.1,6185.9,8293.2,9243.8,5126.8,6128.3,9116.9,9828.4,13263,11501,10784,10695,9916.7,10456,10082,9739.3,14787,12234,15429,14904,14103,13573,12063,9653.5,11265,10611,10877,9574.9,10580,6337.1,3869.6,7690.9,11249,10599,12138,11196,11087,10856,10108,10476,7131.6,12705,6086.1,14707,12755,9573.8,9522.9,10210,9393.1,6686.4,8379.7,9098.5,7350.7,6027.7,8827.9,9468.1,14032,12398,11161,12140,11097,11996,10338,9222.7,11044,9853.4,6420.9,8964.6,11195,9882.3,9620,7634.4,11392,10075,6482.6,9081.8,12200,10405,9556.3,7719.7
14139,11688,16139,15678,13569,13274,12247,7966,9750.7,8889,9514.3,8568.4,10211,6817.6,3807.7,6118.1,11172,10955,10566,11019,11463,10924,9496.3,10624,6857.3,12884,5869.8,14784,12707,9802.7,9784.5,10767,8002,6234.9,8278.1,9238.3,5187.2,6145.3,9123.8,9833.5,13272,11508,10820,10647,9878.9,10478,10058,9767.6,14790,12300,15423,14904,14083,13631,12048,9646.5,11300,10641,10784,9560,10557,6320.2,3856.2,7667.7,11232,10605,12152,11221,11079,10865,10156,10491,7090.2,12688,6050.9,14682,12719,9607.5,9560,10236,9409.8,6676.3,8385.5,9120.2,7432.9,5973.2,8807.1,9513.7,14062,12401,11137,12120,11147,12154,10372,9233.7,11015,9849.8,6353.7,8950.9,11221,9850.2,9638.6,7658.7,11355,10090,6517.7,9107,12182,10394,9595.9,7727.7
14145,11720,16124,15681,13593,13282,12270,7949.4,9766.4,8881.3,9443.7,8541.6,10164,6874,3813.5,6120.2,11161,10932,10568,11003,11424,10908,9486.8,10574,6862.3,12880,5889.7,14789,12723,9792.3,9779.9,10809,8034.1,6202.5,8278.5,9268.9,5132.3,6146,9107.8,9836,13264,11535,10835,10694,9908.6,10483,10063,9767.1,14793,12292,15418,14908,14089,13611,12068,9648.6,11297,10642,10793,9557.3,10539,6244.9,3870.2,7678,11239,10589,12162,11217,11061,10835,10147,10478,7151.7,12698,6128.6,14714,12738,9590.7,9530.9,10265,9429.2,6655.3,8427.6,9104.4,7329.6,5986.3,8837.7,9509.2,14118,12431,11198,12150,11128,12066,10352,9222.4,11076,9809.5,6295.2,8960.9,11116,9864.4,9593.8,7653,11414,10119,6474.3,9108.2,12165,10367,9608.3,7715.5
14144,11670,16128,15680,13545,13276,12255,7964,9704.7,8867.9,9435.9,8552,10189,6844.9,3796.7,6125.7,11156,10939,10578,10997,11427,10929,9498.5,10572,6826.8,12882,5871,14834,12704,9787.1,9779.7,10760,7998.2,6196.3,8281.6,9243.8,5119.2,6165.8,9133.1,9822,13329,11544,10804,10718,9907,10511,10056,9775,14787,12261,15432,14904,14050,13589,12075,9647.7,11232,10614,10801,9548.8,10566,6200.3,3845,7683.8,11246,10588,12135,11224,11088,10859,10167,10473,7084.8,12655,6101.9,14698,12715,9569.1,9531.2,10242,9409.9,6658.5,8466,9113.6,7345.7,5946.9,8801.3,9491.2,14080,12421,11168,12098,11094,12047,10385,9241.9,11059,9854,6291.7,8964.6,11017,9866.9,9583.8,7645.5,11428,10061,6483.4,9074.7,12106,10360,9610.3,7733
14149,11736,16120,15700,13545,13298,12245,7925.7,9679.3,8875.9,9419.8,8538.4,10177,6839.6,3807.7,6141.3,11166,10924,10577,11002,11437,10928,9490.6,10566,6789.7,12845,5878.6,14848,12715,9775.4,9797.4,10749,8009,6233.1,8274.2,9226.1,5129.2,6173.3,9109.7,9819.6,13283,11527,10803,10753,9932,10501,10021,9765.6,14792,12258,15437,14916,14094,13623,12042,9610.8,11252,10633,10800,9536.4,10556,6185.9,3868.4,7653.8,11246,10593,12127,11245,11097,10843,10125,10453,7055.7,12665,6103.1,14730,12759,9612.6,9556,10248,9374.4,6661.9,8408.9,9100,7415.2,5965.7,8823.4,9491.6,14043,12419,11158,12175,11140,12051,10325,9225.7,10989,9841.7,6393.5,8970.6,11185,9871.8,9585.4,7645.8,11464,10085,6458.2,9108.9,12293,10401,9591.8,7737.7
14117,11756,16116,15658,13553,13263,12264,7966.2,9672.2,8898.8,9425.4,8543.9,10200,6862.2,3787.5,6120.7,11168,10979,10587,11045,11423,10918,9496.3,10593,6810.2,12844,5854,14823,12697,9797.8,9795.2,10794,8000.9,6211.5,8349.5,9257.5,5145.2,6161.5,9128.5,9813.3,13270,11522,10809,10662,9995.1,10478,10153,9761.8,14779,12274,15429,14904,14090,13605,12047,9631.9,11270,10633,10793,9568.6,10567,6242.9,3853.4,7663.7,11237,10613,12175,11278,11090,10834,10122,10490,7047.8,12705,6052.3,14712,12733,9618.4,9598.1,10270,9427.9,6683.9,8417,9094.7,7346.9,5975.5,8817.2,9508.9,14109,12411,11161,12204,11072,12046,10389,9262.3,10980,9838.1,6363.7,8963.1,11112,9852.2,9599.2,7623.8,11422,10058,6422.9,9107.9,12177,10354,9573.1,7745
14109,11704,16143,15686,13562,13278,12260,7958.7,9731.2,8865.2,9455.8,8531.7,10205,6808.9,3787,6123.3,11174,10974,10588,11014,11435,10916,9481,10547,6790.1,12842,5914.9,14829,12702,9793.9,9784.5,10783,8026.3,6191.8,8299.1,9248.5,5118.2,6157.5,9114.3,9816.1,13283,11543,10799,10710,9884.9,10528,10070,9755.3,14773,12278,15428,14928,14080,13617,12057,9618.4,11231,10662,10780,9536.5,10564,6276.8,3843.5,7664.6,11242,10606,12168,11249,11090,10834,10138,10470,7052.6,12720,6137.9,14715,12733,9621.4,9573.8,10304,9395.4,6674.7,8418.5,9113.7,7316.3,6017.2,8828.7,9521.1,14030,12414,11184,12176,11107,12070,10346,9245.9,11012,9795.1,6293,8970.6,11092,9815.3,9587.2,7645.4,11432,10052,6538.6,9093.6,12137,10287,9566.6,7712.1
14120,11711,16125,15679,13551,13270,12245,7967.5,9714.4,8877.6,9431.9,8525.8,10205,6822.8,3790.9,6115.8,11188,10959,10589,11027,11430,10908,9500,10593,6844.2,12855,5895,14845,12714,9768.2,9774.4,10792,8038.2,6200.4,8290.7,9241.6,5154.3,6152.4,9126.3,9816.2,13334,11573,10854,10729,9901.4,10508,10070,9788.6,14774,12291,15421,14898,14033,13616,12054,9634.7,11202,10627,10744,9535.7,10544,6179.2,3822.4,7680.8,11232,10607,12169,11275,11046,10824,10135,10483,7073.6,12679,6068,14734,12751,9592.2,9534.5,10233,9380.9,6602.2,8353.6,9118.7,7308.6,6001.6,8803.5,9525.9,14056,12469,11195,12213,11178,12051,10331,9264.3,11016,9808.5,6331.7,8955.1,11148,9904.1,9597.7,7649.9,11454,10059,6487.6,9103.7,12187,10320,9598.1,7703.9
14106,11717,16113,15649,13579,13270,12256,7962.5,9682.2,8876.8,9413.5,8540.9,10169,6848.1,3761.9,6106.7,11194,10981,10625,11035,11433,10911,9501.4,10587,6836.8,12817,5880.9,14840,12699,9778.3,9787.7,10775,7986.7,6188.9,8236.7,9240.2,5131.6,6174,9133.1,9816,13304,11558,10815,10711,9914.9,10464,10051,9774.8,14762,12248,15417,14886,14011,13610,12036,9658.3,11240,10599,10726,9548.3,10560,6160.7,3812,7666.4,11247,10614,12159,11264,11082,10825,10136,10478,7055.9,12647,6051.8,14708,12754,9590.7,9569,10233,9403.1,6628.7,8329.4,9076.9,7357.1,5980.4,8779.1,9506.9,14081,12407,11168,12225,11120,12071,10313,9304.6,10993,9791.2,6288.7,8943.8,11110,9819.1,9609.7,7637.3,11398,10069,6460.9,9088.1,12154,10360,9635,7723.5
14115,11731,16091,15666,13569,13304,12259,7936.6,9667.8,8854.5,9408.1,8519.7,10187,6828.3,3774,6134.5,11180,10967,10620,11035,11377,10919,9490.5,10571,6779.2,12786,5895.8,14804,12721,9782.8,9757.9,10728,7999.4,6180.9,8301.2,9226.8,5114.4,6163.8,9108.5,9808.5,13270,11501,10821,10666,9936.6,10486,10075,9766.3,14776,12299,15393,14891,14038,13574,12064,9635.2,11205,10635,10751,9509.6,10525,6217.1,3824.3,7650.6,11256,10639,12179,11247,11068,10821,10152,10425,7080.7,12654,6091.8,14693,12743,9600.8,9542.8,10249,9368,6632.2,8410.6,9118.4,7366.2,5983.4,8824.3,9517.1,14074,12397,11183,12137,11150,12003,10335,9259.8,10987,9813.9,6410.9,8962.1,11118,9764.8,9590.7,7632.9,11385,10048,6491.8,9078.2,12089,10343,9591.1,7734.3
14120,11737,16121,15659,13564,13264,12265,7950.3,9641,8877.5,9429.7,8515.4,10159,6866.8,3768.6,6115.5,11194,10981,10636,11027,11382,10917,9496.7,10571,6792.8,12815,5869,14852,12745,9782.3,9776.4,10722,8003.6,6164.7,8306,9242.6,5112.6,6159.1,9103.8,9818.9,13334,11499,10821,10656,9896.8,10474,10039,9791.1,14775,12278,15404,14895,14050,13602,12051,9624,11278,10625,10764,9527.6,10528,6224,3811.1,7677.4,11245,10630,12179,11239,11054,10815,10139,10431,7100.8,12642,6121.9,14705,12719,9593.1,9539.9,10211,9377.3,6586.7,8429.8,9084.9,7360.2,5986.2,8802,9517.6,14065,12381,11154,12116,11100,11940,10298,9300.2,10939,9830.5,6337.4,8968.9,11186,9823.6,9581.3,7645.8,11400,10048,6435.2,9065.5,12092,10332,9606.1,7717.4
14134,11658,16112,15679,13622,13296,12260,7958.1,9681.7,8824.9,9396,8521.4,10186,6874.4,3767.6,6119.8,11193,11012,10613,11027,11418,10927,9511.8,10580,6831.9,12788,5869,14837,12710,9770.4,9789.7,10692,8045.1,6181.3,8275.1,9249.5,5187.6,6144.8,9123.8,9844.4,13289,11524,10811,10644,9827.1,10434,10008,9787.4,14782,12244,15431,14893,14062,13597,12045,9602.8,11242,10611,10762,9528.2,10535,6226.3,3846.7,7662.1,11260,10608,12188,11253,11062,10824,10161,10469,7082.1,12630,6101.6,14678,12722,9617,9551.1,10211,9396.7,6608.8,8381.4,9093,7417.8,5988.8,8804.1,9510,14032,12415,11168,12065,11141,11973,10308,9280.7,10959,9786.9,6375.8,8925.4,11077,9838.3,9589,7623.5,11397,10015,6497.3,9080.9,12280,10325,9598.2,7701.8
14155,11689,16134,15707,13616,13290,12250,7947.5,9710.7,8841,9459.8,8519.1,10205,6823.6,3780.5,6117.5,11204,10979,10631,11020,11416,10929,9493.1,10560,6834.3,12812,5836.4,14873,12715,9774.6,9772.8,10692,8021.9,6189.4,8273.3,9245.9,5142.1,6175.8,9125.6,9841.1,13305,11513,10808,10683,9928.3,10432,10036,9771.2,14784,12214,15415,14895,14115,13649,12046,9618.2,11164,10601,10749,9517,10533,6192.1,3831,7648.9,11259,10639,12194,11248,11087,10822,10139,10459,7066.4,12649,6032.3,14666,12736,9617.9,9512.7,10205,9423.3,6634.3,8407.6,9082.7,7402.1,5966.9,8819.7,9507.9,14044,12406,11153,12112,11111,11953,10328,9278.5,10936,9772.5,6276.1,8936.1,11100,9871.9,9594.2,7614.1,11413,10019,6525.9,9079.2,12078,10283,9578.6,7716.2
14157,11708,16169,15695,13611,13308,12258,7960.4,9710.5,8877.5,9470.5,8533,10220,6838.4,3784.8,6094,11185,11017,10623,10998,11439,10922,9477.5,10563,6839.8,12803,5820.5,14867,12750,9793.2,9771.9,10723,8074.1,6175.4,8215.6,9246.7,5090,6114.9,9125,9825.4,13308,11474,10764,10658,9878.7,10464,10027,9773.1,14804,12246,15424,14906,14093,13647,12058,9616.7,11218,10647,10823,9517.9,10530,6167.2,3855.2,7639.1,11238,10585,12141,11239,11076,10808,10123,10478,7095.4,12663,6085.2,14693,12745,9581,9535.9,10211,9390.9,6574.6,8392,9097.9,7358.9,5943.7,8800.9,9512.9,14123,12387,11181,12062,11104,12059,10303,9274.3,10966,9786.4,6387.9,8936.5,11160,9811.9,9599.4,7640.4,11334,10001,6453,9092.1,11939,10310,9655.5,7727.8
14160,11681,16145,15690,13644,13304,12235,7956.3,9709.8,8818.7,9474.1,8539.2,10192,6852.4,3797.2,6154.2,11182,10990,10636,10994,11441,10923,9489,10555,6849.1,12805,5890.3,14841,12680,9788.1,9783.7,10716,8055.5,6166.1,8255.3,9224.6,5137.1,6141,9129,9864.7,13322,11466,10759,10677,9818.6,10458,10022,9790.7,14800,12247,15426,14890,14106,13634,12039,9626.9,11245,10629,10808,9514.9,10531,6249,3843.8,7626.5,11234,10595,12151,11242,11075,10802,10139,10495,7100,12630,6116.4,14733,12750,9563.4,9534.4,10202,9376.9,6603,8395.1,9086,7313,5983.1,8809.8,9503.9,14017,12363,11147,12100,11114,11929,10313,9286,10981,9809.5,6356.7,8903.7,11214,9830.5,9600.5,7610.4,11363,10041,6485.4,9065.3,12173,10389,9616.6,7693.1
14177,11653,16151,15713,13622,13292,12248,7971.3,9648.3,8858.8,9473.9,8531.1,10200,6842.8,3804.3,6126.6,11180,10975,10647,10996,11428,10936,9484.5,10560,6841,12772,5895.1,14846,12711,9790.8,9777.1,10676,8061.4,6172.8,8246.3,9231.2,5119.7,6160.4,9120.5,9838.3,13252,11512,10806,10696,9904.9,10464,10009,9812.4,14803,12235,15435,14910,14080,13645,12036,9618.6,11197,10597,10809,9520.4,10522,6226,3806.7,7622.3,11248,10557,12132,11232,11074,10822,10136,10456,7094.5,12586,6098.2,14712,12708,9595.9,9503.1,10192,9375.9,6638.3,8459.3,9075.1,7363.9,6004.9,8790.5,9520.7,13991,12347,11157,12119,11153,11952,10334,9314,10948,9791,6320,8911.3,11110,9871.2,9582.3,7635,11362,10027,6482,9091.3,12132,10375,9614.2,7705.6
14184,11714,16142,15700,13644,13338,12247,7959,9699.5,8835.5,9462,8531.8,10207,6811,3785.4,6102.9,11169,10971,10630,11025,11430,10937,9493.2,10545,6830.8,12796,5907.8,14840,12659,9792.9,9751.3,10715,8046.3,6213.4,8286.5,9246,5107,6146.6,9148.4,9843.8,13332,11504,10780,10709,9908.3,10513,10033,9823.6,14803,12263,15407,14902,14143,13633,12045,9630.2,11171,10563,10847,9521.5,10523,6258.6,3829.2,7670.3,11239,10554,12165,11231,11074,10819,10144,10482,7069.6,12623,6162.9,14683,12707,9545.4,9505.4,10196,9427.7,6677.5,8352.7,9097.7,7380,5952.8,8827.3,9544.6,14023,12389,11130,12110,11134,11977,10277,9297.8,10913,9814.5,6231.2,8922.8,11155,9812.9,9607,7633.2,11337,10048,6506.9,9082.1,11933,10334,9640.4,7702.3
14204,11715,16142,15686,13651,13300,12236,7960.2,9697.6,8861.6,9466.3,8544.9,10180,6899.3,3790,6112.8,11177,11005,10618,10994,11435,10918,9485.7,10538,6862.5,12768,5866.2,14870,12695,9784.4,9772.4,10723,8042.9,6224.2,8303.4,9235,5118,6101.7,9123.5,9811.3,13330,11507,10780,10674,9902.5,10484,10065,9821.5,14823,12275,15437,14885,14081,13609,12031,9628.1,11199,10558,10817,9533.5,10525,6267.8,3831.9,7643.1,11226,10612,12156,11238,11077,10819,10144,10449,7109.6,12612,6072.4,14745,12764,9581.7,9511.9,10192,9404.5,6664.2,8377.2,9092.9,7365.6,5950.5,8802.8,9536.2,14035,12404,11180,12195,11185,11981,10265,9329.8,10933,9808.3,6264.3,8909.4,11150,9748.7,9602,7630.3,11350,10058,6519.7,9043.1,12038,10299,9573.5,7701
14186,11658,16125,15703,13607,13300,12253,7975.5,9685.1,8887.7,9474.7,8551.8,10210,6886,3799,6093.5,11164,10947,10588,10988,11453,10910,9487.6,10547,6863.2,12779,5871.2,14890,12689,9812.9,9780.5,10720,8063.1,6199.5,8253.9,9229.4,5133.2,6145.9,9112.4,9826.2,13343,11503,10767,10671,9880.2,10451,10012,9800.1,14816,12237,15431,14884,14145,13648,12030,9645.1,11160,10646,10818,9549,10521,6241.2,3814.3,7628.3,11231,10574,12171,11218,11090,10807,10143,10448,7146.7,12614,6103.6,14749,12722,9602.8,9510.5,10175,9436.6,6634.4,8389.8,9074.7,7386.6,5972.6,8786.8,9533.5,14020,12391,11150,12065,11170,11994,10284,9255.5,10975,9829.2,6337.7,8940.2,11142,9801.8,9579,7635.2,11456,10044,6478.2,9088.7,12024,10361,9595.1,7711.2
14191,11683,16151,15718,13675,13318,12255,7975.8,9679.7,8887.5,9468.9,8533.8,10215,6928.3,3803.8,6110.5,11172,10950,10625,11002,11458,10925,9485.7,10525,6917.6,12772,5916.2,14885,12714,9815,9788.5,10718,8054.3,6205.2,8254.3,9233,5127.4,6176,9121.1,9832.5,13307,11520,10820,10736,9937.3,10430,10036,9796.8,14824,12262,15416,14896,14124,13629,12043,9643.1,11176,10633,10814,9544.1,10505,6284.7,3833.3,7635.7,11228,10579,12196,11235,11091,10805,10151,10468,7128.5,12603,6076.4,14735,12701,9581.7,9514.7,10164,9436,6681.2,8369.5,9101.5,7345,5972,8801.5,9526.1,14012,12414,11182,12166,11163,12007,10340,9292,10934,9817.8,6355.6,8934.2,11161,9810.8,9605.7,7619.8,11380,10054,6457.7,9091,12014,10349,9612.8,7702.8
14205,11717,16137,15695,13640,13312,12247,7973.5,9675.1,8879.7,9482,8551.5,10205,6912.7,3781.5,6094.9,11160,10963,10611,10991,11460,10924,9467.8,10561,6846.9,12716,5885.3,14900,12701,9789.1,9780.6,10756,8064.6,6193.3,8290.3,9242,5158,6133.5,9121.5,9815.2,13290,11502,10796,10688,9936.3,10487,10034,9777.7,14824,12249,15431,14887,14117,13645,12036,9651.7,11185,10609,10825,9550.1,10529,6269.2,3833.8,7626.4,11232,10579,12205,11239,11124,10821,10122,10452,7128,12612,6080.5,14741,12701,9591.9,9538.7,10215,9464.5,6674.7,8418.6,9088.7,7351.3,5976.5,8828.5,9511,14101,12426,11205,12133,11110,12056,10307,9273.2,10950,9839.7,6273.6,8960.1,11035,9845,9611.9,7631.6,11295,10097,6468.4,9096,12083,10410,9631.5,7699.2
14198,11715,16140,15724,13605,13252,12248,7968.4,9740,8872.7,9434.5,8554.4,10206,6877.1,3793.9,6093.1,11153,10973,10616,11002,11481,10935,9490.9,10529,6810,12723,5835.2,14878,12710,9817.9,9791.6,10739,8056.1,6172.9,8275.7,9237.2,5160.9,6117.6,9111.4,9840.7,13273,11487,10790,10692,9888.9,10464,10116,9777.2,14821,12270,15424,14904,14073,13647,12037,9637,11196,10607,10841,9547.1,10535,6271.6,3823.1,7653.5,11227,10575,12168,11245,11119,10830,10140,10440,7085.9,12600,6149.7,14772,12715,9609.6,9550.8,10189,9403.9,6668,8416.7,9093.8,7339.3,5975,8801.3,9526,14041,12346,11198,12044,11144,11981,10238,9233.2,11021,9842.3,6259.4,8951,11144,9857.3,9577.1,7634.8,11379,10081,6510.2,9078.9,12184,10388,9562.4,7711.4
14188,11735,16129,15687,13630,13299,12229,7966.2,9681.2,8887.4,9459.4,8546.6,10177,6912,3806.3,6086.6,11157,10950,10585,11002,11462,10916,9502.5,10578,6884.8,12728,5859.1,14884,12721,9817,9792.1,10740,8013.3,6159,8269.9,9222.4,5151.4,6145.5,9107.4,9830.8,13340,11502,10793,10704,9889.6,10517,10116,9803.8,14824,12275,15417,14887,14120,13634,12034,9660.6,11181,10603,10878,9535.5,10551,6280.7,3851.3,7627.9,11219,10565,12183,11248,11130,10823,10150,10480,7177.5,12613,6080.8,14769,12762,9614.4,9556.4,10210,9450.2,6692.6,8453.5,9093,7376.4,5970.3,8823.6,9506.1,14078,12412,11212,12100,11155,12054,10287,9270.3,11006,9842.6,6407.4,8920,11179,9820.1,9600.9,7610.8,11418,10072,6483.3,9058.5,12064,10359,9621.8,7705.7
14184,11692,16129,15701,13594,13253,12241,7969.6,9677.8,8865.7,9461.2,8525.1,10170,6875.8,3779.4,6099.8,11169,10946,10562,10986,11475,10917,9483.1,10505,6874.6,12762,5836.2,14880,12686,9805.5,9803.8,10708,8027.4,6181.1,8326.9,9222.9,5130.7,6161.2,9093,9804.9,13334,11503,10767,10689,9923.9,10447,10082,9781.8,14824,12216,15434,14873,14138,13614,12036,9667.3,11188,10612,10849,9545.3,10531,6249.2,3804.3,7611.1,11239,10580,12156,11247,11118,10815,10121,10417,7131.2,12633,6152.3,14717,12751,9610.3,9532.2,10207,9414.7,6650,8407.3,9091.8,7367.8,6004.3,8822.1,9493.7,14065,12404,11166,12060,11104,12018,10288,9290.5,10993,9861.8,6288.8,8937,11038,9824.7,9593,7616.4,11399,10067,6498.4,9064.1,12091,10334,9609.8,7696
14190,11700,16148,15695,13601,13270,12242,7946.7,9722.3,8882.4,9472.3,8564.3,10217,6896.6,3798.2,6086.3,11177,10966,10600,11000,11475,10922,9466.6,10546,6854.7,12764,5889.5,14889,12712,9835.9,9815.3,10752,8059.2,6156.6,8334.8,9228.9,5133.3,6132.2,9105,9814.3,13223,11500,10794,10682,9935.3,10467,10102,9790.4,14828,12251,15433,14892,14038,13603,12060,9638.5,11194,10620,10785,9553.6,10539,6275.8,3839.3,7612.8,11240,10616,12165,11239,11125,10842,10145,10463,7147.6,12613,6131.1,14707,12738,9620.2,9575.9,10204,9389.3,6656,8446.9,9085.1,7362.7,5986.6,8806.8,9513.8,14083,12366,11182,12129,11101,11950,10337,9262.3,10956,9831.7,6353.1,8953.6,11133,9812.7,9614.7,7640.5,11346,10130,6456.9,9081.6,12055,10363,9626.4,7711.3
14179,11702,16131,15685,13622,13273,12250,7952.8,9725.2,8910.9,9494.2,8571.3,10196,6878.5,3793.2,6090.8,11158,10951,10592,11014,11475,10945,9482.5,10588,6853.8,12763,5885.4,14872,12708,9841,9819.8,10759,8047.1,6179.9,8339.7,9237.8,5103.9,6165.3,9077.4,9823.4,13252,11510,10781,10688,9881.6,10474,10038,9789.8,14820,12259,15415,14877,14072,13578,12046,9663.6,11262,10633,10851,9563.5,10565,6236.3,3849.9,7641.5,11247,10583,12154,11229,11129,10837,10149,10474,7135.7,12603,6169.1,14712,12725,9599,9554.3,10178,9414.6,6663.4,8459.8,9084.7,7370.4,5949.1,8825.2,9523.2,14006,12380,11137,12104,11164,11990,10380,9271.9,10977,9880.3,6344.9,8935.5,11118,9843.2,9602,7615.4,11341,10068,6515.7,9058.8,12122,10335,9608.1,7703.7
14204,11662,16146,15720,13621,13286,12258,7990.4,9732.9,8870.9,9450.2,8574.5,10186,6845.6,3792.8,6124.4,11160,10950,10573,11006,11474,10927,9475,10559,6884.8,12798,5856.7,14883,12719,9837.2,9824.1,10760,8059.3,6203.4,8314,9240.1,5106.8,6162.3,9132.8,9809.2,13241,11528,10794,10701,9863.8,10496,10148,9782.8,14812,12252,15418,14888,14109,13605,12044,9662.8,11227,10618,10849,9561.4,10531,6197.1,3835.2,7639.8,11250,10561,12141,11219,11139,10841,10132,10455,7129.6,12617,6133.3,14699,12761,9609.2,9562.3,10186,9427.9,6659.8,8405.9,9113.4,7382.8,5948.8,8791,9483.2,14021,12354,11165,12114,11108,12015,10338,9258.6,10964,9876.2,6288.9,8929,11097,9853.1,9638.3,7621.8,11312,10066,6499.6,9081.6,11999,10358,9583.1,7698.8
14189,11712,16134,15723,13565,13285,12255,7984,9745,8868.4,9478.3,8547.5,10199,6856.5,3752.9,6123.3,11174,10948,10591,10982,11486,10934,9494.8,10555,6892.7,12789,5866.4,14888,12721,9809.1,9805.6,10765,8066.6,6176.4,8269.1,9222.7,5167,6171.7,9131.8,9828.6,13237,11539,10781,10709,9901,10458,10071,9782,14814,12282,15406,14891,14073,13586,12037,9623.1,11192,10619,10835,9534.6,10557,6219.6,3839,7631.3,11233,10560,12117,11207,11127,10840,10130,10443,7074.5,12590,6086.9,14706,12717,9608.1,9565.2,10259,9401,6633.6,8446.2,9126.1,7382.7,5957.1,8818.4,9506.4,14011,12362,11178,12107,11132,12053,10339,9244.3,10979,9899.9,6366.4,8962.8,11178,9840.4,9628.9,7633.1,11396,10104,6460.4,9088.1,12139,10391,9601.9,7707.6
14177,11696,16131,15709,13598,13308,12249,7972.2,9725.5,8897.4,9487.6,8547.7,10221,6849.8,3785.3,6144.3,11167,10935,10594,11008,11450,10930,9475.6,10590,6846.4,12776,5948.9,14856,12682,9826.8,9828,10747,8013.3,6201.4,8334.2,9236.7,5162.3,6176.2,9119.8,9819.8,13226,11534,10816,10686,9917.7,10475,10071,9783.5,14790,12237,15402,14871,14062,13566,12022,9627.4,11209,10615,10873,9550.2,10552,6193.1,3824.9,7649.6,11239,10536,12125,11218,11133,10839,10122,10476,7135.6,12589,6094,14703,12710,9581.6,9571.7,10230,9399,6642.9,8414.2,9115.1,7350.2,5960.2,8848.9,9498.5,13990,12341,11170,12025,11152,12048,10323,9233.1,10977,9873.7,6233.4,8948.6,11044,9869.1,9624.6,7645.6,11378,10125,6496.7,9108.8,12075,10362,9628.3,7693.1
14183,11678,16164,15724,13600,13300,12244,7986.5,9748.1,8887.7,9513.9,8552.8,10221,6856.9,3791.8,6117.5,11173,10930,10573,10998,11457,10959,9483.1,10584,6854.4,12817,5923.2,14842,12711,9826.4,9824.8,10732,8039.2,6187.8,8257.1,9237,5127.5,6169.7,9131.4,9831.8,13240,11541,10806,10710,9952.7,10471,10069,9757.9,14810,12251,15405,14884,14053,13582,12029,9634.9,11175,10627,10836,9544.8,10558,6234.8,3841.6,7668.4,11247,10579,12145,11230,11107,10847,10141,10464,7138.6,12589,6121,14677,12707,9596.5,9554.4,10239,9396.2,6634.5,8443,9110.5,7366.9,6003.7,8837,9524.8,14034,12368,11198,12079,11172,12129,10365,9240.2,10993,9876.9,6402.6,8956.3,11118,9818.5,9608.5,7654.1,11419,10103,6505.4,9098.7,12043,10385,9618.6,7701.1
14185,11721,16147,15711,13655,13287,12258,7977,9678,8879,9525,8543.7,10227,6898,3805.6,6116.6,11172,10964,10611,11022,11465,10964,9481.1,10531,6896.5,12788,5839.4,14838,12684,9831,9824.4,10748,8025.2,6220.9,8308,9293.6,5106.4,6178,9135.3,9830.7,13247,11522,10821,10700,9892.5,10473,10084,9788.5,14788,12261,15388,14873,14075,13563,12032,9647.5,11212,10594,10769,9546,10555,6286.6,3845.5,7666,11233,10584,12129,11214,11085,10860,10144,10453,7114.2,12576,6049.1,14669,12726,9588.6,9552.4,10227,9416.1,6654.7,8384.8,9100.2,7408.8,5960.9,8846,9528.3,14004,12415,11212,12128,11136,12022,10313,9277.5,11003,9892.3,6311.5,8952.9,11178,9884.3,9589,7611.4,11361,10092,6440.2,9100.3,12112,10329,9582.1,7713.7
14168,11704,16129,15715,13614,13322,12269,7961.8,9690.1,8894.6,9517,8558.5,10226,6929.4,3784.3,6107.3,11184,10966,10614,11009,11447,10968,9475.3,10544,6875.5,12775,5925.8,14832,12673,9797.8,9838.1,10728,8051.7,6235.3,8292,9252.1,5152.5,6148,9159.8,9821.8,13128,11494,10768,10691,9882.3,10491,10063,9783.2,14794,12261,15401,14879,14122,13594,12047,9615.5,11273,10614,10815,9544.4,10548,6235,3837.1,7657.6,11254,10555,12122,11207,11068,10847,10127,10438,7080.2,12627,6126.8,14667,12681,9589.8,9542.3,10215,9428.2,6659.2,8382.8,9117.5,7397.8,5986.2,8864,9521.9,13967,12355,11212,12115,11146,11942,10334,9260.3,10962,9830.4,6402.2,8982.8,11117,9927.8,9622.2,7617.4,11339,10131,6445.4,9069.6,12008,10340,9573.4,7730.2
14157,11696,16116,15695,13590,13266,12269,7959.8,9709.2,8868.2,9483.8,8550.4,10202,6886.7,3806.1,6113.9,11184,10963,10610,11004,11448,10969,9505.3,10515,6858.2,12803,5880.4,14815,12713,9804.5,9801.3,10733,8040.6,6212.6,8285.6,9242.9,5151.8,6138.4,9147.4,9842.2,13168,11537,10840,10699,9881.8,10517,10028,9786.3,14785,12226,15412,14866,14072,13604,12065,9608.5,11239,10626,10835,9532.1,10552,6233.8,3868.7,7647.2,11256,10567,12131,11206,11093,10854,10144,10417,7125.5,12611,6082.2,14627,12713,9593.2,9537.9,10202,9391,6672.5,8439.4,9101.8,7366.5,6041.3,8858.3,9545.6,13961,12365,11200,12130,11117,11987,10320,9263.2,10984,9856.8,6304,8958.2,11135,9785.8,9640.7,7633.3,11304,10125,6439.6,9110.3,12125,10343,9619.4,7714.7
14170,11681,16132,15699,13584,13286,12255,7971.5,9651.5,8878.5,9505.5,8565.4,10187,6854.1,3790.6,6128.3,11178,10969,10573,11001,11454,10956,9486,10485,6858.6,12807,5860.9,14785,12694,9787.4,9809.5,10683,7993.2,6182.7,8234.9,9215.8,5133.1,6135.1,9115.8,9852.9,13178,11496,10803,10691,9913.1,10470,10010,9764.6,14782,12228,15427,14873,14088,13582,12046,9647.8,11207,10588,10788,9537.4,10543,6243.6,3853.3,7686.8,11261,10556,12143,11190,11067,10864,10148,10388,7129.6,12657,6070,14615,12675,9588,9534.5,10178,9396.1,6655.4,8398.6,9049.3,7366.5,5994.5,8836,9507.7,13954,12366,11181,12110,11140,12017,10243,9296.5,11011,9882.9,6336.7,8915.2,11187,9837.8,9594.7,7630.2,11422,10126,6450.9,9075.5,11962,10385,9617.6,7714.5
14148,11666,16174,15701,13599,13269,12254,7948.5,9663.1,8846.2,9512.8,8546.5,10178,6843.1,3785,6101.6,11177,10959,10582,10996,11460,10954,9498.8,10459,6897.3,12828,5920,14843,12672,9793,9801.3,10678,8031.9,6213.3,8260.2,9204.6,5103.6,6158.3,9107.5,9835.5,13240,11514,10807,10670,9956.5,10490,10015,9772.3,14760,12221,15402,14894,14079,13583,12040,9634.9,11213,10632,10797,9536.3,10531,6257.9,3861.8,7669.6,11258,10543,12122,11202,11069,10844,10148,10385,7033.8,12647,6067.9,14662,12696,9562.3,9503.3,10161,9387.8,6694.8,8391,9077.7,7351.8,6005.5,8798.4,9493.8,13967,12352,11202,12101,11189,11992,10154,9257.9,11027,9874.7,6361.8,8948,11138,9857.8,9634,7604.9,11355,10107,6447.8,9106.9,12160,10319,9610.7,7726.1
14169,11657,16151,15704,13619,13302,12247,7976.5,9676.6,8881.9,9520.1,8568.8,10192,6841.4,3786.4,6143.1,11182,10981,10579,10990,11467,10958,9495.2,10481,6848.9,12784,5869.3,14787,12691,9797.4,9785.9,10682,8014.6,6208.1,8339.8,9197.1,5165.2,6145.4,9136.9,9843.6,13233,11538,10800,10676,9881.5,10449,9981.5,9783.4,14778,12236,15416,14894,14097,13576,12043,9639.3,11279,10589,10788,9551.6,10538,6179.3,3859.9,7661.5,11251,10558,12116,11176,11052,10852,10152,10408,7091.6,12641,6145.6,14695,12702,9563.2,9493.7,10166,9386.9,6659.2,8417,9082,7400.8,5979.2,8808.2,9507,13962,12357,11146,12114,11241,12035,10228,9258.9,10960,9892.7,6358.3,8949.9,11159,9846.6,9621,7630,11382,10126,6437.6,9059.5,12113,10334,9589.8,7698.4
14154,11693,16192,15717,13601,13273,12264,7956.4,9710.8,8867.6,9491,8541.5,10188,6836.6,3787.8,6115.9,11198,10965,10593,10995,11449,10966,9488.7,10499,6876.8,12840,5849.5,14817,12673,9790.8,9763.7,10712,8041.6,6244.6,8264.7,9223.1,5139.2,6171.9,9102.6,9839.7,13223,11536,10784,10681,9930.3,10455,9998.1,9771.6,14785,12242,15426,14890,14106,13593,12047,9656.7,11229,10627,10825,9551,10542,6222.5,3849.6,7656.8,11249,10568,12131,11187,11052,10858,10162,10418,7114.5,12636,6098.6,14660,12681,9590.8,9462.1,10195,9419,6695.1,8433.1,9103.1,7460.4,5998,8837,9495.7,13967,12382,11187,12100,11172,12046,10230,9231.5,11019,9944.1,6325.5,8969.7,11145,9885.5,9615.6,7642.2,11367,10126,6495.5,9081.8,12138,10393,9569.9,7697.8
14187,11674,16204,15695,13585,13324,12270,7974,9695,8867.8,9514.6,8576.9,10199,6880.4,3794.6,6136,11181,10967,10557,10970,11469,10960,9488.9,10482,6884.8,12804,5842.8,14834,12658,9786.2,9760.9,10670,8073.6,6230.8,8312.9,9218.8,5102.2,6171.5,9114.5,9809.9,13245,11529,10794,10705,9914.2,10543,10097,9748.4,14776,12254,15422,14894,14094,13583,12048,9634.5,11202,10613,10825,9547.2,10581,6248.8,3849.9,7657.9,11254,10545,12123,11164,11021,10837,10139,10418,7142.3,12629,6080.1,14686,12653,9540.2,9457.6,10173,9410,6752.4,8468.4,9091.2,7386.6,6022,8852.1,9506.6,13974,12382,11162,12188,11180,12001,10240,9244.4,10994,9873.5,6417.8,8980.6,11168,9928.8,9621,7639.1,11456,10126,6424.6,9125.5,12119,10434,9628.1,7713.5
14177,11680,16155,15709,13650,13339,12265,7978,9703.9,8878.8,9515.3,8563.2,10208,6892.6,3785.2,6155.9,11195,10967,10590,11000,11484,10982,9487.7,10531,6875.2,12814,5887.1,14816,12665,9770.7,9758,10729,8031.4,6237.8,8308.1,9223,5154.5,6170.3,9133.1,9838.2,13276,11517,10820,10696,9983.4,10527,10027,9778.1,14766,12266,15405,14891,14094,13581,12043,9641.4,11166,10642,10841,9540.5,10540,6203.1,3842.3,7661.7,11238,10568,12143,11183,11041,10850,10144,10431,7097.8,12666,6075.2,14671,12688,9535.1,9477.4,10198,9422.9,6679.4,8443.3,9078.4,7344.8,6038.2,8808.7,9517.8,13965,12406,11168,12185,11086,12052,10271,9254.7,11051,9876.2,6338.9,8961.5,11166,9868.8,9644.4,7646.4,11429,10113,6498.5,9079.8,12020,10410,9625.2,7710.1
14173,11703,16156,15696,13621,13310,12271,7977,9733.6,8891.7,9524.1,8576.7,10204,6917.8,3795.3,6129.5,11200,10961,10554,10998,11459,10979,9487,10555,6900.8,12786,5874.7,14840,12661,9773.4,9741.7,10741,8073.7,6233,8263.4,9242.6,5135.4,6128.7,9123.1,9828.7,13288,11539,10813,10709,9906,10507,10064,9778.6,14772,12273,15413,14874,14078,13598,12041,9657.1,11171,10602,10822,9529.1,10568,6252.5,3848.1,7685.6,11255,10554,12131,11176,11031,10846,10138,10450,7110.8,12657,6137.1,14679,12670,9534.2,9471.1,10195,9434.2,6663.1,8495.1,9091.7,7413.4,6004.1,8825.6,9522,13951,12414,11182,12096,11144,12035,10287,9252.8,11069,9921.3,6280.4,8977.3,11117,9894.5,9600.5,7633.1,11390,10108,6496.8,9100.2,12192,10364,9589.9,7724.1
14166,11673,16184,15655,13616,13291,12262,7988.4,9710.8,8878.1,9515.8,8600.8,10229,6902.1,3812.4,6102.8,11193,10947,10537,10975,11469,10952,9495.8,10539,6850.7,12833,5886.8,14853,12697,9748.1,9751.4,10708,8076.8,6166.1,8298.5,9239,5086.2,6162.3,9115.5,9831.4,13258,11549,10846,10698,9871.5,10515,9949.3,9799.2,14754,12236,15400,14848,14020,13568,12047,9637.8,11233,10595,10835,9555.5,10586,6265.9,3833.8,7654.7,11260,10561,12120,11175,11025,10836,10133,10465,7112.9,12639,6187.9,14689,12659,9560.6,9457.7,10185,9398.5,6626.5,8429.2,9083.2,7384.7,6003.7,8812.8,9505.2,13966,12354,11205,12176,11133,11995,10284,9294.4,10965,9936.7,6316.3,8933.3,11235,9902.3,9645.4,7639.5,11375,10122,6406.8,9078.2,12042,10380,9616.1,7725.4
14166,11683,16183,15670,13618,13308,12259,7983.8,9725,8867.1,9528.2,8552.4,10222,6892.3,3796.2,6102.6,11183,10958,10518,10980,11481,10961,9494.6,10555,6866.7,12812,5866.7,14837,12687,9780.3,9785.6,10740,8043.5,6185.2,8270.9,9236,5155.4,6157.6,9113,9833.4,13311,11523,10813,10681,9863.9,10449,10105,9778.8,14760,12268,15401,14870,14027,13601,12042,9633.9,11247,10571,10832,9525.7,10557,6271.3,3851.2,7659,11239,10554,12123,11197,11042,10839,10152,10458,7095.4,12636,6076.6,14712,12688,9541.8,9493,10198,9395.2,6650.5,8456.7,9092.7,7374,5971.3,8836.7,9523.3,14091,12408,11192,12158,11111,12000,10274,9270.2,10957,9884,6365,8910.9,11130,9857.2,9573.8,7620.7,11369,10099,6462,9059.6,12159,10402,9587.7,7701.5
14165,11715,16164,15646,13601,13289,12271,7999.8,9720.6,8909.5,9510.3,8583.1,10220,6901.8,3791.2,6109.3,11174,10966,10535,10997,11499,10965,9496,10598,6870.2,12849,5851.3,14857,12686,9794.5,9776.5,10787,8025.6,6184.4,8228.8,9264.3,5127,6136.9,9150.7,9844.6,13252,11528,10844,10722,9860,10532,10093,9778.6,14753,12275,15408,14859,14054,13577,12043,9651.1,11219,10599,10847,9528.7,10577,6262.6,3842.2,7682.2,11246,10573,12121,11204,11043,10837,10155,10499,7104,12684,6137.4,14690,12725,9584.7,9507.7,10215,9413.5,6678.4,8386.8,9112.7,7288.1,5975,8838.9,9535.2,14020,12388,11185,12147,11142,12023,10326,9300.5,10969,9919.4,6368.1,8958.5,11133,9887.2,9570.5,7609.9,11365,10116,6467.5,9086.5,12060,10367,9626.6,7678.2
14194,11720,16161,15654,13612,13285,12256,7988.9,9700.9,8863.2,9509.6,8574.6,10229,6852,3770,6139,11170,10961,10540,10992,11472,10949,9499.6,10631,6875.5,12824,5890.1,14849,12706,9808.1,9781.2,10781,8044.4,6198.5,8284.3,9269.9,5115.4,6151,9142.7,9829,13295,11532,10825,10653,9873.6,10436,10043,9791.8,14764,12263,15414,14871,14046,13597,12044,9638.5,11183,10623,10837,9545.3,10561,6257.7,3843.3,7678.3,11233,10578,12173,11217,11050,10833,10157,10494,7125.5,12643,6121.6,14721,12736,9597.8,9504.1,10252,9393.4,6666.3,8414.8,9081.7,7352.1,5969.8,8827.2,9529.3,14035,12407,11197,12147,11190,12028,10324,9264.3,10968,9881.6,6285.4,8970.3,11255,9937.5,9612,7631.5,11428,10141,6462,9113.7,12205,10420,9623.6,7696.5
14173,11707,16165,15660,13562,13326,12257,7977.7,9702.5,8850.5,9525.3,8581.6,10210,6888.8,3787.1,6125.8,11182,10961,10544,10979,11489,10959,9492.4,10633,6840.4,12807,5883.2,14857,12718,9791.7,9769.5,10781,8047.1,6205.3,8309.6,9277.3,5171.6,6146.2,9140.4,9843,13309,11526,10807,10703,9859.6,10473,10133,9794.7,14768,12263,15402,14867,14019,13603,12044,9652.1,11200,10630,10787,9542.3,10559,6249,3832.6,7666.3,11259,10558,12161,11222,11068,10850,10148,10506,7100.4,12637,6077.2,14753,12731,9586.7,9515.2,10222,9412.4,6625.6,8415.2,9119.7,7405,5970.4,8828.4,9570.2,14006,12420,11171,12172,11238,12036,10352,9260.3,11006,9899.8,6314.5,8972.4,11184,9906.9,9611.3,7639.5,11421,10106,6446,9109.3,12315,10403,9600.9,7712.4
14154,11706,16150,15666,13595,13325,12266,7973.9,9678.9,8885.9,9504.2,8568.8,10229,6879.4,3792.4,6116.2,11164,10956,10589,11017,11472,10962,9512.3,10637,6889.5,12813,5894.7,14881,12741,9814.3,9782.5,10828,8050.3,6210,8309,9285.1,5160.1,6154.8,9175.8,9860.9,13302,11535,10810,10631,9848.9,10477,10149,9809.8,14756,12277,15381,14865,14018,13575,12040,9651.5,11194,10662,10766,9549.8,10540,6248.5,3847.9,7659.9,11249,10581,12186,11226,11065,10857,10143,10561,7084.4,12636,6054.3,14708,12740,9584.9,9537.2,10289,9387.5,6652.8,8401.8,9123.6,7371.2,6003.1,8857.8,9558.9,14040,12422,11165,12248,11154,12031,10387,9292.1,10961,9875.3,6296.2,8996.5,11108,9856.1,9614.7,7627.3,11400,10120,6461,9084.2,12197,10392,9596.7,7710
14157,11730,16171,15645,13538,13293,12243,7949.4,9694.4,8867.5,9485.9,8555.5,10231,6921.3,3784.6,6141.3,11179,10962,10564,10999,11481,10957,9498.9,10614,6813.3,12780,5882.4,14868,12745,9826,9815.1,10806,8041.2,6167.8,8268.5,9279.6,5166.3,6169.7,9142.8,9868.7,13281,11550,10844,10640,9904.2,10466,10112,9813.4,14759,12273,15415,14859,14042,13627,12055,9634.6,11242,10637,10818,9548.7,10559,6257.6,3842.4,7673.6,11236,10589,12181,11251,11074,10849,10156,10469,7093.6,12637,6104,14732,12751,9603.4,9542.5,10274,9418.2,6661.4,8443.6,9129.8,7301.6,5989,8810.3,9537.7,14026,12402,11169,12134,11165,12023,10391,9292.4,10965,9902,6362.5,8962.3,11162,9856.2,9614.6,7642,11416,10107,6491.4,9083.5,12209,10404,9571.8,7717.3
14167,11708,16146,15642,13531,13297,12253,7987.3,9737.1,8902.3,9530.9,8575.2,10231,6928.4,3762.2,6138.8,11177,10954,10587,10997,11469,10926,9508.6,10602,6826.7,12787,5857.1,14863,12738,9834.5,9799.5,10801,8022,6178,8241.5,9254,5117.9,6159.5,9158.7,9852.1,13332,11537,10804,10680,9893.4,10458,10114,9766.6,14762,12259,15413,14853,14024,13652,12051,9641.4,11179,10627,10799,9539,10562,6258.3,3816.4,7657.5,11258,10577,12181,11237,11078,10843,10148,10498,7100.3,12647,6087.7,14749,12757,9608.8,9558.8,10283,9386,6649.5,8423.3,9132.8,7346.1,5957.1,8804.5,9537.5,14026,12366,11205,12118,11104,12036,10399,9248.4,10997,9860.9,6386.5,8975.7,11225,9859.9,9562,7630.1,11359,10135,6504.8,9112.6,12032,10363,9599.5,7703.1
14131,11733,16153,15693,13563,13347,12287,7986.6,9735.2,8936.1,9447.5,8526.1,10220,6906.3,3775.4,6130.6,11191,10972,10620,11024,11480,10936,9504,10620,6790.4,12794,5847.6,14874,12733,9827.9,9794.7,10825,8049.7,6169.7,8300.5,9263.9,5174.5,6161.4,9137.9,9868.3,13298,11549,10809,10752,9935.6,10476,10101,9795.6,14755,12253,15420,14861,14072,13640,12048,9639.2,11190,10619,10813,9508.7,10555,6249.5,3823.9,7671.9,11260,10595,12211,11240,11097,10851,10153,10490,7040.8,12629,6050.7,14710,12741,9596.8,9580.6,10280,9390.2,6644.4,8424.7,9126.4,7409,5999.3,8839.9,9535.1,14095,12400,11157,12131,11198,11988,10327,9280.8,10933,9881.3,6401.6,8929.4,11313,9881.4,9607.4,7634,11435,10100,6435.1,9071.2,12133,10323,9614.2,7704.2
14163,11711,16147,15666,13552,13315,12261,7974.8,9721.3,8890.7,9481.6,8556.4,10222,6884.2,3802.6,6116.9,11198,10965,10630,11022,11489,10924,9498.8,10580,6872.1,12804,5875.2,14882,12769,9790.2,9812.9,10839,8057.5,6194,8325.4,9253,5153.1,6168,9153,9884,13260,11509,10788,10684,9900.2,10447,10201,9765.8,14761,12255,15410,14858,14026,13579,12061,9641.1,11167,10653,10786,9539.8,10560,6233.2,3853.4,7660.2,11259,10629,12183,11242,11101,10844,10158,10444,7091,12609,6103.3,14700,12769,9642.8,9582,10290,9412.4,6678.3,8428.8,9121.5,7420.1,5979.2,8855.7,9555.5,14077,12418,11180,12149,11143,12057,10383,9225.5,10999,9873.8,6348.5,8952.1,11197,9886.1,9614.1,7630.2,11440,10107,6556.1,9103.5,12154,10353,9594.4,7717.8
14147,11704,16134,15663,13554,13282,12275,7973,9729.2,8907.6,9501,8557.1,10215,6926.4,3797.5,6098.8,11222,11004,10585,11009,11484,10923,9507.1,10555,6814.8,12789,5853,14908,12745,9819,9801.8,10789,8030.7,6229.7,8314.2,9245.3,5092.5,6131.6,9169.7,9873.1,13322,11530,10824,10678,9868,10448,10118,9788.8,14770,12263,15413,14869,14065,13617,12051,9620.1,11190,10607,10822,9549.1,10545,6240.9,3830.4,7673.9,11283,10630,12196,11249,11107,10840,10179,10456,7096.7,12630,6060.4,14714,12730,9601.8,9575,10247,9430.5,6627.2,8408.4,9095.2,7392.9,5989,8811.3,9545.5,14039,12395,11195,12135,11173,12028,10302,9265.2,11088,9843.8,6320.3,8953.5,11100,9823,9593.4,7634.9,11398,10049,6484,9103.2,12230,10394,9608.8,7719.5
14128,11683,16137,15661,13550,13289,12293,7971.5,9713.4,8912.1,9485.7,8546,10191,6911.2,3776.9,6096.1,11227,11002,10608,11002,11466,10935,9495.6,10587,6844.1,12780,5866.4,14869,12754,9812.1,9809.9,10760,8003.6,6150.2,8302.5,9226.8,5112,6162.2,9120.5,9864.7,13280,11542,10802,10697,9964.5,10477,10044,9788.9,14762,12254,15404,14865,13998,13574,12066,9622.6,11242,10610,10793,9554.5,10541,6230.5,3806.9,7664.6,11275,10648,12230,11247,11092,10851,10146,10483,7101.7,12610,6125.5,14764,12730,9590.6,9578.6,10268,9432.8,6676.9,8441.5,9091.2,7353.7,5972.6,8790.7,9513,14014,12411,11198,12134,11074,11933,10270,9258.2,11047,9843.8,6398.8,8960,11352,9794.6,9604.5,7656.8,11378,10077,6487,9128.4,12151,10374,9620.6,7712.5
14150,11680,16130,15669,13491,13248,12264,7957.3,9723,8871.6,9424,8538.8,10194,6880.6,3782.4,6125.1,11203,11000,10644,11016,11482,10930,9492.3,10563,6809.8,12770,5869.8,14862,12725,9803.8,9833.1,10792,7994.9,6167,8272.7,9233.5,5125.8,6173.5,9138.7,9868.2,13252,11514,10791,10659,9885.7,10452,10027,9777.7,14783,12259,15418,14875,14026,13610,12060,9637.2,11204,10629,10795,9523.3,10563,6267,3832.3,7682.5,11271,10643,12178,11286,11119,10856,10163,10462,7079,12604,6154.7,14756,12781,9655.8,9592.1,10243,9401.4,6645.4,8413.3,9097.6,7395.8,5982.5,8845.2,9527.6,13997,12391,11192,12096,11103,12072,10355,9243.4,11049,9852.1,6350.7,8943.9,11234,9814.6,9616.2,7639.4,11396,10081,6531,9100.5,12058,10324,9574.5,7714.1
14147,11682,16139,15685,13484,13276,12273,7951.5,9724,8910.7,9435.7,8551.2,10181,6823.3,3794.2,6141.6,11216,10993,10594,11004,11502,10921,9483.5,10593,6831.7,12770,5856.4,14848,12758,9831.7,9834,10767,8003.9,6212.2,8262.6,9228.1,5132.2,6150.3,9130.9,9855.5,13246,11487,10764,10717,9921.2,10399,10022,9746,14805,12264,15448,14889,14072,13633,12049,9637.4,11183,10637,10850,9565.7,10554,6233.2,3836,7667.9,11274,10648,12162,11226,11131,10838,10147,10461,7094.4,12607,6112,14772,12773,9649.4,9618.1,10269,9422.7,6678.8,8423.4,9084.8,7319.2,5961.9,8807.4,9519.1,14101,12349,11204,12054,11129,12033,10303,9247.9,10992,9788.1,6320.6,8921.1,11169,9874.4,9589.8,7635.2,11435,10009,6433.5,9080.5,12188,10371,9628.7,7710
14160,11683,16162,15676,13524,13278,12272,7951.3,9694.6,8863.2,9429.2,8529.2,10180,6859,3778.7,6123.6,11222,11021,10591,10995,11491,10921,9478.5,10598,6835.3,12753,5850.7,14874,12714,9834.5,9826.5,10743,8050.6,6195.9,8246,9245.8,5089.6,6152.7,9109.1,9856.6,13275,11489,10808,10757,9882.8,10465,10037,9769.2,14818,12257,15450,14911,14080,13652,12060,9631.2,11203,10640,10793,9561,10548,6232.3,3821.4,7663.5,11283,10659,12166,11260,11161,10851,10133,10500,7112.1,12552,6061.9,14760,12755,9640.6,9602,10272,9420.2,6645.7,8468.8,9094.7,7331.7,5976.2,8795.4,9522.1,14103,12348,11197,12092,11083,12034,10311,9230.2,11053,9814,6291.2,8948.3,11125,9816.9,9616.2,7624.4,11403,10056,6496.4,9115,12195,10349,9645.7,7695
14162,11699,16146,15720,13530,13243,12275,7952,9681.6,8848.2,9483,8556.9,10203,6846.5,3804.4,6145.3,11231,11014,10595,10986,11500,10948,9487.2,10549,6806.4,12760,5859.5,14892,12719,9838.9,9843.5,10725,8008.8,6187.8,8261.9,9230.2,5117.6,6195.2,9105.4,9839.9,13300,11469,10786,10675,9945.4,10492,10026,9752.4,14811,12250,15462,14901,14076,13660,12061,9621.8,11179,10614,10794,9585.7,10582,6306.5,3841.8,7681.8,11284,10653,12137,11254,11169,10853,10119,10472,7105.2,12595,6179.4,14751,12743,9642.7,9626.5,10243,9421,6628.5,8384.6,9082.4,7358.1,5979.9,8795.2,9512.4,14043,12377,11189,12100,11123,12021,10286,9228.7,10991,9770.2,6334.7,8976,11167,9842.6,9581.9,7621.8,11367,10053,6489.7,9086.6,12167,10374,9622.2,7718.8
14172,11643,16147,15697,13482,13255,12261,7968.9,9676.5,8868.4,9451.6,8565.1,10172,6836.4,3778.9,6150.7,11209,11013,10592,10971,11476,10934,9466.2,10528,6804.4,12730,5915,14892,12712,9839.4,9833.9,10657,7984.1,6177,8274.9,9227.5,5150.2,6162.4,9109,9802.9,13280,11487,10767,10709,9894.9,10471,10067,9727.6,14831,12243,15454,14901,14071,13632,12037,9650.3,11148,10629,10853,9582.3,10572,6273.3,3853.9,7642.6,11281,10666,12151,11250,11177,10845,10122,10401,7106.6,12590,6143,14759,12726,9629.7,9607.1,10202,9434.4,6662.7,8454.4,9060.8,7326.5,5992.1,8812.2,9485.3,14089,12379,11194,12095,11026,12014,10240,9199.6,11026,9823.2,6315.4,8984.9,11084,9764.5,9589.2,7628,11352,10030,6478.3,9073.7,12174,10293,9601.4,7728.1
14177,11711,16157,15706,13547,13228,12251,7959.4,9686.8,8861.2,9473.1,8557.7,10200,6864.9,3792.2,6105.6,11195,10981,10594,10975,11505,10931,9472,10497,6866.6,12735,5838.4,14896,12726,9814.2,9826.7,10711,8034.9,6200.1,8269.8,9213,5191.8,6106.3,9125.5,9834.7,13314,11480,10777,10712,9919.5,10461,9993.2,9725.3,14827,12241,15453,14893,14056,13630,12036,9663.7,11168,10609,10869,9605.4,10580,6274.3,3857.7,7662.3,11261,10625,12113,11246,11172,10852,10120,10408,7115.6,12591,6122.1,14765,12734,9628.2,9606.3,10168,9405.3,6633.8,8342.6,9075.9,7328.6,5965.1,8792.5,9480.7,14014,12332,11214,12056,11123,11987,10236,9207.6,10982,9784.5,6347.9,8958.4,11181,9793.3,9612.8,7624.9,11399,10062,6499.8,9104.5,12111,10361,9671.9,7702.5
14162,11712,16138,15696,13518,13217,12245,7958.8,9689,8872.7,9492.5,8536.1,10174,6878.7,3792.7,6096,11187,10965,10575,10981,11486,10927,9462.8,10511,6850.2,12759,5870.6,14877,12704,9831.4,9849.1,10735,8048.3,6213.1,8299.8,9220.7,5092,6141.7,9107.2,9810.5,13214,11501,10785,10696,9903.8,10506,10019,9716.4,14822,12287,15445,14917,14089,13638,12042,9638.5,11227,10627,10842,9587.9,10564,6278.6,3864.8,7634,11257,10614,12138,11248,11151,10849,10126,10445,7157.8,12601,6206.6,14788,12743,9656.3,9611.2,10194,9434.7,6633.3,8396.3,9074.2,7388.1,5965.8,8764.3,9484.2,14028,12388,11185,12130,11142,12090,10261,9193.5,10959,9787.6,6356,8945.4,11185,9874.5,9607.2,7656.1,11347,10048,6479.4,9061.1,12081,10321,9635.9,7713.3
14175,11710,16144,15704,13573,13269,12247,7972.8,9647.4,8898.9,9487,8550.4,10169,6885.1,3777.2,6102.2,11185,10962,10605,10972,11482,10934,9455.5,10527,6825.3,12759,5893.1,14868,12711,9813.2,9817.1,10725,8019.7,6197.7,8284.4,9206.2,5091.8,6165.2,9118.7,9801.6,13252,11511,10784,10700,9913.4,10478,9961.1,9740.4,14821,12260,15434,14930,14049,13645,12049,9663.1,11221,10629,10837,9574.5,10574,6308.7,3850.2,7650.5,11259,10643,12136,11254,11153,10867,10098,10422,7095.9,12604,6135.7,14730,12757,9641.7,9586.9,10166,9415.7,6714.4,8439.6,9071.8,7365.2,5959.6,8840.2,9482.9,14063,12354,11172,12122,11102,12008,10259,9215.2,10985,9762.1,6236.2,8922.7,11221,9840.7,9591.8,7635.4,11334,10015,6476.5,9125.4,12196,10339,9622.5,7725.4
14160,11677,16150,15701,13521,13240,12233,7963.4,9653.1,8887.6,9474,8560.4,10217,6871.4,3786.6,6122.4,11185,10961,10622,10990,11471,10947,9456.6,10574,6883.5,12751,5878.3,14875,12744,9840.8,9863.8,10722,8043.6,6209,8280.2,9226,5134.5,6144.3,9101.4,9810.5,13268,11479,10767,10690,9885.9,10442,10020,9727.7,14803,12238,15453,14917,14075,13603,12036,9652.6,11176,10618,10865,9580,10563,6205.8,3848.8,7661.6,11251,10635,12151,11247,11147,10873,10088,10458,7098.2,12621,6052.2,14691,12746,9638.4,9595.3,10185,9405.4,6700.5,8435.5,9060.5,7337.7,5943.9,8804.4,9471.5,14028,12374,11148,12193,11186,11989,10236,9210.8,10982,9779,6355.8,8963.6,11179,9881.7,9646,7630.3,11362,10057,6454.9,9084.6,12124,10375,9619.9,7722.6
14164,11686,16136,15705,13547,13245,12237,7947.8,9687.1,8889.6,9447.3,8542.8,10179,6854.3,3808.3,6141.5,11184,10989,10598,10989,11467,10965,9455.7,10550,6849.2,12752,5863.1,14859,12750,9863.2,9863.8,10714,8019.7,6204,8227.3,9233.4,5113.5,6152.2,9106.6,9825.1,13256,11500,10749,10693,9900.5,10469,10033,9746.3,14803,12213,15448,14924,14122,13592,12032,9646.4,11136,10628,10843,9567.5,10536,6212.4,3835,7672.7,11243,10652,12133,11266,11128,10891,10117,10433,7099.1,12617,6169.4,14747,12763,9630.6,9632.1,10207,9415.1,6693.4,8432.8,9095.1,7425.3,5988.7,8791.9,9505.1,14075,12382,11146,12103,11121,12010,10298,9214,10963,9800.2,6348.1,8965.4,11268,9845.7,9592.1,7617.3,11392,10052,6374.2,9056.4,12102,10358,9604.8,7685.1
14174,11685,16130,15704,13569,13204,12234,7964.7,9660.5,8875.7,9465.7,8557.3,10172,6833.1,3818.5,6153.2,11181,10999,10593,10941,11472,10964,9476.1,10483,6863.4,12776,5946.3,14878,12699,9825.7,9845.7,10714,8034.1,6202.9,8282.2,9236.8,5109.3,6164.3,9128.6,9825.8,13272,11454,10754,10668,9899.6,10463,10048,9760.5,14813,12255,15447,14930,14047,13619,12029,9616.8,11206,10614,10877,9576.3,10550,6258.1,3863.5,7679.3,11238,10637,12145,11246,11146,10899,10129,10416,7081.2,12592,6137.6,14699,12745,9639.2,9630.8,10202,9425.7,6687.8,8402.9,9088.5,7401.2,5961.8,8808.5,9491.4,14017,12361,11152,12142,11148,11985,10254,9240.8,10968,9806.6,6360.9,8945.3,11201,9841.9,9609.5,7631,11353,10046,6472.8,9077.8,12072,10380,9621.9,7690
14173,11673,16128,15682,13523,13234,12242,7967.1,9700,8862.2,9475.8,8567.3,10194,6891.8,3775.1,6105.4,11176,10936,10584,10978,11469,10955,9477.5,10519,6899.1,12757,5919.4,14893,12736,9830.7,9841.9,10691,8033.5,6198.4,8285.4,9221.7,5112.8,6142.4,9134.6,9827,13276,11495,10744,10682,9940.8,10485,10103,9762.5,14804,12239,15463,14919,14045,13656,12036,9619.9,11182,10608,10830,9558.6,10547,6222.9,3844,7662.8,11228,10626,12152,11225,11113,10889,10131,10436,7101.7,12660,6132.9,14715,12719,9635.5,9595,10184,9401.5,6700,8387.9,9074.8,7434.2,5990.6,8800.5,9482.6,14052,12365,11120,12089,11094,11969,10259,9250.9,10979,9826,6348.4,8953.6,11100,9848,9600,7624.2,11315,10034,6478,9047,12084,10302,9607.6,7715.8
14179,11703,16153,15694,13570,13236,12243,7989.7,9671.1,8856.3,9458.6,8551.3,10180,6871.8,3790.5,6101.2,11189,10988,10586,10975,11470,10953,9438.4,10481,6864.4,12761,5880.3,14871,12735,9809.1,9849.7,10677,8058.6,6165.3,8324.2,9211.9,5146.2,6150.5,9121.5,9803.1,13293,11476,10765,10668,9921.8,10426,9997.8,9739.7,14821,12205,15461,14895,14081,13626,12058,9623.5,11166,10612,10809,9586.1,10553,6229.6,3865,7670.8,11244,10640,12144,11228,11130,10888,10113,10370,7102.1,12641,6141.1,14729,12741,9636.3,9596.9,10204,9425.2,6659.3,8411.9,9078.4,7404.6,5972.2,8808.9,9463.5,14033,12367,11160,12155,11163,11993,10251,9204,10950,9796,6315.2,8945.4,11231,9871.2,9563,7636.4,11388,10031,6526.7,9065.7,12205,10331,9607.5,7720.4
14175,11698,16150,15703,13557,13228,12251,7968,9693.7,8887.8,9510.4,8533.5,10182,6884.2,3812.3,6115.6,11203,10982,10608,10975,11475,10953,9465.8,10470,6821,12757,5916.3,14907,12730,9853,9859,10708,8023.9,6182,8295.3,9242.3,5189.1,6145.6,9146.4,9797.5,13332,11523,10764,10737,9914.9,10463,10011,9714.5,14825,12261,15443,14912,13997,13607,12047,9641,11106,10661,10824,9554.7,10552,6233.6,3855,7659.4,11256,10624,12151,11245,11131,10874,10113,10386,7079.3,12612,6113.6,14734,12754,9647.5,9590.4,10191,9426.3,6677,8469.5,9080.6,7365,6026.4,8809.7,9484,14059,12423,11198,12084,11191,12091,10285,9165.9,10995,9796.3,6331.7,8965.8,11206,9880.7,9608.4,7634.6,11381,10069,6506.6,9059.2,12219,10409,9603.8,7734
14172,11722,16185,15694,13545,13265,12259,7971.3,9722.9,8877.2,9532.6,8549.7,10199,6891.7,3788.4,6100.7,11195,10965,10586,10971,11484,10944,9464.7,10472,6899.6,12749,5880.7,14901,12756,9832.2,9856.3,10730,8036.2,6214.9,8310.1,9219,5149.2,6151.5,9127.7,9823.8,13347,11501,10778,10714,9916.7,10488,10057,9722.3,14806,12244,15456,14904,14086,13622,12033,9659.7,11159,10659,10844,9576.8,10547,6222.8,3844,7656.1,11252,10604,12149,11231,11140,10855,10109,10406,7058.1,12638,6060.5,14705,12735,9625.4,9592.2,10201,9388,6650.8,8421.7,9067.5,7418.1,5972.1,8825,9470.7,14048,12346,11159,12107,11126,12014,10248,9191.4,10968,9814.6,6286.6,8955.1,11261,9873.9,9605.1,7628.4,11401,10040,6504.7,9110.8,12283,10373,9611.8,7718.3
14170,11702,16176,15677,13555,13251,12258,7967.6,9662.4,8877.6,9511.3,8526.5,10179,6850,3808,6116.2,11199,10992,10557,10928,11468,10945,9452.1,10478,6874.9,12770,5879.1,14924,12732,9833.7,9851.1,10705,8031.5,6193.2,8331.3,9236,5114.7,6169.4,9136.4,9797.2,13349,11503,10784,10709,9888.1,10477,9987.8,9721.9,14816,12233,15476,14903,14059,13612,12046,9616.6,11137,10588,10815,9561.2,10547,6219.4,3852.6,7646.4,11264,10629,12114,11208,11125,10850,10117,10429,7087.1,12650,6146.3,14707,12749,9610,9599.8,10201,9390.5,6635.5,8433.7,9081.1,7326.2,5957.1,8829.4,9463.6,14014,12379,11182,12172,11107,11935,10265,9159.9,10952,9799.7,6367.6,8945.7,11245,9857,9578.1,7630.1,11410,10079,6480.6,9081.5,12164,10347,9601.5,7712.6
14174,11693,16166,15687,13535,13241,12238,7978.2,9733.4,8889.2,9485.5,8558.8,10170,6838,3797.7,6131.2,11203,10969,10551,10942,11467,10923,9463.9,10518,6854.3,12771,5875.8,14878,12742,9856.5,9849.8,10733,8053.7,6185,8280.3,9221.8,5107.1,6176.1,9117.1,9796.9,13298,11495,10774,10618,9917.9,10486,10052,9734,14811,12251,15443,14906,14078,13611,12040,9636,11162,10620,10830,9581.5,10565,6233.1,3843.6,7641.4,11249,10619,12116,11211,11124,10836,10108,10457,7139.4,12612,6162.9,14761,12745,9639.5,9583,10224,9427.3,6679.1,8401.7,9080.8,7358.8,5982.9,8821.8,9488,14041,12357,11175,12071,11120,12036,10293,9173.6,10963,9804.6,6282,8978.4,11081,9823.3,9608.7,7615.8,11368,10083,6444.4,9076.8,12075,10393,9643.6,7687.5
14164,11698,16154,15663,13525,13202,12225,7985.2,9698.5,8871.8,9514,8554.6,10165,6867.5,3784.1,6092.4,11191,10980,10538,10960,11458,10926,9479.3,10528,6862.1,12756,5910.9,14892,12667,9848.8,9861.4,10746,8046.2,6229,8278,9220.9,5159.8,6152.9,9127.2,9825.9,13294,11490,10798,10670,9903.9,10497,10075,9732,14797,12245,15458,14883,14098,13587,12019,9645.7,11187,10611,10850,9591.3,10552,6263.2,3833.1,7644.4,11266,10609,12113,11243,11137,10832,10128,10426,7066.2,12632,6061.7,14742,12743,9649,9590.7,10200,9410,6654.4,8485.2,9083.4,7364.4,5962.4,8805.2,9485.1,13993,12361,11220,12098,11144,11989,10281,9217.6,10938,9802.4,6326.5,8942.3,11175,9855.4,9603.1,7611,11407,10036,6466.9,9077.2,12067,10318,9617.2,7708.5
14178,11664,16170,15692,13568,13238,12246,7971.1,9695.4,8859.5,9510.2,8546.3,10190,6906.1,3798.5,6119.4,11190,11002,10538,10961,11484,10939,9478.1,10547,6808.2,12739,5906.8,14862,12745,9835.5,9860.9,10752,8049.1,6200.1,8261.5,9229.3,5157.7,6136,9137.4,9837.9,13239,11504,10795,10651,9879.8,10449,10004,9758.3,14796,12240,15449,14886,14060,13594,12022,9636.9,11184,10603,10839,9588.3,10565,6177.7,3868.2,7632.7,11236,10602,12114,11222,11144,10849,10148,10434,7089.6,12630,6044.7,14728,12735,9566.9,9580.2,10250,9428.1,6639.4,8412.6,9070.6,7354.4,5972.8,8807.3,9490.4,14047,12389,11160,11987,11136,12005,10337,9240.4,10933,9809.4,6299.2,8906.8,11096,9881.1,9618.3,7628.2,11323,10048,6530.5,9069.2,12103,10344,9586.2,7694.1
14151,11664,16179,15674,13585,13253,12245,7962.4,9706.9,8847.3,9501.6,8537.8,10195,6910.2,3794.1,6132.1,11205,10990,10528,10976,11467,10946,9500.5,10530,6869.3,12758,5861.7,14881,12718,9829.3,9866.7,10720,8040.3,6198.8,8302.8,9241.9,5152,6155.7,9142.8,9820.8,13247,11475,10790,10673,9897.8,10524,10050,9788.8,14794,12226,15438,14884,14105,13631,12021,9632.7,11219,10591,10841,9569.9,10576,6242.1,3851.1,7656.3,11245,10607,12097,11239,11136,10849,10144,10391,7108.9,12635,6053.5,14687,12711,9623.4,9577.4,10253,9407.7,6647.9,8366.6,9084.8,7333.1,5980.9,8801.3,9517.4,14026,12344,11173,12138,11165,12013,10310,9256.4,10992,9822.4,6342.3,8928.7,11057,9869.6,9608.9,7647,11367,10039,6507,9058.1,12238,10280,9601.8,7698.9
14187,11673,16169,15675,13582,13240,12234,7987,9717.3,8868,9488.6,8536.8,10179,6864.5,3784.5,6117.1,11194,10982,10523,10961,11481,10936,9495.8,10483,6860.2,12744,5880.6,14878,12701,9837.4,9858.6,10719,8036.9,6174.3,8292,9225.1,5118.2,6160.4,9119.8,9838.9,13277,11478,10773,10682,9892.4,10458,10049,9742.8,14824,12211,15455,14883,14125,13647,12028,9645.8,11163,10614,10884,9603.9,10572,6202.4,3846.4,7615,11255,10627,12091,11243,11127,10834,10135,10427,7076,12630,6066.6,14695,12713,9625.7,9561.1,10220,9418.2,6632.6,8384.6,9089.1,7381.7,6002.5,8800.1,9525.7,14073,12384,11158,11986,11067,12045,10288,9248.5,11018,9787.4,6368.5,8980.2,11171,9847.9,9614.6,7631.9,11343,10040,6500.2,9095.1,12176,10358,9548.3,7681.5
14179,11692,16175,15673,13585,13275,12239,7989.1,9729.4,8873.3,9496,8525.3,10212,6903.2,3800.9,6132.5,11184,10957,10530,10981,11495,10930,9469.5,10501,6829.4,12758,5864.8,14876,12729,9799.8,9834.1,10705,8067.2,6171.5,8276,9231.6,5174,6170.9,9112.4,9835.5,13290,11466,10793,10675,9892.6,10457,10046,9779.5,14807,12217,15455,14862,14153,13664,12033,9662.6,11219,10610,10901,9610.3,10555,6205.9,3841.4,7630,11258,10600,12095,11235,11139,10833,10129,10421,7056.9,12639,6063.5,14718,12698,9589,9548.3,10212,9428.2,6600.8,8435.1,9096.8,7343.1,6018.5,8818.7,9492.3,14030,12363,11146,12084,11101,11979,10304,9247.7,10916,9839.7,6393.7,8948.4,11214,9837.9,9622.5,7632.6,11385,10031,6509.7,9092.9,12072,10403,9581,7686.9
14155,11678,16172,15687,13559,13280,12243,7967.2,9702.8,8871.4,9493.4,8564.9,10212,6892.5,3824.1,6111.1,11187,10955,10554,10974,11491,10934,9483.4,10516,6850.7,12753,5860.4,14859,12721,9797.6,9860.3,10713,8011.4,6181.7,8298.6,9219.7,5106.7,6144.1,9120,9821.3,13289,11480,10792,10680,9874.8,10462,10048,9780.4,14799,12213,15462,14876,14158,13623,12041,9650.6,11224,10629,10864,9563.7,10550,6279.3,3830.2,7605.3,11255,10580,12125,11238,11123,10845,10137,10442,7081.5,12631,6107,14694,12687,9602.7,9573.6,10209,9403.1,6647.9,8433.1,9082.4,7343.2,5959.1,8823,9498.1,14003,12389,11178,12072,11084,11973,10228,9260,10981,9826.9,6331.7,8907.5,11159,9844.2,9596.9,7632,11393,10062,6455.6,9042.9,12219,10309,9591.1,7706.8
14147,11695,16179,15675,13603,13244,12254,7961.5,9666.5,8866.1,9495.4,8559.9,10208,6902.7,3811.3,6099.4,11176,10961,10550,10991,11486,10926,9475.9,10457,6859.9,12782,5857.6,14866,12657,9821,9831.1,10741,8030.5,6177.8,8307,9228.3,5135.4,6149.5,9128.1,9839,13292,11470,10775,10640,9893.9,10471,10004,9755.8,14778,12208,15465,14884,14104,13598,12056,9644.9,11231,10606,10834,9559.1,10570,6243.4,3852.3,7630.8,11266,10594,12127,11240,11122,10847,10173,10400,7018,12660,6086.4,14711,12690,9596.1,9571.4,10194,9392.5,6632.2,8454.1,9079.1,7373.4,5983.5,8818.9,9490.8,14017,12368,11152,12074,11153,12060,10251,9219.7,10939,9825.9,6250.1,8927.1,11265,9926.6,9617.6,7626.9,11368,10047,6448,9074.3,11984,10278,9617.7,7691.8
14166,11705,16173,15699,13533,13275,12242,7971.4,9711.3,8902.8,9489.7,8562,10199,6837.4,3773.8,6097.8,11188,10952,10558,11001,11503,10931,9469.8,10526,6891.8,12804,5862.2,14873,12675,9803.2,9843.5,10715,8029.3,6228,8301.2,9208.9,5191.7,6174.2,9134.2,9827.5,13278,11498,10817,10723,9973.4,10451,10062,9744.5,14789,12250,15463,14868,14130,13635,12045,9649.5,11196,10616,10870,9592,10561,6214.9,3842.3,7613.3,11274,10615,12146,11258,11136,10824,10137,10410,7055.8,12664,6051.5,14717,12708,9617.2,9583.5,10209,9381.9,6670.6,8418.6,9087.2,7357.6,5994.6,8805.7,9481.8,14026,12369,11244,12128,11156,12048,10243,9235.8,10959,9827.5,6340.6,8953.7,11134,9860.3,9575.8,7616.3,11338,10081,6484.5,9080.5,12055,10336,9590.5,7693.1
14162,11674,16177,15684,13554,13263,12255,7973.1,9663.6,8878.2,9501.1,8564.5,10195,6859.3,3811.3,6058.2,11194,10961,10548,10978,11505,10928,9466.3,10477,6838.6,12817,5833,14874,12685,9817.4,9835.4,10732,8018.4,6257.6,8295.4,9218.7,5133.1,6163.7,9109.6,9827.8,13316,11490,10758,10733,9952.7,10513,10115,9754.5,14794,12248,15458,14876,14089,13633,12048,9656.8,11253,10619,10911,9574.1,10561,6253.5,3837.5,7626.8,11271,10587,12130,11240,11123,10826,10146,10446,7059.5,12634,6072.3,14726,12717,9613.9,9575.1,10190,9398.9,6639.3,8405.4,9075.8,7365.3,5947.1,8812.4,9484.2,14021,12390,11215,12075,11179,12004,10280,9223.5,11001,9834.9,6324.7,8943.5,11310,9803.3,9588.1,7611.4,11402,10116,6459.2,9066.9,12052,10292,9596.3,7708.7
14180,11688,16181,15694,13563,13231,12249,7953.5,9730.6,8870.1,9497.9,8567.9,10213,6866.5,3797.6,6134.5,11201,10981,10562,10972,11513,10924,9487.7,10554,6846.6,12795,5913.4,14860,12721,9868.6,9867.7,10740,7996.7,6212,8269.6,9229.7,5122.5,6133.1,9125.2,9799.4,13257,11485,10841,10728,9906.8,10467,10055,9737.8,14811,12210,15453,14891,14069,13586,12043,9628.8,11183,10646,10856,9567.6,10565,6216.8,3863.5,7637.8,11282,10587,12139,11221,11105,10811,10151,10413,7101,12627,6118.5,14685,12727,9612.6,9585.5,10184,9412.2,6637.3,8391.6,9082.9,7353.5,5953.2,8822.7,9488.8,14091,12388,11134,12116,11193,12074,10330,9231.7,10957,9845.1,6401.3,8924.1,11231,9758.6,9612.4,7623.4,11343,10074,6486.4,9058.3,12002,10283,9592,7710.4
14166,11692,16183,15697,13552,13280,12269,7947,9675.1,8914.6,9470.9,8561.6,10196,6861.1,3777.9,6102.8,11199,10976,10557,10996,11511,10944,9488.2,10545,6840.8,12806,5902.3,14887,12707,9807.1,9851.6,10772,8001.8,6211.1,8286.6,9244.9,5126.5,6123.3,9119.4,9814.7,13275,11494,10861,10651,9930,10476,10053,9719.2,14798,12237,15468,14860,14099,13645,12063,9656.1,11242,10643,10811,9601.1,10543,6253.4,3852.2,7657.4,11268,10597,12133,11216,11138,10829,10168,10453,7072.9,12665,6121.4,14706,12724,9629.9,9576.7,10196,9419.3,6668.1,8380.1,9075.7,7378.3,5925.5,8779.4,9503.6,14045,12388,11216,12128,11069,12079,10280,9247.8,10905,9844.5,6267.7,8922.6,11201,9793,9583.1,7635.9,11337,10088,6457.9,9079.4,12099,10322,9619,7691.4
14168,11705,16160,15685,13565,13286,12248,7965.6,9672.4,8922.7,9469.9,8569.1,10196,6836.5,3762.5,6108.6,11205,10957,10558,10979,11482,10933,9482.7,10560,6839.3,12817,5878.5,14863,12697,9817.6,9845.3,10753,8032.8,6191.9,8272.7,9222.9,5079.3,6164.2,9110.1,9838.5,13262,11496,10804,10689,9868.7,10460,10046,9733.8,14808,12230,15447,14878,14123,13644,12053,9634.7,11174,10634,10838,9610.7,10554,6264.1,3849.4,7646.8,11266,10604,12148,11244,11137,10822,10164,10452,7134.5,12650,6085.2,14719,12694,9621.2,9572.9,10257,9396.5,6652.4,8414.2,9101.6,7373.1,5926.7,8832.3,9525.4,14113,12400,11220,12115,11151,12021,10281,9248.1,10915,9859.9,6312.5,8946.1,11152,9875.6,9552.3,7614.8,11341,10071,6516.3,9065.3,12220,10347,9596.3,7704
14165,11738,16180,15683,13532,13254,12244,7937,9704.8,8880.5,9503.4,8554.1,10183,6890.1,3804.6,6101.7,11191,10969,10567,10987,11495,10934,9478.9,10545,6818.9,12803,5810.7,14867,12738,9812.9,9845.3,10792,8029.3,6198.7,8291.4,9252.2,5132.3,6145.2,9129.7,9826.1,13334,11481,10769,10663,9894.8,10441,10134,9742,14794,12273,15458,14883,14082,13649,12042,9636.4,11137,10645,10772,9568.3,10530,6314.1,3825.3,7668.5,11230,10584,12144,11218,11123,10822,10168,10481,7100.7,12630,6068.7,14740,12770,9628.5,9586.6,10227,9421,6650,8411.4,9108.9,7348.8,5956.9,8844.1,9537.8,14029,12384,11152,12116,11134,12138,10258,9263.6,10929,9868.4,6375.1,8946.5,11194,9793.7,9594.6,7615.2,11341,10116,6478,9080.3,12149,10303,9566.1,7710
14169,11688,16166,15707,13594,13279,12240,7942.8,9713.7,8867.1,9460.3,8567.7,10172,6906.7,3805.7,6117.8,11192,10963,10573,10983,11508,10943,9474.1,10544,6875.5,12795,5867.5,14902,12720,9823,9838.6,10764,8022.6,6193.7,8260.9,9236.5,5175.5,6158.6,9119.5,9833.3,13267,11513,10807,10643,9911.4,10500,10046,9744.3,14800,12251,15461,14886,14085,13649,12048,9620.5,11182,10611,10805,9549.1,10541,6279.3,3849.1,7656.8,11239,10580,12142,11235,11148,10840,10151,10440,7096.7,12635,6102.2,14734,12699,9547.4,9553.6,10195,9413.6,6701.2,8350.2,9101,7306.3,5972.9,8830,9516.9,14063,12385,11181,12117,11186,12025,10312,9256.6,10940,9848.7,6306.8,8926.7,11137,9855.2,9586.7,7615,11383,10088,6572.7,9077.1,12202,10343,9619.9,7695
14182,11686,16191,15709,13569,13277,12243,7973.4,9666.1,8879.3,9459,8564.4,10173,6889.8,3775.5,6080,11185,10944,10534,10953,11510,10937,9460.2,10554,6858.3,12787,5917.4,14913,12705,9810.2,9831.5,10723,8074.9,6212.6,8272.3,9215.9,5132.3,6158.8,9118.9,9821.6,13337,11485,10777,10711,9972.3,10449,10016,9740,14783,12246,15475,14880,14093,13641,12054,9644.7,11160,10594,10821,9580.9,10554,6246.1,3835.3,7663.1,11261,10580,12160,11255,11150,10830,10143,10464,7084.4,12652,6018.4,14722,12700,9562.5,9558,10204,9434,6663.1,8387.6,9074.8,7340,5975.3,8852.8,9516.1,14060,12370,11207,12133,11236,12033,10310,9265.5,10952,9829.3,6336.3,8970,11063,9819.1,9619.5,7643.3,11317,10060,6387.4,9054.2,12054,10321,9577.1,7689.5
14170,11685,16174,15697,13561,13270,12249,7976.8,9692,8864.1,9496.7,8555.1,10190,6860,3782.7,6093,11177,10946,10555,10977,11516,10931,9475.2,10575,6824.5,12789,5843.8,14888,12708,9777.8,9832.4,10752,8057.3,6206.9,8261.3,9249.8,5151.3,6134.2,9139.5,9840.2,13297,11527,10828,10715,9919.8,10511,10051,9768,14796,12227,15450,14889,14099,13625,12043,9643.5,11135,10614,10850,9558.5,10545,6238.5,3821.2,7634.7,11245,10600,12162,11227,11111,10839,10151,10479,7100.9,12652,6129.7,14733,12743,9570.3,9552.9,10243,9395.6,6635.8,8320.9,9082.3,7410,5984.1,8821.5,9525.4,14106,12392,11157,12136,11153,11989,10309,9275.1,10908,9844.9,6321.6,8952.6,11086,9820.2,9576,7636.4,11319,10070,6500.8,9105.4,11934,10389,9594.6,7726.1
14193,11685,16192,15715,13583,13281,12254,7980.7,9675.2,8832.8,9516.6,8556.2,10165,6925.6,3795.9,6117.8,11179,10934,10558,10957,11520,10936,9470.5,10522,6872.4,12779,5845.9,14897,12722,9828.5,9815.3,10737,8065.3,6218.4,8294.1,9224.8,5117.6,6166.6,9114.1,9813.3,13334,11513,10818,10727,9912.4,10477,9998.4,9739.9,14794,12236,15456,14883,14102,13612,12033,9636.2,11146,10598,10855,9559.2,10545,6236.4,3834.7,7641.8,11228,10593,12177,11215,11109,10828,10150,10439,7094.9,12656,5989,14715,12700,9585,9530.4,10197,9396.2,6652.7,8451.6,9070.9,7364.1,5958.2,8797.2,9517.2,14017,12381,11159,12115,11194,11986,10276,9263.3,10943,9836,6410.4,8948.8,11117,9798.2,9616.6,7615.5,11346,10061,6502.8,9074,12048,10338,9601.4,7707.7
14208,11684,16166,15701,13562,13317,12231,7979.7,9613.7,8856.3,9518,8578.2,10174,6931.5,3785.2,6110.3,11169,10953,10561,11004,11508,10940,9462.2,10513,6865.4,12780,5879.1,14864,12676,9767.7,9813.5,10773,8055.4,6196.1,8247.9,9226.5,5092.6,6152.9,9111.6,9808.6,13280,11502,10791,10669,9883,10477,10073,9743.3,14789,12237,15462,14886,14062,13670,12027,9627.9,11251,10599,10848,9537,10539,6249,3828.7,7615.8,11241,10582,12179,11253,11099,10824,10141,10437,7091.8,12662,6021.8,14696,12702,9586.8,9545.6,10214,9411.5,6658.4,8411.9,9069,7340.8,5999.8,8798.8,9471.9,14021,12411,11185,11996,11107,11982,10323,9268.6,10929,9831.9,6327.8,8934.8,11081,9831.8,9592.9,7614.4,11345,10064,6426.4,9091.6,12136,10368,9584.1,7678.6
14177,11725,16164,15699,13572,13320,12236,7979.5,9667,8845.4,9480.7,8546.6,10200,6880.2,3808.5,6136.1,11171,10943,10583,10998,11500,10920,9470.9,10549,6847.8,12820,5867,14884,12753,9781.4,9800.4,10744,8045.1,6253.9,8241.1,9244.6,5128.2,6161.9,9092.3,9798.8,13287,11524,10813,10692,9900.7,10497,10097,9740.8,14807,12252,15444,14883,14089,13651,12023,9657.1,11194,10595,10844,9538.6,10534,6264.2,3850.2,7660.4,11228,10621,12170,11234,11120,10818,10132,10490,7053.9,12644,6093.6,14706,12734,9590.4,9538.1,10227,9387.9,6643.8,8412.3,9092.9,7354.6,5950,8804.4,9488.7,14049,12386,11199,12126,11215,11949,10295,9260.8,10934,9824.9,6322.8,8974.9,11033,9850.7,9617.2,7642.9,11330,10081,6450.1,9086.4,12028,10352,9584.9,7696
14173,11706,16175,15708,13608,13305,12256,7983.8,9689.9,8858.7,9468.7,8567.3,10183,6923.6,3775.9,6137,11164,10966,10595,11000,11494,10918,9484.9,10551,6809.9,12808,5842.6,14929,12740,9841.1,9800,10767,8093.4,6229.8,8244.1,9231.9,5193.8,6156.7,9120,9833.4,13299,11531,10819,10773,9950.7,10494,10134,9765.1,14795,12256,15442,14886,14095,13626,12052,9666.9,11182,10627,10826,9562.1,10522,6240.6,3828.5,7649.4,11233,10621,12207,11249,11098,10842,10157,10484,7073.5,12632,6030.7,14731,12759,9583.8,9553.5,10222,9403.3,6655.5,8441.5,9088.3,7383.7,5973.6,8818.2,9520.4,14089,12422,11209,12053,11188,12040,10342,9261.1,10923,9865,6300.6,8977.6,11020,9779.8,9583.2,7640.2,11359,10075,6444.9,9076.4,12102,10287,9588,7707.6
14186,11687,16167,15732,13573,13318,12246,7993.8,9691.3,8867.9,9485.6,8557.1,10201,6944.4,3792,6102.3,11173,10959,10596,10987,11475,10929,9477.6,10520,6841.2,12763,5830.3,14897,12725,9806.9,9780.6,10720,8116.9,6236.1,8330.6,9233.3,5156.9,6166,9140.7,9798.5,13373,11542,10818,10670,9890.2,10459,9994.8,9768.9,14795,12237,15444,14883,14084,13621,12053,9653.8,11176,10597,10845,9554.4,10542,6258.2,3837.8,7661.2,11250,10617,12172,11227,11095,10826,10156,10453,7046.4,12646,6073.1,14722,12733,9565.2,9510.2,10174,9404.7,6679.5,8410.3,9077.8,7390.5,5965.4,8817.7,9493.9,14104,12428,11218,12166,11117,11975,10334,9235.9,10993,9874.7,6385.9,8950.9,11116,9827.9,9585.7,7631,11374,10082,6461.2,9112.7,12219,10344,9598.9,7692.9
14155,11739,16169,15683,13557,13302,12246,7964,9688.9,8861.5,9472.7,8551.3,10161,6917,3798.1,6136.6,11197,10937,10600,10998,11452,10931,9463.3,10533,6886.4,12766,5815.2,14893,12724,9813.7,9778.1,10706,8058.9,6216.9,8286.6,9238,5087.3,6161.5,9123.1,9808.1,13302,11548,10865,10753,9904,10504,10032,9744.4,14781,12242,15442,14905,14130,13645,12052,9629.3,11160,10624,10831,9545.4,10553,6214.5,3850.1,7667.1,11253,10613,12172,11220,11106,10833,10137,10416,7111.8,12620,6045.4,14709,12739,9584.5,9524.1,10216,9428.5,6644.8,8411.1,9077.8,7337.9,5956.9,8850.8,9481.6,14055,12414,11196,12149,11134,11978,10292,9243,11001,9841.6,6317.9,8945.8,11103,9774.7,9596.1,7652.1,11345,10076,6547,9084.1,12007,10329,9599,7703.7
14152,11676,16154,15691,13570,13319,12252,7965.9,9696.4,8881.2,9446.3,8568.8,10180,6847.1,3781.3,6124.8,11180,10975,10608,11006,11465,10936,9456.4,10510,6809.5,12781,5876.3,14875,12734,9804.7,9781,10740,8028,6223.8,8266.4,9220.2,5146,6137.1,9097.3,9808.6,13322,11519,10838,10687,9855.4,10473,10069,9749.1,14776,12254,15455,14904,14070,13614,12054,9637.7,11156,10629,10841,9540.5,10551,6270.8,3832,7640.2,11254,10613,12208,11250,11098,10842,10140,10415,7078.6,12637,6046.9,14726,12745,9572.4,9532.3,10198,9368.2,6699,8431,9087.4,7395.6,5939,8823.7,9498.2,14093,12365,11168,12127,11137,12102,10226,9230.1,10946,9854.6,6262.8,8966.1,11150,9820,9597.9,7641.6,11352,10084,6430.6,9049.8,11952,10382,9583.1,7699.8
14188,11702,16173,15707,13565,13281,12234,7967.7,9716.7,8880.7,9481.3,8547.8,10154,6841.8,3776,6120.6,11185,10969,10607,10985,11459,10926,9465.5,10488,6836,12779,5866.5,14916,12731,9802.2,9785.9,10746,8034.2,6230,8269,9223.8,5174,6125,9106.2,9789.2,13306,11541,10786,10674,9903.5,10484,10033,9703.8,14802,12289,15444,14894,14108,13634,12049,9629.6,11227,10633,10833,9557.9,10553,6240.2,3845.1,7661,11248,10637,12213,11233,11083,10805,10123,10406,7044.4,12651,6079.4,14724,12724,9578.2,9528.5,10183,9407.1,6677.2,8413.4,9074.4,7320.2,6019.1,8793.8,9462.5,14080,12409,11198,12130,11196,12002,10265,9196.3,10968,9866.8,6319.1,8983.4,11095,9850,9581.9,7614.6,11348,10047,6537.3,9067.1,12108,10357,9586.7,7696.4
14181,11726,16162,15708,13575,13287,12255,7926.5,9714.4,8892.7,9469.5,8535.6,10190,6880.8,3813.2,6126.8,11195,10988,10601,11023,11465,10930,9468.4,10553,6824.6,12812,5835.5,14887,12734,9795.5,9795.7,10771,8025.8,6200.4,8268.6,9221.3,5083.3,6139.6,9144.1,9810.2,13309,11505,10806,10676,9920.1,10464,10085,9726.4,14791,12258,15439,14893,14095,13666,12053,9635.4,11163,10626,10800,9539,10526,6238.8,3836.4,7676.4,11277,10624,12214,11256,11091,10829,10126,10467,7057.3,12652,6090.5,14702,12745,9598.3,9550.4,10212,9430.3,6651.5,8361.6,9065.4,7373.8,6021.5,8815.9,9462,14028,12395,11198,12058,11127,12032,10190,9210,11002,9829.4,6316.2,8956.1,11115,9759.8,9620.2,7614.6,11360,10092,6484,9081.1,12059,10356,9590,7703.5
14153,11705,16167,15711,13581,13265,12271,7981.7,9676.8,8861.5,9463.8,8538.8,10173,6887.3,3805.9,6123.5,11208,11004,10646,11005,11456,10938,9477.2,10554,6816,12773,5847.6,14871,12755,9807.2,9816.9,10760,8029.4,6208.9,8288.2,9210.2,5116.8,6141.5,9109.6,9826.6,13335,11561,10810,10716,9898.3,10506,10103,9731.9,14768,12263,15430,14894,14094,13651,12057,9635.3,11203,10592,10754,9521.6,10525,6225.1,3828,7661.4,11284,10640,12219,11233,11079,10833,10121,10465,7053.6,12607,6059.8,14721,12716,9597.7,9558.2,10212,9410.7,6649.1,8390.1,9090.6,7376.5,5987.9,8813.3,9471,14108,12418,11199,12169,11116,11989,10346,9225.7,10950,9815.8,6389.8,8952.6,11061,9833.9,9621,7621.2,11391,10048,6517.2,9084.7,12082,10342,9587.7,7691.5
14172,11722,16169,15718,13610,13335,12268,7967.4,9672.1,8872.9,9480.7,8569.8,10159,6848,3814.2,6119.3,11216,11005,10640,11012,11448,10938,9456.4,10545,6788.7,12812,5850.1,14853,12704,9799,9810.8,10734,8066.9,6192.1,8245.5,9243.6,5168.6,6165.8,9137.9,9814.2,13314,11523,10817,10663,9885,10479,10060,9708.3,14770,12237,15449,14900,14052,13673,12073,9613.9,11208,10567,10782,9517.3,10532,6198.1,3851.8,7684.7,11288,10648,12234,11237,11075,10821,10131,10441,7059.5,12636,6035.5,14680,12750,9587.5,9546.2,10204,9416.4,6662.7,8380.8,9073.9,7368.4,5965.1,8798.4,9499.9,14028,12414,11184,12151,11109,12108,10249,9214.3,10942,9855.9,6415.1,8935.9,11190,9778,9609.5,7646.5,11334,10078,6471.9,9088.1,12090,10296,9615.5,7706.4
14169,11707,16161,15723,13601,13321,12259,7957.6,9710.1,8852.6,9430.5,8533.1,10197,6853.1,3796.3,6115.4,11215,11010,10651,11003,11442,10930,9477.3,10567,6867.3,12827,5856.8,14870,12715,9799.3,9800.6,10713,8017.1,6178.8,8310,9218.8,5109.8,6160.8,9110.2,9789.5,13339,11534,10809,10612,9899.6,10496,10162,9706.1,14786,12291,15432,14907,14087,13646,12067,9622.7,11156,10644,10830,9547,10519,6229.5,3851.3,7672.2,11290,10626,12241,11252,11061,10810,10107,10416,7095,12636,6077.8,14731,12772,9590.9,9523.9,10232,9426.5,6673.3,8416.5,9080,7356.6,5998.1,8817.1,9500.5,14052,12406,11198,12068,11191,12077,10276,9193.6,10947,9825.5,6353.8,8968.5,11100,9778.1,9583.9,7627,11392,10060,6487.9,9097.8,12000,10414,9608,7705.2
14156,11718,16165,15745,13566,13285,12256,7937.6,9730.3,8877.9,9478.7,8545.5,10188,6855.9,3788.6,6121.1,11226,11025,10647,11010,11453,10930,9460.2,10540,6847.9,12787,5872.2,14880,12728,9796.3,9828.4,10747,8021.9,6213.3,8307.5,9220.6,5113.7,6140.6,9123.6,9799.3,13274,11540,10774,10730,9891.4,10455,10016,9693.3,14781,12246,15439,14903,14071,13635,12071,9612.2,11191,10642,10801,9501.2,10547,6238.2,3854.2,7667.8,11284,10638,12220,11227,11086,10815,10095,10450,7064.3,12623,6049.7,14734,12751,9619.3,9562.1,10200,9393.1,6664.2,8367,9072,7375.9,5963,8803.2,9478,14049,12421,11182,12135,11143,11975,10295,9186.2,10886,9834.5,6315.9,8976.1,11098,9800.4,9567.6,7632.9,11306,10101,6484,9100.7,12141,10358,9578,7708.7
14153,11728,16145,15725,13560,13296,12249,7939.7,9716.9,8841,9460.8,8535.4,10165,6839.2,3804.3,6134.4,11208,10986,10633,11016,11449,10937,9465.6,10552,6885.2,12818,5853.4,14902,12704,9817.4,9813.1,10737,8053.4,6191.8,8311.4,9228.3,5156.8,6158.7,9145.8,9798.7,13325,11513,10789,10766,9904.3,10446,10022,9697.8,14794,12257,15435,14905,14097,13634,12050,9605.7,11208,10606,10769,9500.2,10550,6235.5,3834.3,7635.1,11280,10617,12217,11236,11074,10821,10125,10453,7074.1,12647,6067.8,14731,12737,9610.2,9542.3,10215,9397.2,6687.7,8390.5,9080.8,7346.1,5993.9,8802,9479.1,14114,12386,11220,12167,11165,12021,10312,9175,10993,9862.5,6364.9,8988.2,11224,9817,9581.3,7652,11284,10098,6478.7,9116.2,12144,10367,9610.2,7702.9
14174,11738,16172,15739,13572,13279,12256,7956.7,9695,8877.7,9480.3,8547.3,10163,6939.1,3797.3,6143.1,11212,10965,10632,10991,11436,10924,9447.1,10495,6801.9,12764,5828.7,14892,12747,9816.1,9808.2,10718,8021,6209.8,8308.5,9232.4,5113.7,6146.6,9113,9789.6,13325,11516,10795,10735,9993.2,10502,10045,9675.7,14795,12286,15443,14891,14100,13631,12054,9641.6,11181,10614,10794,9549.3,10566,6199.2,3831.7,7666,11300,10603,12188,11223,11092,10801,10086,10454,7096.8,12642,5998.7,14735,12766,9631,9524.9,10157,9390.1,6649.7,8478.2,9066,7365.5,5978.9,8810,9462.6,14064,12414,11226,12177,11177,12031,10210,9184.2,10981,9881.6,6391.2,8984.2,11174,9853.6,9617.1,7630.1,11350,10063,6465.9,9118.6,12080,10330,9627.9,7722.9
14203,11757,16184,15733,13598,13311,12265,7973.2,9740.2,8849.2,9440.2,8553,10164,6888.2,3824.5,6121.8,11226,10984,10642,10992,11445,10929,9457.8,10541,6761.8,12774,5885.8,14898,12721,9829.1,9814.7,10728,8024,6235.4,8265.7,9219.4,5129.2,6146.2,9106.7,9766.6,13279,11525,10778,10668,9917.2,10511,10060,9667.1,14801,12237,15449,14904,14076,13631,12050,9625.5,11285,10649,10836,9568.8,10555,6226.1,3846.8,7655.5,11291,10617,12144,11184,11109,10805,10083,10412,7062.3,12609,6123.5,14745,12755,9591.1,9549,10185,9413.6,6651.4,8483.6,9052.3,7336.9,5971.5,8807,9446.5,14051,12412,11185,12058,11145,12022,10303,9184.9,10953,9860.5,6297.5,8913.4,11065,9809,9603.1,7630.4,11363,10046,6463.7,9080.2,12131,10362,9609.7,7693.9
14190,11707,16183,15718,13619,13315,12269,7956,9693,8887,9420.8,8568.6,10185,6849.9,3790.5,6154.2,11218,11006,10620,10985,11453,10943,9447.9,10500,6841.3,12818,5820.7,14910,12751,9824.5,9818.8,10706,8010.4,6163.4,8275.2,9226.1,5138.5,6164.6,9132.2,9792.4,13260,11502,10800,10666,9943.6,10466,9985.5,9669.8,14798,12278,15439,14905,14073,13617,12040,9646.4,11206,10597,10825,9527.3,10559,6231.4,3830.5,7654.6,11287,10628,12149,11220,11089,10802,10075,10416,7088.1,12630,6112.4,14722,12747,9593.2,9532.9,10210,9394,6674.4,8374.4,9082.7,7377,6007,8833.6,9484.6,14023,12419,11143,12148,11127,12004,10303,9188.6,11043,9838.9,6350.8,8941.6,11121,9874.6,9575.7,7634.4,11345,10064,6473.8,9095.7,12175,10311,9621.6,7681.3
14190,11712,16170,15733,13602,13322,12244,7953,9686.7,8885.6,9455.2,8542.7,10193,6880.6,3802.5,6130.1,11201,10996,10634,11005,11420,10935,9455.7,10463,6826.2,12786,5860.1,14924,12725,9806.9,9824.4,10721,8032.8,6227.8,8270.6,9227.9,5128.3,6175.6,9143.5,9807.2,13291,11509,10804,10731,9877.9,10456,10132,9673.5,14799,12264,15440,14892,14099,13650,12057,9646.9,11226,10636,10806,9518.5,10543,6223.2,3845.2,7671.9,11247,10582,12150,11217,11072,10809,10089,10419,7047,12622,6094.3,14737,12765,9600.1,9553.8,10243,9388.3,6675.4,8413.5,9083.8,7379.8,5997.3,8840.2,9487.2,13989,12432,11178,12108,11140,12053,10260,9175.3,10998,9880.3,6312.4,9004.2,11199,9834.3,9593,7632.4,11357,10067,6544.3,9071.8,12124,10357,9595.8,7709.4
14184,11726,16176,15725,13616,13302,12249,7983.2,9748.7,8861.4,9473.3,8542.5,10188,6838.6,3795.9,6137.7,11209,10991,10628,10994,11429,10937,9444.4,10497,6818.6,12780,5903.2,14851,12745,9840.5,9806.9,10697,8053.3,6225,8296,9191.9,5113.3,6157.4,9126.8,9796,13344,11507,10785,10716,9954.7,10477,10027,9666,14786,12280,15405,14883,14076,13653,12030,9632.4,11166,10607,10855,9554.7,10530,6248.8,3835.4,7652.8,11270,10603,12149,11203,11082,10807,10081,10409,7075.1,12592,6046.7,14738,12763,9583.5,9523.3,10217,9425.3,6665.3,8392.2,9063.4,7369,5974.3,8773.7,9474.5,14074,12417,11200,12074,11154,11990,10243,9165.8,11042,9880.8,6349.9,9000.1,11138,9892.1,9643.5,7642.7,11381,10127,6572.8,9103.2,12128,10374,9598.3,7703.5
14168,11698,16172,15733,13585,13360,12262,7983.1,9686.2,8913.4,9494.1,8540.7,10194,6846.8,3816.2,6126.7,11205,10989,10628,11008,11446,10935,9462.3,10541,6831.4,12806,5815.8,14875,12690,9807.7,9833.5,10708,8050.6,6212.9,8280.2,9227.6,5156.3,6133.3,9148.9,9787.8,13356,11519,10793,10716,9899.4,10533,9991.6,9683,14790,12286,15432,14889,14136,13634,12018,9626.4,11162,10634,10851,9560.9,10562,6265.2,3819,7656.7,11257,10581,12149,11232,11084,10826,10090,10433,7112.5,12640,6051.4,14731,12742,9567.1,9531.5,10199,9414.9,6668.7,8463.2,9074.4,7338.7,5956.1,8811.8,9453.4,14069,12396,11161,12136,11127,12040,10230,9199,10963,9864.7,6346.5,8967.2,11116,9905.2,9652,7627,11356,10104,6491.9,9113.3,12250,10365,9626.6,7695.1
14181,11727,16179,15754,13640,13361,12236,7945.6,9670.5,8852.3,9486.6,8542.4,10171,6851.1,3791.7,6121.7,11181,10993,10646,11008,11430,10934,9452.1,10523,6819,12829,5857.3,14865,12727,9791.1,9807.2,10719,8064.7,6249.1,8263.4,9215.7,5175.7,6178.9,9113.7,9778.8,13316,11557,10795,10671,9927.1,10488,10020,9684.9,14802,12292,15433,14905,14115,13654,12027,9618.9,11154,10577,10779,9527.4,10548,6225.3,3831.1,7646,11229,10565,12182,11244,11088,10803,10092,10450,7070.5,12614,6054.5,14708,12742,9589.4,9528.9,10193,9382.7,6634.7,8448.1,9082.9,7394,5957,8814.1,9469.2,14029,12401,11198,12059,11151,11979,10276,9191,10997,9885.7,6357.8,8978.4,11234,9821,9598.5,7617.2,11419,10055,6403.3,9123.8,12160,10340,9632.2,7716.7
14177,11755,16155,15723,13662,13383,12246,7968.1,9765.1,8906,9464.4,8551.1,10195,6874.4,3789.3,6150.5,11170,10951,10639,11029,11424,10925,9457.4,10552,6860.6,12830,5853,14929,12758,9815.6,9799.7,10782,8043.9,6235.9,8287.1,9246.1,5156.1,6175.6,9092.2,9783.7,13304,11562,10832,10712,9901.3,10460,10081,9682,14792,12284,15430,14882,14102,13642,12036,9614,11207,10614,10795,9507.1,10524,6295.9,3840.3,7642.6,11230,10584,12182,11223,11107,10790,10062,10439,7054.6,12658,5994.7,14736,12811,9636.8,9557.8,10228,9383.2,6632.1,8384.5,9095.3,7373,5978,8828.3,9481.1,14095,12390,11171,12196,11085,12014,10353,9180.2,11016,9861.4,6356.3,8987.5,11321,9797.9,9632.9,7639.4,11381,10112,6554.1,9084,12047,10366,9587.4,7717.9
14170,11725,16185,15735,13618,13347,12260,7979.8,9733,8865.4,9469.1,8555.2,10203,6872.4,3804.2,6120.8,11183,10959,10636,11044,11487,10928,9443.1,10593,6814.2,12800,5831.9,14856,12747,9810.9,9796.2,10753,8065.3,6223.2,8255.9,9223.5,5141.9,6171.7,9107.5,9781.8,13367,11534,10799,10728,9906.4,10461,10043,9700,14785,12293,15443,14902,14096,13678,12028,9639.7,11148,10589,10778,9544.6,10549,6246,3839.3,7641.4,11209,10581,12145,11255,11115,10794,10092,10478,7050.1,12654,6095.3,14738,12774,9615.8,9546.8,10203,9407.7,6671,8396.8,9086.6,7327,5995.8,8811.6,9459.4,14067,12395,11153,12136,11173,12033,10259,9164.9,11048,9878.9,6352.3,9002.5,11251,9833.4,9626.2,7642.2,11401,10146,6421.9,9116.5,12312,10349,9604.2,7707.8
14188,11749,16177,15729,13643,13331,12252,7966.6,9761.3,8872.5,9454.5,8563.7,10213,6838.8,3801.3,6105.2,11168,10951,10629,11031,11476,10911,9468.9,10569,6850.6,12865,5840.5,14881,12727,9793.2,9772.6,10761,8045.2,6217.2,8269.1,9230.8,5138.7,6167.1,9105.9,9772.7,13375,11532,10831,10710,9914.3,10456,10084,9692.7,14792,12270,15450,14899,14093,13648,12017,9649.7,11201,10652,10802,9546.1,10526,6239.4,3846.9,7640.1,11222,10576,12204,11257,11104,10799,10101,10526,7028.5,12654,6034.1,14756,12772,9601.7,9531.7,10211,9401.1,6661,8404,9082.3,7324.3,5980.8,8791.2,9480.7,14068,12375,11141,12107,11162,11984,10287,9183.5,11090,9882.1,6304.1,8974.8,11136,9885.1,9603.1,7612.7,11438,10104,6484.2,9091.4,12164,10345,9634.5,7723.1
14179,11690,16182,15728,13677,13341,12270,7974.1,9755.6,8892.7,9455,8558.8,10192,6884.1,3781.3,6130.3,11184,10974,10638,11061,11478,10927,9450.5,10588,6851.6,12823,5886.6,14890,12745,9828.9,9795.6,10755,8031,6182.6,8279.5,9237.4,5165.6,6114.3,9109.2,9811.9,13323,11519,10780,10712,9910.8,10471,10106,9702.3,14797,12273,15446,14903,14109,13673,12031,9608.6,11174,10635,10755,9525.3,10539,6243.9,3831.5,7622.9,11221,10591,12168,11263,11097,10806,10105,10495,7009.3,12662,5993.8,14732,12744,9602,9541.9,10241,9409.3,6680.7,8366,9084.9,7331.7,5977.1,8819.7,9489.6,14062,12412,11207,12146,11170,12015,10285,9190.7,11015,9891.6,6250.1,8984.3,11098,9873.8,9598.5,7625.6,11407,10078,6432.9,9119.4,12154,10397,9576.8,7717.2
14151,11724,16160,15705,13620,13349,12261,7947.8,9730,8868.5,9428.5,8537.5,10195,6864.2,3781.8,6105.8,11170,10993,10651,11047,11460,10912,9467.7,10579,6834.6,12821,5878.5,14885,12750,9790.8,9787.8,10809,8033.3,6217.5,8277.3,9236.8,5183.1,6150.2,9108.3,9814.2,13366,11560,10813,10683,9920.1,10466,10067,9754.2,14776,12285,15423,14872,14084,13641,12044,9635.3,11178,10593,10749,9526.2,10537,6224.2,3832.7,7607.6,11238,10600,12199,11288,11115,10803,10104,10515,6997.1,12640,6019.5,14744,12800,9603.3,9529.2,10254,9376.3,6693,8396.2,9105.3,7333.4,5948.7,8800.8,9481.4,14096,12396,11170,12131,11122,11944,10299,9218.9,11076,9883.1,6322.8,9025.4,11213,9834.5,9621.6,7618,11375,10108,6515,9107.4,12044,10345,9588.5,7723.7
14169,11702,16172,15723,13642,13358,12272,7959.2,9722.6,8885.7,9421.7,8537.3,10211,6876.1,3822.9,6120.1,11164,11002,10647,11046,11479,10930,9492,10584,6767.7,12840,5840,14884,12732,9817.2,9795.5,10765,8028.4,6217.5,8229.9,9239.9,5166.1,6164.9,9108.5,9803,13333,11533,10751,10725,9889.5,10504,10125,9758.2,14796,12257,15451,14898,14111,13644,12042,9624.3,11258,10602,10772,9509.8,10542,6204.8,3814.6,7629.1,11231,10601,12227,11285,11118,10814,10114,10482,7018.7,12652,6045.3,14761,12763,9616.1,9557.4,10251,9374.7,6621.6,8415.6,9086.4,7311.1,5972.1,8816.9,9499.1,14135,12342,11116,12090,11131,11993,10384,9220.2,10978,9845.8,6241.3,8973.3,11228,9851.3,9598.1,7636.8,11387,10093,6398.2,9088.5,12165,10349,9565.6,7722.5
14153,11705,16172,15760,13661,13378,12263,7918.6,9703.5,8843.4,9420.2,8550.5,10209,6846,3791.2,6098.4,11159,11006,10623,11062,11466,10932,9471.8,10558,6786.4,12795,5777.8,14887,12742,9791.5,9799.3,10778,8041.9,6178.2,8241.1,9229.4,5162.9,6126.5,9121.2,9807.4,13408,11493,10760,10756,9941.4,10476,10058,9736.2,14797,12263,15456,14920,14101,13629,12028,9605.9,11147,10576,10757,9531.4,10527,6265.8,3802,7625.9,11223,10588,12168,11273,11124,10811,10106,10488,6987.6,12676,6006.4,14680,12800,9577.6,9554.1,10225,9407.8,6615.2,8381.4,9096.3,7275.8,5966.1,8841,9481.2,14133,12393,11131,12074,11110,11993,10316,9230.4,10996,9898.4,6334.3,8955.4,11155,9771.6,9595.1,7633.1,11452,10056,6486.2,9089.6,12173,10315,9532,7707.1
14182,11698,16166,15743,13671,13342,12256,7942.2,9649.1,8860,9436.1,8544.5,10200,6905.7,3794.4,6119.6,11146,10990,10632,11072,11490,10931,9472.2,10592,6807,12801,5810.3,14896,12739,9796.5,9798.6,10755,8028.5,6221.9,8261.7,9225.8,5165.8,6126.9,9141.4,9819.3,13375,11505,10788,10647,9884.9,10404,10094,9743.8,14804,12262,15450,14927,14088,13633,12038,9607.6,11171,10581,10739,9521.5,10529,6248.8,3810.6,7630.2,11215,10597,12183,11287,11132,10806,10109,10502,7007.5,12675,6069,14719,12764,9587.4,9533.6,10228,9398.7,6651.4,8394.2,9098,7322.4,5957.1,8809.2,9505.3,14164,12390,11109,12122,11117,12009,10295,9219.7,11015,9850.2,6324.6,8968.3,11148,9848.8,9577,7603.3,11421,10081,6463.4,9090.4,12029,10315,9525.6,7702.6
14174,11707,16178,15747,13690,13322,12259,7950.4,9696.4,8859.2,9475.8,8520.5,10183,6868.7,3790.4,6135.6,11149,11008,10624,11046,11475,10927,9479.2,10567,6812.4,12829,5887.7,14880,12724,9801.5,9780.7,10750,8028.8,6201.9,8282,9218.6,5105.2,6146,9111.5,9802.4,13317,11477,10794,10672,9930.5,10443,10134,9771.3,14801,12287,15428,14918,14126,13653,12042,9616.8,11206,10625,10794,9537.7,10513,6270.4,3813.7,7622.3,11213,10623,12167,11271,11138,10808,10141,10502,7031.4,12681,6122.4,14739,12776,9605.7,9534.7,10214,9417.7,6694,8404.1,9107,7334,5936.7,8818.7,9494.1,14131,12382,11171,12154,11196,11984,10307,9247.8,11030,9880.3,6348.8,9002.6,11223,9860.6,9576.2,7637.8,11429,10089,6478.3,9137.1,12053,10357,9555.9,7703.8
14178,11713,16170,15744,13647,13346,12243,7942.6,9710.3,8850.8,9475.7,8520.3,10223,6890.1,3779.4,6106.9,11153,11012,10600,11074,11489,10934,9503.9,10578,6786.8,12863,5856.4,14847,12746,9828.7,9789.6,10728,8049.3,6244.6,8270.9,9221.7,5091.7,6165.1,9102.5,9801.6,13425,11502,10764,10692,9829.3,10407,10063,9777.6,14803,12296,15422,14934,14120,13657,12051,9626.2,11163,10580,10795,9532.5,10516,6265.1,3814.6,7601.6,11221,10615,12177,11270,11131,10793,10145,10507,7040.6,12680,6080.9,14732,12787,9583,9542,10194,9430.8,6638,8373.4,9093.9,7352.7,6008.9,8816.5,9499.2,14093,12380,11166,12158,11139,11992,10317,9246.2,11034,9878.9,6353.2,8988.9,11023,9823.3,9560.8,7655.1,11432,10130,6499.8,9091.8,12175,10343,9608.9,7705.8
14158,11700,16170,15733,13614,13332,12270,7925,9726.5,8867.2,9436.1,8525.8,10220,6921.5,3756.9,6088.6,11169,11030,10608,11055,11474,10937,9488.2,10579,6808.2,12809,5857,14864,12751,9803.4,9803.4,10736,8016.4,6244.4,8262.3,9232.6,5101.2,6147.7,9131.7,9803.2,13336,11472,10841,10632,9874.2,10409,10054,9778.4,14788,12244,15427,14887,14083,13639,12053,9630,11237,10627,10783,9513.9,10519,6193.6,3807.6,7589.3,11231,10622,12186,11267,11119,10824,10146,10524,6956.5,12693,5984.7,14711,12761,9588,9576.2,10225,9358.4,6632.8,8353,9083.3,7346.1,5947.9,8792,9495.6,14101,12391,11140,12173,11046,12060,10310,9252.6,10986,9915.4,6443.9,8964.3,11209,9866,9591.6,7639.1,11389,10111,6464.8,9098.4,12099,10389,9547.1,7707.3
14164,11721,16162,15716,13624,13296,12257,7970.4,9693.8,8869.4,9450.6,8515.6,10200,6874.4,3783.7,6093.3,11160,11011,10622,11057,11481,10919,9486.7,10573,6818.4,12800,5831.2,14856,12715,9813.2,9777.7,10770,8003,6180.9,8245.4,9216.4,5119.9,6137,9125.6,9814.8,13286,11501,10775,10651,9895.9,10486,10136,9768.2,14793,12267,15422,14887,14081,13621,12043,9633.9,11258,10599,10773,9501,10507,6186.5,3813.4,7615.6,11233,10634,12168,11260,11124,10809,10131,10489,7033.7,12698,6052.9,14689,12773,9595.2,9542.6,10183,9366.3,6637.8,8384,9101.4,7323,5960.5,8814,9509.7,14110,12405,11192,12127,11179,12018,10365,9252.3,10961,9876.9,6389.7,8967.7,11056,9810.5,9608.5,7613.5,11443,10116,6466.1,9095.7,12082,10413,9574.4,7707.7
14162,11704,16168,15742,13624,13326,12253,7954.7,9682.1,8835.5,9439,8527.5,10189,6882.4,3806.3,6105,11148,11038,10603,11075,11480,10926,9490.7,10571,6753.3,12844,5809.6,14844,12735,9820.9,9807.1,10737,8023.8,6146.1,8227.5,9222.3,5100.8,6129.6,9087.5,9822.1,13347,11519,10767,10673,9927.5,10432,10031,9785.1,14792,12283,15424,14908,14072,13612,12045,9628,11187,10570,10768,9479.5,10503,6224.8,3807.9,7614.9,11232,10628,12144,11251,11111,10811,10134,10469,7019.8,12686,6074.5,14716,12763,9604.1,9550.2,10174,9366.8,6658.9,8408.5,9072.2,7338.2,5947,8787.3,9514.7,14042,12386,11185,12105,11191,11978,10350,9255.3,11018,9851.3,6355.8,8952,11145,9853.7,9604.3,7626.6,11436,10083,6493.2,9091.1,12191,10323,9553,7696.8
14141,11703,16137,15739,13579,13294,12281,7961.7,9728.4,8861.8,9443.9,8536.7,10208,6888.4,3784.4,6119.4,11168,11043,10644,11077,11484,10921,9474.6,10588,6762.6,12863,5859.8,14859,12709,9830.9,9805,10767,8028,6141,8212.2,9242.1,5121.5,6150.6,9103,9820.8,13361,11475,10772,10691,9934.5,10432,10118,9776.1,14798,12258,15436,14906,14075,13641,12049,9619.2,11183,10616,10769,9514.9,10505,6210,3817.7,7632.3,11233,10637,12177,11266,11092,10805,10123,10507,7015.9,12697,6052.6,14706,12780,9603,9548.6,10254,9378.5,6665.9,8386.5,9086.1,7357.8,5931.6,8804.5,9507.3,14122,12392,11138,12152,11145,12061,10260,9261.7,10979,9915.9,6382.7,8911.2,11123,9863.7,9574.4,7633.8,11381,10107,6423,9102.2,12148,10357,9573.3,7703
14156,11692,16137,15725,13566,13327,12280,7929.9,9686.3,8851.2,9451.1,8549.7,10231,6857.6,3774,6100.8,11173,11076,10637,11079,11461,10940,9492.4,10604,6824.9,12835,5822.9,14851,12732,9808.8,9823.1,10807,7993.8,6194.7,8258,9233.5,5158.3,6179.5,9096.4,9842.4,13330,11482,10795,10680,9913.2,10467,10075,9822.9,14797,12244,15428,14916,14044,13613,12067,9639.2,11140,10634,10778,9501.7,10523,6162.7,3814.4,7654.4,11226,10624,12159,11250,11093,10834,10149,10520,6998,12679,6014.9,14708,12736,9583.3,9568.1,10238,9403.8,6639.5,8395.4,9109.9,7353.9,5994.2,8838.3,9550.1,14060,12399,11137,12109,11087,11987,10349,9282.9,11002,9883.6,6353.5,8953.7,11089,9791.6,9580.7,7621.9,11395,10092,6493.4,9074.6,12108,10326,9579.1,7704.6
14156,11689,16150,15726,13605,13303,12284,7952.3,9688.3,8849.7,9429.4,8536.9,10208,6868.2,3800,6144.9,11185,11062,10617,11062,11444,10946,9502.2,10640,6762.2,12845,5839.2,14803,12699,9808.7,9816,10841,8027.7,6175.1,8292.1,9259.9,5153.2,6166,9131.5,9821.1,13339,11514,10813,10648,9924,10422,10093,9809.1,14794,12223,15419,14913,14068,13597,12060,9638.3,11147,10619,10790,9533,10494,6218.3,3831,7650.5,11237,10624,12135,11240,11116,10828,10146,10535,7010.5,12659,6063.3,14729,12733,9624,9563.1,10266,9394.9,6642.8,8435.2,9121.5,7342.3,5971.2,8812.9,9549.8,13991,12365,11156,12123,11084,12071,10313,9270.7,10988,9892,6326.8,8966.4,11057,9798.2,9599.8,7637.1,11399,10134,6452.8,9077.9,12080,10271,9594.2,7698.6
14168,11707,16170,15732,13582,13329,12263,7956.3,9739.9,8823.7,9451.3,8528.7,10184,6869.5,3801.1,6136.2,11171,11028,10611,11049,11480,10938,9503.5,10617,6814.1,12840,5882.4,14835,12689,9819,9801.8,10802,8028.4,6170.3,8302.2,9268,5142.4,6116,9097.3,9822.2,13306,11510,10803,10675,9896.2,10435,10073,9805.9,14799,12254,15429,14927,14079,13602,12056,9607.7,11203,10613,10776,9522.2,10494,6219.4,3846.6,7650.7,11226,10614,12191,11243,11083,10834,10160,10531,7062.3,12669,6083.2,14717,12738,9594.7,9557.6,10249,9410.9,6644.6,8442.7,9123.7,7357.6,5947.5,8834.7,9539.5,14068,12358,11153,12115,11116,12039,10347,9265.9,10984,9891.4,6381.6,8952.6,11176,9847.5,9593.9,7617.9,11394,10100,6401.3,9100.7,12124,10329,9599.2,7684.1
14168,11697,16153,15724,13626,13296,12271,7958.8,9722.8,8859.6,9464.8,8530.9,10209,6927.2,3779.3,6095.9,11173,11041,10628,11070,11485,10939,9511,10657,6832,12844,5888.7,14830,12708,9803.3,9766.7,10806,8030.8,6201.9,8245.3,9249,5145.6,6155.6,9139.7,9828.6,13298,11538,10770,10740,9901.6,10408,10006,9825.7,14799,12280,15442,14917,14046,13643,12072,9607,11208,10616,10772,9514.2,10514,6245.5,3834.1,7655.7,11235,10618,12166,11252,11095,10848,10160,10513,7045.3,12685,6044.1,14691,12746,9572.6,9574.4,10259,9422.6,6679.5,8392.3,9120.8,7394,5971.3,8814.8,9555.1,14072,12401,11147,12130,11070,12052,10339,9279.1,10949,9855.5,6341.8,8939.8,11086,9807.8,9576.8,7634.4,11409,10090,6464,9098.2,12049,10393,9610.8,7707.5
14161,11709,16132,15720,13583,13301,12273,7969,9707,8855.5,9462.6,8531.1,10212,6843.9,3800,6124.7,11179,11009,10631,11036,11452,10937,9498.3,10621,6802.7,12817,5823.6,14839,12682,9829.1,9784.6,10814,8035.7,6206.8,8259.9,9275.7,5101.7,6132.6,9112.7,9851.3,13272,11495,10810,10686,9890.2,10448,10100,9809.1,14787,12278,15415,14916,14047,13649,12071,9627.9,11175,10602,10787,9511.6,10532,6196.5,3816.3,7644.7,11240,10617,12173,11239,11085,10847,10155,10514,7083.6,12674,6066.6,14670,12743,9639.9,9549.1,10269,9394.7,6641.9,8391.5,9116.1,7372.6,5946.1,8797,9558.6,14078,12383,11194,12166,11128,12063,10349,9269.6,10962,9879.9,6305.5,8952.5,11157,9777.8,9643,7627.3,11363,10111,6473.1,9079,12154,10342,9619.9,7703.3
14155,11701,16148,15714,13568,13268,12265,7960.3,9694.3,8840.9,9398.7,8535.6,10238,6818.5,3797,6113.1,11188,11051,10612,11048,11472,10942,9509,10606,6817.2,12785,5880.7,14820,12665,9829.6,9811.2,10773,8021.9,6199.8,8318.8,9264.8,5139.3,6131.1,9110.8,9855,13291,11508,10830,10636,9858.9,10478,10084,9828,14778,12286,15405,14895,14068,13615,12063,9627.5,11170,10618,10807,9543.9,10532,6205.8,3796.4,7651.9,11270,10642,12178,11241,11097,10861,10164,10501,7076.7,12664,6082.6,14667,12687,9613.8,9543.9,10272,9389.3,6632.2,8451.1,9131.6,7381.3,6003.8,8833.6,9546.3,14095,12361,11201,12136,11144,12027,10339,9279.3,10970,9852,6307,8949.3,11139,9825.9,9652.5,7630.5,11358,10073,6519.9,9107.5,12060,10264,9617.8,7725.6
14143,11683,16132,15704,13560,13251,12271,7932.4,9660.5,8841.5,9442,8537.4,10189,6864.1,3802.9,6132.7,11207,11050,10644,11021,11481,10957,9494.4,10598,6851,12817,5880.7,14790,12650,9823,9828.4,10761,8013.6,6215.6,8270.8,9256.8,5139.2,6122.6,9132,9819.1,13249,11474,10766,10687,9911.7,10390,10006,9825.6,14781,12257,15413,14906,14066,13588,12070,9614,11185,10623,10774,9520.8,10525,6234.3,3823.7,7663.2,11252,10634,12145,11233,11107,10870,10159,10501,7044.9,12655,6039.1,14655,12739,9596.3,9590.7,10308,9361.5,6623.4,8356.9,9129.7,7373.6,5999.5,8807.7,9554,14074,12395,11184,12089,11125,12069,10410,9277,11037,9839.9,6314.1,8961.7,11157,9846.3,9603,7629.1,11354,10130,6441.3,9092.9,12053,10299,9598.3,7712.7
14132,11698,16117,15714,13573,13258,12272,7950,9719.1,8877.2,9441.6,8540.7,10193,6886.7,3824.8,6136.4,11195,11077,10631,11016,11474,10959,9518.5,10655,6820.4,12838,5866.9,14808,12696,9818.4,9806,10796,7994.3,6196.9,8286.1,9270.2,5162.8,6170.8,9118.5,9854.4,13230,11477,10774,10696,9901.1,10434,10074,9832.3,14787,12276,15404,14901,14014,13637,12081,9595.2,11161,10662,10774,9522.8,10523,6220.9,3852.2,7699.3,11259,10645,12167,11255,11105,10896,10160,10534,7040.9,12673,6110.2,14665,12731,9618.9,9597.3,10322,9408.7,6664,8402.8,9125.3,7332.9,5963,8810.7,9537.3,14044,12373,11179,12106,11110,12083,10414,9310.4,10984,9855.9,6244.5,8951.1,11214,9865.7,9599.1,7618.4,11355,10088,6538.9,9100.9,12117,10422,9612.2,7709.8
14155,11690,16115,15715,13571,13262,12270,7956.5,9706,8835.9,9464,8559.9,10209,6844.1,3837.3,6135.1,11186,11012,10621,11022,11491,10965,9510.4,10636,6831.9,12779,5894.9,14812,12692,9789.9,9827.4,10793,7990.5,6213.9,8330.2,9225.6,5139,6183.8,9141.8,9842.2,13224,11484,10796,10717,9912.2,10464,10149,9812.3,14782,12236,15417,14897,14080,13618,12068,9630,11143,10599,10778,9542.8,10521,6267.7,3841.5,7684.9,11258,10631,12169,11241,11095,10884,10160,10527,7061,12677,6085.2,14680,12713,9594.7,9582.5,10300,9405.1,6627.6,8455.5,9120.5,7385.7,5966.6,8831.7,9521.7,14029,12389,11172,12135,11056,11988,10383,9295.4,10999,9844.4,6204.4,8971.2,11094,9850.7,9600.9,7604.4,11376,10131,6448.8,9094.2,12113,10373,9588.1,7713.5
14139,11714,16142,15718,13559,13276,12263,7939.4,9686.6,8841.3,9455.3,8533.4,10201,6888.8,3795.6,6109.1,11190,11017,10637,11027,11483,10956,9496,10664,6802.5,12783,5859,14815,12682,9775.3,9789.1,10756,8041.8,6189.2,8251.9,9271.1,5124.6,6146.7,9133.7,9842.9,13245,11480,10795,10724,9872.3,10465,10112,9821.4,14784,12273,15406,14934,14080,13613,12073,9639,11189,10628,10803,9550.1,10543,6202.3,3854.1,7689.7,11273,10629,12179,11235,11108,10885,10155,10503,7057.1,12636,6099.3,14661,12688,9587.3,9568.2,10279,9388.7,6626.8,8408.1,9112.6,7389.6,6007.4,8848,9516,14077,12367,11185,12053,11177,12044,10393,9269,10996,9885.8,6339.9,8978,11052,9900.4,9657.1,7625.7,11387,10124,6543.8,9097.5,12141,10341,9616.9,7722.1
14140,11737,16118,15704,13583,13243,12261,7954.8,9674.7,8885.7,9467.5,8530.8,10204,6879.5,3793,6155.9,11205,11033,10623,11050,11481,10967,9513.4,10586,6832,12797,5801.4,14828,12665,9834.1,9828.8,10783,7989.4,6194,8317.6,9266,5151.4,6197.8,9113.1,9829.7,13231,11507,10781,10652,9906.5,10434,10067,9817.7,14776,12273,15395,14929,14028,13617,12077,9625.7,11199,10639,10796,9523.3,10525,6229.6,3845.4,7673,11250,10629,12167,11218,11076,10881,10176,10549,7071.6,12621,6046.3,14651,12721,9643.2,9604.9,10330,9403.3,6662.1,8438.9,9115.3,7333.6,6014.3,8825.1,9533,13989,12421,11142,12088,11100,12099,10334,9278.2,11010,9873.5,6307.6,8962.1,11084,9855.9,9637.4,7629.6,11351,10084,6411.6,9104.7,12124,10356,9578.3,7684
14135,11699,16136,15710,13567,13276,12264,7964.9,9711.7,8888.2,9487.9,8529,10210,6843.3,3809.1,6115.1,11195,11036,10646,11018,11477,10972,9498.6,10625,6803.5,12832,5785,14812,12692,9776,9819.2,10816,8004,6248.7,8313.7,9246.7,5130.8,6180.8,9142.6,9820.5,13216,11480,10784,10700,9867.6,10451,10153,9815.4,14765,12274,15399,14898,14036,13614,12055,9626.7,11170,10606,10816,9501.4,10528,6255.9,3819.4,7657.4,11258,10624,12166,11235,11090,10883,10170,10495,7062.4,12673,6056.9,14670,12707,9591,9569.9,10276,9384,6686,8399.5,9122.4,7359.9,5960.1,8802.2,9503.2,13998,12394,11187,12109,11179,12092,10329,9288,11019,9886.3,6331.2,8950.7,11211,9875.7,9655.8,7598.3,11400,10117,6500.6,9076.7,12138,10400,9630.6,7710.3
14126,11727,16123,15720,13573,13265,12269,7975.8,9760.7,8852.9,9476.7,8540.1,10214,6866.7,3795.2,6179.8,11209,10999,10645,11010,11478,10953,9477.5,10612,6803.4,12819,5857.9,14854,12713,9823.6,9834.1,10740,8006.1,6208.8,8339.2,9261.5,5113.2,6186.3,9147.4,9813.5,13233,11516,10803,10643,9887.8,10445,10056,9791.3,14774,12283,15378,14905,14065,13589,12059,9654.1,11201,10652,10863,9540.6,10565,6234.4,3862.4,7659.5,11266,10645,12174,11216,11093,10886,10131,10526,7076,12620,6155.2,14652,12703,9600.1,9619.7,10342,9424.7,6696.5,8462.1,9142.2,7409.5,5961.2,8851.5,9498.5,14019,12401,11185,12077,11127,12093,10419,9224.3,10982,9867.3,6383.7,8985.1,11225,9820.5,9635.6,7626.2,11379,10110,6504.4,9130.1,12153,10377,9676.1,7713.3
14111,11713,16133,15715,13551,13244,12274,7959.4,9742.9,8874.2,9449,8536.9,10196,6844.8,3801.3,6102.3,11205,10987,10629,11004,11459,10952,9508.7,10653,6839,12829,5837.7,14825,12701,9783.6,9821.3,10743,8016.6,6197.7,8325.5,9240.6,5144.6,6208.5,9165.1,9846.3,13252,11515,10787,10753,9901.7,10434,10070,9806.6,14761,12281,15398,14901,14039,13569,12058,9641.2,11207,10637,10806,9570.7,10567,6239.6,3842.8,7665.9,11260,10626,12180,11250,11080,10892,10140,10518,7037.2,12648,6112.9,14671,12753,9586.1,9576.6,10289,9404,6668.1,8439.4,9131.2,7436,5994.2,8835.7,9521.7,14037,12398,11175,12163,11089,12086,10344,9272,11002,9862.8,6312.9,8981.1,11157,9822.2,9655.8,7610.4,11399,10074,6518.1,9092.8,12125,10397,9624.8,7705.7
14128,11734,16124,15686,13584,13250,12268,7962.2,9680.8,8848.4,9463.9,8543.8,10231,6891.4,3785.5,6119.3,11214,10994,10623,11013,11456,10944,9483.7,10616,6820.5,12818,5834.7,14834,12680,9803.8,9831.8,10767,8017.7,6198.2,8326.9,9262,5144.3,6207.3,9171.9,9852.3,13178,11519,10818,10729,9922.9,10487,10062,9791.2,14763,12269,15393,14884,14067,13606,12060,9635,11252,10617,10832,9541.9,10552,6233.2,3844.3,7688.1,11277,10618,12166,11228,11056,10882,10131,10529,7123,12664,6103,14661,12712,9598.6,9575.4,10282,9401.4,6698.8,8450.1,9126.7,7388,6013.4,8821.1,9519.5,14054,12383,11203,12159,11138,12041,10420,9244.6,11044,9856.7,6382,8965.1,11007,9956,9643,7656.3,11370,10102,6449.9,9121.1,12152,10443,9668.5,7701.6
14135,11690,16128,15695,13587,13288,12264,7969.9,9686.5,8855.9,9428.9,8515,10218,6856.5,3796.8,6144.6,11207,10981,10644,11020,11429,10949,9498.1,10623,6824.8,12795,5907,14811,12692,9791.4,9819.1,10810,8011.4,6197.4,8310.7,9282.5,5119.9,6153.1,9144.6,9840.2,13279,11525,10856,10680,9942.3,10427,10066,9779.4,14771,12257,15393,14903,14085,13593,12064,9623.4,11194,10611,10795,9529.3,10537,6264.2,3858.1,7683.6,11257,10596,12142,11236,11051,10856,10127,10486,7016.5,12675,6111.9,14636,12712,9602.6,9586.5,10295,9391.9,6672.4,8447.4,9136.9,7384.6,5956.4,8818.4,9515.7,13993,12399,11144,12142,11142,12110,10327,9241.6,11042,9872.3,6375,8983.4,11264,9879.2,9646.3,7643.3,11434,10096,6551.2,9116.4,12098,10336,9639.2,7711.7
14114,11688,16131,15690,13569,13263,12270,7957.4,9684.6,8820.3,9431,8517.2,10253,6858.1,3782.1,6138.4,11190,10997,10640,11006,11457,10969,9505,10621,6797.4,12815,5872,14826,12710,9791.6,9824.9,10803,8039.4,6194.3,8316.9,9261.9,5124.9,6135.7,9137.6,9832.5,13211,11502,10803,10698,9944.7,10491,10115,9794.5,14753,12285,15415,14871,14047,13599,12052,9626.2,11172,10601,10819,9543,10548,6221.3,3858.6,7677.6,11258,10594,12143,11239,11078,10878,10163,10482,7085,12663,6085.6,14629,12722,9593.4,9580.5,10350,9391.3,6669.9,8454.1,9146.1,7397.2,5975.6,8838.3,9496.9,13945,12383,11145,12088,11237,12086,10336,9248.2,11022,9875.3,6349.9,8981.6,11111,9910.4,9602.5,7644.1,11431,10120,6510.2,9105.3,12201,10397,9639.9,7714.2
14134,11648,16135,15698,13572,13236,12268,7960.3,9667.2,8818.2,9466.6,8530.7,10207,6858.9,3779.5,6142.3,11197,11002,10610,11001,11444,10966,9501.8,10613,6801.5,12787,5837.1,14788,12685,9799.1,9837.2,10799,8009.5,6211.6,8268.7,9268.5,5135.5,6172.7,9156.9,9855.2,13226,11467,10765,10675,9922,10406,10157,9788.4,14775,12270,15417,14900,14036,13607,12051,9620.5,11240,10601,10811,9525.4,10558,6258.5,3855.1,7683.3,11241,10621,12163,11235,11065,10873,10159,10495,7120.8,12616,6079,14619,12699,9591.6,9588.4,10306,9362.9,6665.1,8417.9,9117.5,7404.1,5997.8,8846.6,9503.2,13975,12368,11162,12109,11178,12117,10387,9240.6,11012,9893.3,6415.3,8999.3,11221,9887.4,9615.8,7646.2,11454,10112,6434.3,9126.2,12146,10407,9641.7,7722.4
14106,11705,16144,15675,13549,13268,12263,7932.8,9679.2,8829,9452.5,8520,10242,6871.4,3812.3,6168,11213,11010,10608,11006,11465,10979,9502.3,10632,6835.6,12820,5855.7,14803,12651,9809,9843.4,10793,8015.7,6194.1,8286.2,9290.1,5140.7,6181.6,9178,9857.1,13203,11495,10791,10679,9871.5,10488,10099,9803.5,14763,12236,15420,14919,14058,13598,12069,9626.4,11186,10607,10856,9539.9,10561,6210.4,3873.6,7697.8,11265,10617,12136,11236,11074,10889,10169,10517,7086.3,12633,6083.5,14603,12701,9573.4,9586.2,10290,9377.1,6620.2,8525.5,9137.3,7367.7,5941.8,8821.2,9537.4,13948,12336,11175,12087,11159,12092,10344,9261.7,11054,9877.9,6324.9,8959.1,11035,9822.2,9637.9,7649.4,11444,10076,6387.9,9103,12178,10338,9589.2,7707.1
14130,11684,16112,15692,13576,13269,12261,7961.1,9664.1,8844.2,9447.3,8509.4,10187,6879.5,3783.3,6152.3,11197,11012,10644,11003,11445,10959,9493.4,10651,6868.3,12812,5868.1,14806,12688,9813.8,9820.5,10803,8041.4,6212.7,8323.6,9291.4,5199.3,6169.5,9157.2,9858.7,13209,11492,10772,10675,9860.3,10451,10121,9786.2,14777,12260,15396,14910,14097,13583,12059,9627.7,11184,10616,10830,9519.4,10531,6232,3852.2,7692,11242,10597,12169,11233,11061,10883,10168,10488,7060.1,12643,6103.1,14624,12686,9618.3,9600.3,10334,9427.6,6693.4,8474.8,9150.5,7388.3,5995,8874.8,9546.2,13963,12366,11156,12144,11141,12052,10383,9247.2,11012,9900.9,6316.5,8999.9,11216,9864.1,9652,7635.1,11426,10117,6463.5,9107.2,12201,10354,9594,7709.6
14102,11694,16122,15702,13571,13275,12279,7939,9694.3,8852.8,9418,8518.6,10204,6895.7,3814.5,6174.8,11217,10998,10600,10999,11468,10963,9500.3,10671,6869.2,12814,5892.8,14793,12688,9818.2,9838.5,10842,8019.5,6183.3,8281.5,9271.7,5170,6188.5,9151.7,9861.2,13206,11502,10789,10730,9914.8,10460,10164,9811.1,14758,12268,15402,14894,14021,13599,12064,9613.4,11150,10591,10813,9512.9,10547,6241.5,3859.4,7672.7,11257,10605,12125,11226,11059,10880,10155,10531,7064,12623,6101.5,14646,12746,9558.1,9629.8,10309,9380.8,6709.3,8463.8,9137.8,7389.4,5979.6,8855.7,9545.7,13946,12345,11152,12047,11163,12087,10371,9275.5,11060,9907.8,6226.9,8968.4,11271,9903.7,9625.8,7633.6,11399,10098,6476.4,9112.2,12126,10387,9613.3,7703.7
14110,11673,16138,15686,13568,13242,12267,7952.2,9736.1,8848,9459.6,8541,10214,6887.6,3803.3,6149.4,11221,11002,10644,10990,11461,10975,9509.2,10635,6860.7,12831,5850.3,14756,12678,9778,9868.6,10815,8019.3,6205.8,8312.7,9300.1,5161,6168.9,9160,9856.9,13235,11476,10763,10624,9903.2,10501,10018,9771.6,14750,12266,15416,14875,14043,13563,12043,9635.9,11153,10597,10805,9515.9,10540,6171,3828,7677,11254,10584,12159,11187,11069,10893,10146,10501,7038.6,12604,6070.7,14650,12706,9576.6,9618.7,10357,9404.5,6677.1,8448.7,9133,7381,5949.7,8841.6,9513.2,13963,12339,11170,12116,11141,11987,10402,9247.7,10966,9876.3,6357.1,8982.5,11186,9936.6,9602.5,7654.4,11386,10125,6485.9,9105,12231,10367,9633.4,7696.8
14106,11675,16121,15714,13583,13286,12269,7945,9713.6,8861.6,9443.1,8508.3,10224,6821.2,3776.6,6164.1,11201,11002,10658,11020,11455,10962,9494.3,10656,6769.8,12818,5831.9,14779,12659,9801.1,9829.5,10826,8021.2,6212.8,8269.1,9272.4,5109.5,6201.3,9179.4,9847.6,13249,11522,10759,10704,9934.9,10455,10117,9786.1,14746,12248,15423,14899,14135,13572,12054,9628.5,11192,10635,10806,9521.7,10534,6190.2,3845.3,7688.1,11257,10599,12133,11239,11074,10886,10135,10513,7053.8,12602,6048.5,14644,12730,9589.7,9620.6,10308,9370.5,6664.4,8425.3,9124.2,7344.2,6008.6,8853.3,9527.4,14041,12343,11135,12071,11153,12025,10391,9233.7,11020,9860.5,6302.5,9000.6,11183,9836.6,9629.2,7645.8,11334,10138,6448.5,9110.4,12186,10362,9606,7720.9
14105,11693,16104,15711,13622,13284,12263,7942.5,9735.8,8824.2,9429,8533.4,10216,6847.6,3792,6159.1,11184,10992,10669,11021,11462,10979,9516.4,10676,6776.9,12841,5868.9,14806,12716,9824.2,9845,10851,8029.5,6207.3,8346,9303.2,5122.6,6159.5,9174.1,9872.1,13255,11520,10798,10676,9918.2,10486,10178,9799.3,14743,12254,15387,14888,14082,13576,12071,9625.1,11211,10611,10735,9484.3,10536,6229.9,3852.3,7683.1,11236,10594,12149,11229,11073,10891,10147,10563,7050.7,12607,6129.9,14612,12703,9631,9607.5,10352,9376.3,6707.4,8425.4,9161.2,7385,5995.1,8850.2,9551,13975,12384,11146,12091,11104,12082,10424,9253.4,11022,9880.9,6379.2,9000.4,11064,9878.2,9630.3,7642.8,11380,10174,6478.8,9126.5,11970,10404,9611.3,7710.9
14122,11699,16127,15692,13628,13289,12267,7967.9,9767,8855.5,9494.1,8547.3,10249,6900,3811.2,6165.6,11197,10983,10641,11002,11467,10996,9507.9,10680,6822.8,12807,5872.7,14796,12652,9788.4,9851.2,10845,8037,6235.4,8319.3,9278,5144.3,6183.4,9169.6,9842.3,13257,11527,10808,10672,9916.6,10457,10194,9813.5,14747,12254,15383,14898,14121,13585,12061,9618.5,11203,10638,10830,9507.9,10541,6230.5,3875.8,7694.6,11238,10565,12139,11246,11086,10895,10158,10546,7041.8,12614,6103.5,14611,12689,9606.1,9604.6,10322,9387.7,6630.2,8426.4,9126.8,7421.6,6030.9,8832,9568.8,13960,12338,11169,12118,11094,12031,10412,9302.9,11021,9847,6221.5,8986.7,11121,9920.6,9577.4,7626.7,11365,10085,6383.2,9088.9,12198,10460,9642,7706.9
14133,11676,16126,15684,13621,13289,12253,7977.6,9762.1,8857.7,9461.3,8559.8,10246,6905.6,3808.3,6174.9,11192,10961,10612,11007,11497,10989,9522.6,10607,6855.6,12768,5821.7,14797,12654,9814.1,9846.4,10828,8009.9,6250.5,8353.4,9307.5,5134.3,6194,9195.6,9865.3,13237,11490,10793,10645,9915.9,10432,10092,9801.9,14736,12239,15390,14871,14089,13560,12047,9628,11231,10613,10851,9536.7,10565,6247.1,3863.4,7697.2,11238,10567,12110,11210,11065,10880,10151,10526,7124.5,12638,6125.8,14631,12695,9594.8,9614.8,10333,9384,6656.9,8456,9162,7392.5,6005.6,8852.1,9541.2,13995,12397,11157,12059,11126,12013,10428,9281.8,10995,9859.8,6274.5,8998.7,11058,9944,9631.9,7636.6,11416,10095,6364.4,9091.1,12203,10399,9656.8,7723.8
14131,11684,16124,15701,13635,13282,12251,7956.5,9710,8884,9490.8,8565.5,10223,6911,3820.2,6151.4,11184,10962,10619,10993,11491,11003,9499.1,10629,6836.2,12785,5889.7,14791,12684,9839.6,9854.3,10852,8044.7,6209.2,8338.5,9285.5,5126.8,6221.7,9181.6,9872.8,13213,11458,10792,10678,9908.7,10491,10107,9776,14762,12222,15379,14873,14078,13574,12041,9638.9,11198,10619,10848,9530.9,10572,6272.1,3828.8,7720,11241,10594,12093,11219,11085,10903,10149,10525,7072.3,12644,6046.3,14648,12712,9618.3,9628.9,10333,9435.4,6648,8443.1,9152.1,7399.8,5982.8,8846.5,9535.4,13934,12384,11152,12091,11160,11985,10459,9304.2,11030,9855.5,6285.9,8963.8,11137,9910.4,9633,7641.4,11366,10108,6445,9122.1,12138,10382,9611.7,7713.1
14130,11678,16151,15690,13596,13283,12245,7960.7,9711.8,8839.8,9441,8555.2,10256,6905.7,3820.5,6135.3,11182,10975,10610,10994,11518,10982,9500,10628,6806.4,12774,5911.8,14805,12685,9813.5,9832.9,10805,8036.6,6184.6,8320.3,9273.5,5171.5,6163.7,9169.9,9841.7,13265,11500,10801,10762,9881.6,10465,10146,9776.3,14742,12235,15407,14872,14087,13569,12037,9644,11243,10596,10866,9552.2,10557,6230,3835.9,7667.8,11246,10577,12064,11224,11098,10874,10139,10498,7063.1,12572,6056.7,14638,12711,9572.7,9593.6,10323,9378.1,6662.8,8495.7,9122.1,7409.4,5980.8,8853.2,9529.8,13970,12337,11113,12074,11185,12051,10378,9285,10937,9879.3,6335.9,8972.3,11086,9869.5,9649.5,7638.1,11379,10078,6449.4,9107.5,12135,10386,9587.4,7713.7
14113,11681,16159,15700,13604,13264,12245,7960.9,9724.8,8815,9489.2,8554.5,10229,6860,3798.1,6113.8,11173,10991,10589,10995,11515,11001,9500.6,10649,6827.1,12802,5852.4,14815,12665,9831.5,9846.8,10823,8027.1,6258.1,8300.3,9252.4,5130.6,6174.2,9142.9,9837.6,13229,11436,10759,10697,9867.3,10416,10110,9790.2,14737,12227,15412,14897,14063,13588,12022,9635,11231,10608,10802,9561.7,10559,6241.5,3806.9,7660.6,11229,10569,12101,11212,11092,10901,10155,10531,7069.3,12613,6129.6,14645,12692,9653.5,9597.3,10289,9358.8,6696.8,8428.1,9106.5,7377.6,6015,8821.6,9535.1,13948,12345,11134,12094,11038,12055,10426,9289.1,10948,9877.8,6417.2,8980.1,11119,9802.7,9650.3,7634,11351,10088,6434.3,9110.9,12163,10436,9620.2,7708
14151,11690,16159,15714,13617,13281,12234,7968.1,9705.8,8854.9,9535.1,8563.5,10212,6851.9,3788.2,6163.8,11182,10980,10600,10997,11502,11005,9507.3,10626,6806.8,12778,5867.3,14825,12680,9815.4,9847.8,10786,8051.1,6255.5,8307.6,9236.1,5151.5,6167.8,9191.8,9851.1,13208,11487,10798,10729,9908.2,10441,10056,9790.4,14756,12230,15415,14897,14131,13580,12036,9643.4,11215,10659,10817,9551.8,10544,6239.6,3821.7,7659.6,11224,10541,12083,11213,11100,10896,10155,10465,7117.7,12615,6094.3,14665,12700,9591.7,9584.4,10262,9381.4,6683.8,8382.7,9121.9,7320.6,5990.2,8824.7,9531.9,13974,12344,11082,12071,11156,12104,10305,9268.2,10983,9847.3,6420.2,8943.9,11320,9838.3,9622.1,7628.5,11362,10081,6463,9114.5,12186,10374,9625.3,7696.3
14150,11699,16157,15707,13654,13269,12235,7964.7,9742.8,8848.9,9481.7,8554.9,10236,6882.7,3788.8,6141.2,11154,10965,10558,10982,11540,10998,9499,10611,6809.1,12765,5913.2,14837,12685,9801.8,9844.3,10782,8066.8,6237.6,8331.4,9240.3,5190.1,6180.6,9179.4,9830.1,13279,11448,10732,10698,9845.9,10411,10046,9800.1,14767,12260,15402,14881,14138,13574,12020,9661,11238,10607,10851,9542.4,10562,6326.5,3837.8,7673.2,11214,10544,12051,11204,11116,10889,10160,10506,7099.2,12616,6130.4,14687,12702,9614.6,9570.9,10235,9425.7,6676.7,8494.6,9127.5,7399.8,5995.3,8816.3,9512.5,13989,12336,11106,12069,11153,12125,10398,9260.6,10974,9878.5,6280.5,8963.6,11173,9891.4,9627.5,7630.8,11342,10091,6544.5,9076.7,12066,10340,9644,7704.4
14164,11701,16150,15703,13581,13269,12236,7985.8,9714.1,8891.9,9517.7,8551.8,10252,6914.3,3793.8,6146.1,11161,10962,10535,10969,11535,10997,9513.8,10602,6872,12766,5918.7,14835,12639,9819.8,9831.5,10750,8043.9,6242.1,8366.7,9233,5170.2,6157.8,9160.6,9843.8,13204,11468,10766,10702,9908.8,10458,10083,9784.4,14773,12218,15427,14877,14071,13591,12022,9664.3,11230,10620,10855,9568.4,10568,6270.3,3858,7637.6,11239,10538,12063,11208,11147,10884,10144,10431,7157.6,12600,6100.5,14654,12701,9614.6,9579.9,10253,9410.3,6685,8466,9108.1,7449.3,5965.3,8807.8,9533.1,14008,12357,11210,12192,11159,12058,10333,9278.2,10966,9860.6,6324.2,8982.7,11092,9803.5,9621.7,7632.3,11350,10122,6424.4,9108.7,12056,10348,9617.1,7700.1
14162,11684,16165,15706,13555,13251,12237,7975.6,9692.5,8883.3,9511.4,8559.6,10234,6923.9,3806.2,6140,11163,10957,10540,10963,11529,11013,9515.8,10590,6870.5,12710,5878.5,14840,12650,9787,9846.4,10782,8003.2,6207.9,8323.3,9240.8,5165.3,6174.8,9151.5,9833.3,13256,11478,10730,10608,9915.5,10517,10087,9796,14778,12224,15431,14876,14104,13569,12017,9642.3,11234,10608,10848,9587.8,10579,6232.1,3866.8,7619.6,11229,10512,12069,11209,11135,10898,10153,10480,7122.5,12565,6165.9,14662,12678,9588.4,9580.8,10271,9423.7,6726.9,8469.3,9115,7426.3,6017.8,8824.8,9493.5,13918,12316,11157,12019,11224,12040,10335,9275.2,10924,9772.8,6321.9,8957.5,11166,9802.2,9643,7648.5,11331,10078,6440.1,9081,12131,10401,9649.5,7737.3
14143,11701,16161,15706,13575,13262,12230,7976.1,9713,8861.5,9479.6,8579.4,10226,6837.3,3802.2,6128.2,11156,10947,10544,10962,11532,11013,9491.3,10586,6831.3,12726,5845.3,14860,12683,9810.2,9853.5,10784,8042.5,6218.1,8309,9232.8,5111.7,6176.4,9144.7,9787.7,13208,11459,10750,10636,9890.5,10438,10079,9753.7,14771,12209,15426,14863,14077,13595,12006,9648.1,11230,10641,10855,9575.5,10554,6244.1,3864,7645.5,11219,10506,12073,11210,11127,10899,10131,10483,7134.4,12582,6131.7,14684,12734,9617.7,9593.6,10254,9414.8,6650.2,8439.2,9069.2,7387.6,6017,8793.7,9492.3,13997,12351,11147,12074,11164,12033,10344,9261.1,10952,9838.6,6300.3,8962.5,11119,9867.4,9632.1,7639.2,11324,10054,6467.8,9082.1,12121,10403,9615,7727.6
14160,11662,16170,15707,13583,13250,12219,7970.2,9688,8883.1,9504.1,8562.7,10205,6829.2,3797.9,6115.9,11169,10950,10572,10985,11568,11011,9493.5,10539,6853.3,12722,5888.4,14842,12673,9833.5,9856.2,10745,8023.4,6262.2,8308.4,9235.8,5139.9,6186.3,9144.9,9821.3,13250,11449,10729,10670,9907.4,10464,10027,9753.1,14768,12235,15431,14881,14052,13548,11992,9622.4,11233,10590,10859,9601,10592,6237.7,3843.9,7620.6,11222,10533,12051,11211,11150,10887,10107,10437,7094.9,12557,6122.6,14663,12708,9626.8,9598.4,10275,9373.7,6691.3,8443.9,9125.5,7327.2,5975.6,8812.2,9484.3,13928,12317,11139,12050,11096,12049,10268,9261.7,10947,9792.5,6306.7,8959.9,11271,9879.3,9634.6,7635.2,11335,10060,6504.9,9126.6,12220,10347,9632.7,7694.7
14172,11714,16163,15720,13616,13306,12219,7974.8,9680.6,8845.4,9514.8,8584,10215,6877,3826.8,6099.1,11159,10949,10580,10983,11568,11009,9500.2,10573,6824.3,12702,5909.1,14849,12685,9852.4,9849.3,10720,8020.3,6241.3,8292.8,9230.9,5199.2,6157,9127.5,9813.8,13219,11429,10755,10685,9835.1,10442,10017,9772.8,14787,12218,15419,14874,14060,13554,12004,9635.5,11256,10627,10883,9618.4,10609,6259.4,3840.5,7629.2,11218,10535,12084,11224,11157,10883,10122,10477,7114.8,12594,6128.3,14691,12716,9642.9,9575.4,10250,9372.1,6693.6,8454.1,9082.3,7355.5,6014.8,8792.3,9473.7,13982,12385,11147,12141,11150,11964,10285,9251.8,10980,9841.6,6320,8938.2,11065,9875.7,9618.3,7614.9,11323,10052,6488,9065.9,12229,10327,9648.7,7710.6
14180,11692,16186,15715,13603,13265,12232,7956.9,9718.7,8898.8,9505.8,8556.7,10211,6893,3820.3,6134.8,11147,10944,10575,10982,11557,11008,9488.8,10594,6858.7,12749,5874,14856,12679,9850,9865.4,10761,8041.5,6209.4,8284.1,9201.3,5127.2,6138,9117.7,9812.1,13252,11471,10757,10646,9887.6,10476,10118,9778.5,14805,12217,15439,14882,14103,13575,12004,9634.2,11225,10607,10859,9589.4,10606,6285,3838.4,7648.2,11233,10562,12087,11215,11157,10867,10120,10464,7150.3,12593,6140.2,14682,12751,9619.4,9591,10255,9378.5,6638.2,8389,9084.2,7410.1,5988.4,8793.6,9475.8,13979,12343,11158,12053,11104,12002,10346,9244.8,10964,9787.2,6309.5,8928.4,11109,9873.3,9649.2,7652,11304,10024,6461.2,9082.3,12132,10396,9633.9,7729.3
14180,11699,16185,15715,13601,13249,12210,7980.1,9695,8865.5,9521.8,8570.5,10237,6897,3814.4,6126.3,11144,10956,10567,10990,11539,11007,9501.8,10561,6829.6,12766,5860.4,14869,12701,9858.5,9856,10713,8033.8,6226.9,8238.1,9246.9,5139.6,6162.8,9136.4,9819.8,13275,11486,10790,10712,9906.4,10431,10053,9739.5,14798,12255,15418,14875,14110,13584,12006,9625.1,11182,10638,10847,9574.7,10558,6248.2,3856.4,7654.1,11225,10551,12095,11216,11122,10881,10122,10441,7094.7,12565,6126.5,14681,12729,9632.1,9594.8,10259,9399,6621.1,8426.6,9115.3,7369.3,5943.5,8799.1,9489.2,13961,12345,11159,12054,11137,12012,10314,9237.5,10936,9817.5,6301.3,8955.3,11199,9833.3,9607.5,7633.1,11368,10055,6523.8,9067.7,12078,10377,9601.6,7720.4
14185,11659,16168,15719,13601,13273,12210,7998,9713,8867.4,9488.8,8601.1,10215,6890.5,3766.3,6117.6,11154,10953,10575,10995,11576,11008,9488.7,10551,6825.4,12724,5916.2,14862,12698,9857.9,9857.6,10746,8039.2,6236.4,8309.2,9224.8,5163.7,6173.2,9101.9,9826.6,13270,11508,10787,10691,9910.5,10460,10072,9748.6,14801,12271,15402,14862,14092,13588,12007,9646.1,11190,10630,10816,9595.1,10577,6258.1,3861.9,7614.4,11223,10544,12123,11212,11130,10875,10116,10493,7090.7,12559,6116,14682,12739,9656.3,9609.4,10252,9375.8,6685.3,8446.4,9081.8,7405.1,6003.3,8825.6,9492.8,14016,12405,11162,12089,11163,12029,10371,9232.3,10910,9829.2,6383.1,8961.3,11268,9858.5,9646.5,7611.1,11307,10063,6445.9,9052.9,12085,10344,9620.8,7706.8
14203,11674,16172,15728,13646,13277,12211,7969.9,9772,8917.2,9507.8,8584.1,10252,6864.7,3816.4,6107.6,11154,10947,10576,11012,11535,11007,9483.6,10540,6843.1,12748,5847.9,14837,12729,9847.9,9860,10722,8063,6162.5,8226.9,9219.4,5128.1,6163,9119.8,9838.8,13229,11504,10828,10669,9873.7,10476,9940.8,9746.1,14791,12228,15425,14879,14113,13565,12005,9640.7,11257,10666,10900,9605.7,10605,6228.4,3840.5,7633.1,11233,10550,12157,11235,11110,10872,10120,10460,7112.9,12560,6059.1,14697,12719,9614.6,9608.5,10228,9394.3,6688.1,8432.4,9086.4,7327,5990,8818.9,9499,14024,12389,11186,12098,11140,12002,10347,9204.6,10958,9805.6,6353.6,8969.7,11199,9924.6,9577.2,7645.3,11313,10059,6483.7,9095.9,12153,10413,9611.9,7734.8
14192,11684,16196,15688,13604,13289,12215,7990.3,9756.5,8895.4,9521.2,8582.7,10219,6883.8,3788,6118.1,11134,10945,10545,10987,11554,11004,9471.7,10518,6858,12743,5898.5,14850,12708,9835.2,9834.8,10703,8049.4,6204.9,8257.3,9210.1,5146.3,6182,9143.1,9836.8,13253,11499,10793,10710,9949.9,10446,10064,9720.6,14788,12241,15422,14857,14024,13573,11999,9634.5,11210,10669,10874,9595.1,10597,6244.2,3840,7637,11240,10551,12115,11232,11121,10864,10122,10426,7065.8,12600,6040.4,14697,12691,9598.4,9576,10218,9369.7,6644.2,8437.4,9097.4,7404.9,5957.9,8843.2,9495.7,13963,12393,11189,12176,11176,12093,10267,9262.5,10912,9768.3,6392.2,8933.8,11257,9903.2,9604.6,7640.9,11338,10043,6552.4,9070.7,12054,10394,9607,7712
14198,11673,16189,15683,13602,13267,12217,8010.5,9704.8,8901.7,9539.5,8595.9,10239,6910.7,3819.1,6105.9,11134,10926,10555,10998,11547,10983,9464.6,10541,6837.9,12748,5880.5,14830,12686,9858.8,9839.6,10690,8034,6188.7,8255.6,9224.1,5178,6161.8,9108.1,9829,13276,11483,10838,10685,9861.4,10518,9984.9,9732,14791,12227,15416,14853,14044,13549,12004,9625.9,11222,10605,10857,9577.6,10587,6264.6,3812.7,7654.3,11239,10559,12124,11226,11080,10849,10112,10410,7121.6,12591,6152.7,14668,12714,9603.3,9573.1,10223,9398.1,6646.8,8376.9,9088,7359.2,5987.2,8811,9482.3,13953,12386,11178,12129,11173,12024,10273,9226.4,10946,9817.3,6370.1,8930.7,11246,9833.2,9612,7637.7,11266,10027,6490,9078.6,12147,10371,9621.9,7702.2
14201,11664,16167,15699,13607,13288,12225,8006.7,9683.2,8896.4,9526.3,8609.5,10217,6898.6,3817.7,6096.5,11155,10941,10570,11005,11559,11003,9476.5,10558,6835.5,12749,5878,14834,12704,9836.3,9837.4,10703,8037.8,6238.4,8273.6,9225.2,5176.4,6144.5,9133.8,9814.4,13199,11502,10818,10698,9925.6,10493,10074,9753.7,14787,12212,15416,14860,14048,13553,12011,9640.5,11225,10615,10811,9597.5,10589,6258.2,3850.3,7623.7,11231,10582,12125,11224,11082,10849,10120,10451,7115.1,12572,6136.4,14650,12697,9583.7,9571.6,10238,9377,6709.8,8444.8,9062.4,7320.7,5975.8,8795.3,9493.4,13913,12383,11183,12091,11144,12035,10272,9233.1,10933,9840.5,6320.3,8952,11252,9843,9601.6,7647.7,11281,10055,6421.3,9059.5,12237,10375,9643,7690.5
14175,11663,16190,15694,13605,13293,12236,7994.5,9701.9,8875.7,9542.8,8609.5,10228,6918.4,3795.4,6110.2,11171,10916,10551,11008,11533,10974,9464.9,10525,6879,12769,5842,14821,12663,9836.5,9824.9,10664,8023.3,6239.8,8298.5,9210.4,5109.2,6158.8,9135.4,9808.9,13203,11498,10822,10691,9860.1,10474,10052,9723.9,14768,12236,15436,14874,14020,13540,12022,9637,11229,10610,10812,9595.9,10587,6277.9,3819,7658.9,11238,10566,12112,11213,11094,10832,10108,10464,7082,12575,6161.7,14649,12672,9598.7,9560.3,10189,9368.1,6673.1,8365.1,9069.3,7325,5973.4,8828.6,9510.4,13983,12368,11138,12159,11145,11956,10307,9218.8,10979,9812,6403.3,8923.5,11217,9899,9603.9,7640.8,11328,10041,6445.8,9059.3,12155,10313,9584,7707.3
14184,11679,16184,15669,13614,13299,12239,7991.9,9715,8890.3,9540,8586.3,10226,6900.7,3803.7,6108,11176,10911,10530,10999,11526,10974,9478.2,10519,6883.9,12807,5878.3,14831,12677,9825,9834.7,10688,8035,6183.2,8206.6,9195.5,5142.7,6170.2,9119.5,9801.2,13261,11493,10812,10693,9983.4,10484,9946.4,9727.5,14781,12248,15427,14877,13993,13572,12014,9633.7,11206,10624,10820,9563.9,10557,6258.4,3840,7650.7,11245,10569,12109,11185,11068,10828,10105,10447,7100.8,12648,6118.6,14671,12689,9585.9,9542,10191,9378.4,6667.1,8380.5,9076.8,7398,5990.1,8828.5,9504.5,13963,12394,11170,12151,11110,12009,10262,9258.4,10944,9813,6292.2,8937.1,11193,9887.1,9612.4,7616,11322,10055,6488.6,9046.9,12174,10336,9624.2,7704.3
14175,11668,16160,15675,13604,13308,12252,8000.2,9734,8901.9,9517.4,8603.3,10222,6893.2,3804.4,6102,11181,10940,10570,11003,11493,10973,9477.3,10535,6838.8,12796,5866.3,14828,12730,9803.2,9821.3,10731,8034.8,6215.3,8234,9220.6,5154.6,6164.1,9098,9815.7,13278,11533,10816,10680,9870.4,10536,10029,9744.8,14760,12242,15415,14847,13976,13563,12024,9646.3,11216,10588,10828,9549.8,10558,6214.3,3844.4,7647.2,11259,10578,12114,11183,11060,10827,10121,10465,7104.3,12626,6104.6,14659,12701,9622.9,9549.2,10265,9354.5,6711.5,8417.2,9098.1,7385,6040.5,8820.2,9508.3,13963,12418,11192,12158,11132,11904,10316,9257,10909,9792.1,6375,8949.8,11176,9869.8,9631.8,7622.8,11359,10037,6421.5,9070,12045,10380,9605.9,7703.7
14164,11678,16180,15677,13627,13292,12254,8022.9,9700.8,8896.1,9514.5,8583.9,10236,6898,3800,6115.5,11173,10971,10591,11006,11480,10963,9472.3,10548,6835.7,12790,5882.5,14834,12691,9816.6,9829.6,10714,8046.9,6194.1,8251.4,9197.7,5111.1,6142.8,9097.8,9800.5,13294,11549,10864,10713,9936,10509,10082,9740.1,14756,12252,15406,14825,14017,13577,12044,9636,11181,10628,10846,9548.5,10576,6193.1,3815.3,7626.5,11264,10606,12131,11190,11067,10826,10091,10428,7111.2,12607,6064.9,14680,12713,9586.4,9554.9,10203,9396.8,6694.2,8417.5,9066.1,7401,6022.1,8813.2,9486.6,13972,12371,11163,12190,11227,11956,10298,9253.8,10892,9825.5,6376,8915.3,11203,9902.2,9612.8,7652.2,11318,10062,6432.3,9091.8,12090,10375,9617.5,7712.3
14155,11674,16163,15675,13574,13312,12268,7995.3,9709,8905.4,9516,8581.7,10205,6923,3790,6122.8,11188,10946,10592,11007,11481,10941,9476.5,10530,6873.9,12839,5868.9,14851,12699,9801.1,9813.7,10709,8018.4,6164.4,8281.7,9245,5144.7,6136.4,9123.5,9799.1,13264,11544,10826,10719,9949.8,10456,10051,9726.4,14759,12260,15407,14844,13976,13580,12018,9637.2,11227,10578,10814,9546.3,10553,6271.9,3825.5,7672.6,11250,10576,12123,11199,11054,10819,10128,10456,7103.1,12641,6161.7,14710,12701,9544.8,9554.2,10203,9386.9,6671.5,8376.5,9087.8,7346.3,5960.4,8832.9,9477.3,13908,12389,11145,12149,11129,12020,10236,9236.5,10990,9800.3,6367.8,8951.8,11263,9877.2,9605.4,7643.1,11377,10046,6505.1,9094.9,12043,10349,9570.9,7720.1
14168,11727,16175,15676,13590,13316,12248,7961.1,9724,8886.8,9526,8562.3,10206,6923.5,3794.4,6125.8,11191,10933,10602,11001,11488,10942,9482.1,10528,6855.6,12851,5911.4,14855,12714,9790.6,9788.6,10733,8042.9,6201.3,8271.5,9213.1,5133,6152.6,9117.3,9825.8,13255,11514,10812,10721,9894.1,10468,10071,9762.3,14761,12255,15390,14840,14020,13604,12026,9624.6,11168,10591,10819,9527.3,10553,6257.7,3832,7671.3,11240,10573,12140,11218,11064,10819,10133,10457,7119.8,12642,6129.9,14716,12741,9578.9,9540.8,10229,9396.3,6667,8414,9101.3,7353.6,5989,8823.1,9512.5,14003,12364,11151,12155,11134,12014,10335,9245.2,10996,9877.7,6382.8,8945.5,11216,9844.8,9628.5,7616.3,11376,10066,6544.4,9091.3,12112,10375,9641.4,7709.4
14161,11695,16182,15683,13631,13333,12273,7970.3,9688,8868.5,9550.4,8564.3,10209,6894.8,3806.6,6095.9,11205,10921,10593,11016,11453,10926,9466.2,10580,6869.6,12815,5897,14867,12721,9783.6,9816.9,10726,8050,6193.1,8253,9219.4,5095.2,6136.9,9079.7,9800.4,13333,11531,10842,10744,9885.6,10469,10026,9747.4,14773,12261,15402,14832,14044,13583,12025,9640.6,11230,10584,10829,9517.7,10548,6264,3839.6,7639.4,11253,10542,12101,11197,11073,10805,10099,10493,7100,12638,6148.4,14744,12708,9563.1,9546.6,10234,9432.8,6652.4,8438.5,9086.9,7397.7,6008,8790.2,9489.5,14062,12426,11186,12069,11139,12014,10309,9234,10999,9841.8,6362.2,8942.7,11342,9894.5,9605.3,7610.3,11353,10026,6504,9075.3,12134,10411,9635.3,7724
14145,11707,16144,15662,13565,13296,12279,7996.3,9655.4,8872.2,9530.3,8565.6,10225,6875.2,3806.5,6089,11204,10933,10579,11012,11450,10927,9489.6,10589,6891.1,12802,5899.9,14893,12741,9791.1,9796.8,10775,8046.8,6193.7,8297.5,9247.3,5130.2,6176.8,9129.2,9808.9,13255,11556,10803,10698,9911.8,10443,9998.4,9766.2,14764,12251,15411,14834,14015,13622,12044,9645.7,11152,10605,10792,9531.6,10541,6234.3,3825.4,7675,11257,10558,12129,11200,11074,10818,10117,10480,7089,12662,6151.1,14748,12736,9574.3,9539.1,10246,9423.2,6668.8,8349.6,9079.2,7347.4,6004.3,8835.4,9526.3,14066,12407,11169,12176,11122,11954,10304,9269.4,10956,9769.9,6377.8,8902.4,11114,9869.1,9609.9,7625.6,11366,10037,6398.6,9084.2,12154,10405,9633.6,7726
14144,11695,16152,15655,13585,13302,12278,7967.5,9677.6,8855.8,9488.5,8543.8,10200,6947.8,3809.2,6096.6,11214,10933,10585,10976,11442,10932,9491.9,10562,6845.6,12818,5899.6,14867,12709,9803.9,9786,10753,8061.4,6223.8,8286.6,9234.1,5151.7,6127.7,9111.4,9832.6,13264,11533,10806,10695,9908.4,10462,10021,9789.6,14766,12266,15416,14840,14076,13585,12049,9625.2,11213,10626,10846,9520.8,10531,6241.5,3817.8,7654,11264,10559,12112,11195,11068,10815,10128,10470,7077.5,12690,6192.8,14700,12741,9576.3,9531.9,10235,9423.5,6669.4,8376.7,9077.2,7411.4,5970.2,8819.6,9543.2,14046,12367,11164,12143,11193,12136,10353,9304.8,10958,9810.9,6282.1,8933.3,11129,9868,9607.1,7642.6,11324,10039,6482.2,9049,12168,10385,9630.6,7707
14140,11708,16158,15644,13578,13276,12267,7987.8,9687.2,8869.3,9520.3,8554.5,10191,6864.5,3794.6,6124.4,11206,10964,10566,10989,11463,10929,9485.6,10613,6855.7,12833,5875.2,14886,12739,9812.4,9802.8,10780,8016.2,6170.6,8305.3,9248.1,5129.3,6154.3,9113.3,9842.4,13284,11534,10785,10693,9913,10471,10103,9794.8,14756,12266,15423,14831,14016,13588,12040,9650.1,11208,10565,10869,9516.8,10537,6218.5,3826,7669.6,11258,10570,12108,11193,11073,10832,10123,10481,7090.9,12661,6156.7,14744,12749,9610.5,9557.9,10257,9414,6633.4,8422.1,9099.5,7333.8,5984.3,8821,9541,14035,12417,11159,12170,11056,12030,10318,9272.5,10949,9800.4,6297.1,8938.2,11066,9912.2,9578.5,7611.7,11360,10036,6461.4,9081.1,12012,10395,9625.8,7719.3
14131,11734,16131,15630,13561,13305,12293,7962,9646.3,8854.6,9502,8551.3,10187,6901.4,3787.5,6123.3,11202,10952,10536,10979,11428,10922,9481.8,10576,6885.5,12886,5864.9,14901,12731,9787.7,9788.7,10772,8016,6173.7,8290.7,9257,5140.4,6145.2,9135,9831.5,13333,11561,10799,10711,9886.2,10494,10049,9817.3,14764,12286,15421,14857,14089,13595,12064,9657.9,11209,10569,10848,9512.5,10549,6288,3821.8,7678.8,11269,10571,12111,11194,11079,10841,10142,10493,7108.7,12706,6097.9,14734,12760,9589.1,9548.8,10240,9420.5,6616.4,8409.5,9086.9,7365.2,6014.8,8829.8,9499.9,14083,12408,11190,12135,11204,11978,10336,9289,10978,9807,6299.1,8924.7,11296,9832.7,9595.5,7601.4,11409,10044,6438.9,9057.6,12117,10320,9595.4,7680
14129,11705,16129,15654,13541,13273,12289,7975.7,9714.8,8864.6,9496.9,8548.9,10188,6882.6,3781,6125.9,11204,10975,10551,11004,11452,10932,9489.6,10602,6898.3,12874,5853.8,14876,12729,9793.3,9803,10779,8006.1,6196.1,8274.6,9257.2,5110.7,6136.7,9143.4,9837.4,13335,11537,10823,10689,9877.7,10452,10057,9821.7,14770,12285,15406,14866,14051,13607,12057,9632.8,11172,10598,10798,9515,10544,6239.1,3817.6,7655.8,11261,10575,12108,11188,11057,10848,10144,10482,7088.6,12709,6078.6,14724,12752,9590.5,9556.2,10278,9396,6652.4,8401.2,9107.6,7425.1,5965.7,8839.7,9519.5,14064,12405,11155,12179,11149,12074,10332,9273.2,10934,9833.2,6364.8,8927.7,11138,9798.5,9563.6,7626.5,11355,10062,6429.5,9042.3,12095,10404,9581.1,7691.7
14136,11708,16119,15642,13535,13288,12273,7998.2,9682.3,8853.6,9506.5,8541.3,10181,6858.7,3797.9,6118.3,11181,10972,10542,10975,11435,10928,9497,10587,6871.5,12870,5869,14869,12728,9813.9,9796,10749,8012.9,6206.9,8311.9,9251.7,5165.8,6177.5,9156.9,9836.3,13258,11535,10830,10698,9919.9,10471,10163,9793.9,14769,12262,15415,14819,14052,13610,12043,9662.2,11205,10621,10870,9518.1,10563,6234.5,3789.2,7636.8,11248,10557,12084,11176,11052,10829,10139,10469,7106.4,12722,6100.3,14755,12762,9612.3,9573.3,10251,9406.4,6656.1,8415.8,9086.9,7353.9,6018,8865.3,9493.1,14030,12401,11178,12104,11111,11973,10342,9279.7,10949,9823.3,6333.5,8931.6,11171,9821.7,9604.6,7618.8,11380,10092,6451.6,9071.6,12213,10385,9646.6,7703
14138,11699,16111,15634,13528,13281,12282,7978.6,9696.2,8902.9,9499.5,8557.9,10181,6819.1,3807.9,6132.6,11211,10952,10535,10973,11437,10930,9486,10580,6854.7,12843,5872,14858,12712,9812.1,9802.4,10779,8050.9,6192.1,8338.7,9251.2,5154.6,6191.7,9141.9,9837.6,13300,11530,10821,10636,9865.5,10445,10132,9803.3,14778,12275,15391,14849,14051,13583,12054,9666.1,11184,10596,10830,9525.3,10550,6258.7,3827.6,7681.3,11271,10566,12110,11183,11059,10837,10138,10450,7099.9,12682,6205.2,14742,12729,9594.3,9556.3,10238,9417,6678,8474.5,9081.7,7341.7,6027.8,8853.5,9484.7,14084,12403,11162,12047,11137,12059,10310,9261.2,10968,9830.3,6370.9,8923,11169,9933.9,9586.4,7647.3,11356,10072,6497.4,9097,12315,10370,9602.8,7721.9
14124,11708,16118,15645,13576,13269,12289,7961.1,9683.5,8846.2,9502.1,8551.1,10205,6901,3793.9,6114.7,11211,10951,10554,10997,11437,10921,9487.5,10589,6879.2,12854,5877.9,14852,12699,9821.1,9817.7,10818,8045.1,6176.1,8303.6,9273.2,5143.3,6193.6,9174.8,9835.5,13293,11531,10776,10694,9944,10468,10190,9812.9,14772,12274,15383,14849,14046,13591,12043,9655,11203,10616,10807,9513.8,10549,6278.7,3848.4,7680,11261,10600,12124,11201,11060,10843,10143,10447,7127.8,12680,6163.3,14709,12751,9622.3,9570,10269,9422.2,6645.8,8408.3,9114.3,7397.8,6025,8838.3,9506.8,14026,12393,11194,12186,11125,12029,10346,9272.6,11002,9840.7,6307.3,8937.1,11094,9835.7,9604.4,7639.4,11429,10041,6453.7,9118.6,12098,10400,9641.3,7723.2
14136,11731,16139,15652,13572,13285,12286,7971.6,9740.3,8880.9,9459.1,8543.1,10192,6867.3,3778,6139.7,11190,10975,10581,10998,11425,10934,9496.5,10576,6881.1,12859,5850.3,14869,12711,9785.2,9798.5,10772,8039.7,6231.4,8289.8,9261.2,5172.9,6178,9165.6,9846.6,13321,11539,10797,10779,9898.4,10417,10125,9814.5,14769,12298,15398,14861,14051,13639,12045,9643.3,11235,10616,10805,9491.8,10552,6235.3,3797,7665.3,11243,10582,12110,11202,11038,10861,10162,10449,7108.5,12669,6181,14712,12752,9594.6,9577.4,10230,9419.2,6655.7,8411.7,9113.9,7407.3,6007.2,8825.9,9517.1,14004,12435,11156,12198,11125,12142,10273,9266.4,11038,9850.2,6325.7,8936.7,11142,9806.9,9583.1,7638.8,11425,10093,6541.8,9109.5,11989,10355,9593.7,7709.9
14143,11708,16140,15666,13604,13287,12275,7966.1,9688.6,8906,9475.9,8535,10217,6850.8,3791.2,6154.3,11186,10969,10586,11008,11442,10933,9497.4,10563,6823.3,12857,5924.1,14881,12711,9801.7,9792.7,10779,8029.6,6185.6,8281.3,9246.8,5186.1,6156.4,9147.2,9839.5,13320,11511,10781,10732,9908.8,10478,10111,9796.6,14772,12286,15374,14850,14055,13638,12050,9646,11194,10636,10836,9516.2,10562,6274.4,3802.4,7671.7,11247,10581,12150,11205,11042,10845,10141,10462,7098.4,12659,6131.3,14769,12773,9587.1,9543.5,10245,9420.3,6625.4,8410.5,9095.2,7402.3,5984.5,8854.3,9521.6,13992,12424,11188,12142,11101,12071,10371,9260.1,11022,9842.2,6298.2,8957.6,11133,9857,9602.6,7648,11388,10054,6532.2,9082.3,12073,10400,9617.3,7699
14126,11708,16134,15654,13606,13350,12268,7955.9,9695.7,8880.8,9450.2,8538.8,10193,6914.9,3786.5,6109.3,11196,10991,10624,11030,11435,10945,9494.5,10549,6838.5,12850,5871.8,14872,12737,9809.7,9798.4,10764,8031.9,6221.3,8351.7,9231.7,5132,6171.5,9152.5,9831.4,13332,11570,10804,10709,9902.6,10434,10116,9833.2,14772,12282,15382,14851,14074,13618,12059,9639.1,11171,10627,10826,9509.7,10558,6248.4,3837.3,7688.7,11260,10589,12130,11233,11073,10843,10150,10421,7101.2,12676,6113.1,14725,12761,9619.4,9559.1,10221,9401.7,6633.8,8416.3,9096.4,7411.6,6004.4,8842.3,9524.1,14012,12404,11175,12173,11170,12007,10287,9293.1,10980,9855,6324.1,8934.8,11027,9805.7,9642.9,7632.9,11373,10113,6476.3,9084.2,12216,10390,9626.3,7707.9
14152,11752,16148,15668,13601,13326,12258,7963.8,9677.7,8882.4,9496.6,8540.1,10210,6903.4,3781.8,6134.8,11193,10961,10610,11007,11433,10935,9498.4,10509,6848.9,12854,5889.4,14901,12726,9796.5,9785.3,10744,8019.3,6201.1,8310.6,9217.5,5158.6,6195.6,9125.7,9811.9,13347,11545,10798,10725,9943.9,10438,10068,9796,14762,12275,15395,14846,14063,13637,12041,9633,11168,10615,10815,9509.9,10554,6264.2,3831.3,7661.7,11237,10566,12164,11233,11049,10843,10151,10416,7087,12685,6074.4,14752,12772,9611,9559.9,10188,9427.4,6684.4,8450.4,9087.5,7411.2,6016.8,8825.9,9514.3,14017,12431,11185,12128,11162,12010,10292,9238,11048,9890.2,6348.2,8966,11101,9905.9,9572.1,7630.4,11417,10113,6463.7,9083,12223,10413,9612.1,7703.6
14141,11718,16145,15693,13581,13319,12295,7975.7,9681.8,8868.3,9468.2,8535.6,10219,6864.1,3798.3,6131.8,11196,10993,10635,11020,11455,10943,9510.7,10536,6852.5,12849,5851.2,14871,12743,9801.2,9801.9,10706,8023.2,6181.2,8306.3,9201.1,5181.8,6174.3,9123.5,9816.8,13337,11543,10783,10700,9885.2,10489,10042,9789.1,14758,12275,15398,14867,14065,13613,12061,9657,11206,10628,10844,9504.8,10546,6254.7,3837.9,7689,11257,10581,12146,11227,11042,10840,10156,10393,7095.7,12658,6050.9,14699,12738,9595.2,9549.7,10211,9389.3,6688.8,8403.7,9071.1,7410.7,5967.7,8829.2,9511.5,14059,12430,11155,12103,11052,11984,10253,9258.9,11021,9870.9,6369.2,8942.9,11167,9798.7,9625.3,7625.7,11423,10078,6487.8,9049.6,12182,10404,9630.1,7707.7
14147,11720,16155,15712,13614,13364,12289,7962.1,9667.4,8891.4,9478.5,8532.8,10223,6885.4,3771.4,6143.6,11206,11008,10635,11038,11449,10941,9490.6,10539,6849.5,12840,5847.6,14863,12763,9791.2,9775.8,10757,8046,6226.7,8293.2,9233,5159.8,6157.6,9133.5,9819.9,13371,11536,10775,10638,9888.8,10456,9999.8,9772.5,14748,12297,15400,14873,14019,13622,12049,9663.3,11194,10645,10777,9505.2,10543,6242.8,3807.6,7689,11267,10580,12147,11252,11061,10840,10164,10438,7122.6,12672,6068.4,14710,12750,9562,9532.9,10175,9400.7,6678,8478.7,9079.7,7388.9,5994.9,8817.3,9476.3,14025,12422,11189,12119,11109,12041,10286,9228.6,11019,9909.4,6342.6,8959,11086,9858,9610.8,7633.8,11418,10108,6472.7,9107.6,12052,10411,9630.9,7728.7
14155,11722,16166,15709,13567,13352,12286,7963,9732.6,8911.1,9485.2,8542.4,10185,6898.6,3761.3,6142,11213,10991,10608,11023,11449,10929,9490.9,10545,6843.8,12829,5872.2,14903,12719,9778.7,9785.9,10690,8034.7,6189.3,8282.2,9231.9,5142.5,6145.6,9143.1,9823.2,13326,11547,10755,10727,9944.7,10487,10036,9772.5,14746,12270,15385,14851,13987,13617,12061,9654.9,11181,10627,10779,9544.9,10546,6223.2,3835.1,7692.7,11269,10604,12135,11236,11068,10833,10167,10426,7097.6,12680,6105.7,14734,12753,9579.8,9522.5,10179,9383.8,6649.3,8364.8,9069.7,7384.7,5994.8,8835.5,9484.8,14062,12436,11172,12130,11155,12004,10275,9214.5,11034,9843.1,6339.3,8960.3,11051,9892.1,9611.2,7619.2,11439,10072,6481.5,9103,12066,10407,9651.3,7720.3
14138,11741,16164,15705,13590,13306,12296,7972.8,9690.5,8882.2,9477.2,8536.9,10211,6869.5,3800.6,6109,11226,11007,10619,11033,11450,10925,9480.2,10541,6895.3,12850,5858.2,14895,12731,9787.5,9781.4,10727,8005.8,6143.7,8286.9,9235,5169.9,6138.8,9121.6,9795.4,13320,11542,10770,10705,9873,10425,10065,9753.5,14738,12258,15412,14847,13986,13648,12065,9656.1,11202,10622,10809,9534,10574,6248.6,3836.2,7680.4,11277,10596,12158,11232,11068,10830,10170,10435,7105.7,12680,6063.7,14733,12788,9602.1,9532.8,10161,9426.3,6641.8,8379.1,9085.8,7382,5995.7,8827.2,9474.2,14032,12419,11189,12119,11094,12104,10283,9219.1,11027,9848.1,6409.9,8956.7,11248,9843.4,9623.8,7614.3,11409,10099,6512.9,9084.5,12053,10454,9617.9,7716.4
14124,11722,16164,15698,13575,13317,12295,7959,9714.4,8864,9496,8562.2,10187,6850.7,3812.4,6133.1,11230,11005,10640,11022,11460,10944,9490.7,10558,6863.9,12855,5846.5,14915,12722,9762.7,9779.3,10749,8010.4,6196.5,8271.5,9228.8,5125.4,6119.1,9142.5,9810.6,13299,11537,10772,10724,9891.9,10473,10057,9773.6,14733,12271,15405,14855,14012,13632,12078,9648.7,11191,10636,10783,9492.8,10556,6223.9,3831,7663.6,11276,10624,12183,11237,11055,10826,10158,10419,7097.8,12665,6139.6,14746,12760,9593.6,9501.2,10148,9378.3,6637.3,8433,9077.6,7305.8,5963.6,8812.3,9458.6,14082,12425,11173,12166,11170,12032,10255,9225.8,11019,9840.9,6309.6,8946.6,11138,9878.7,9628,7625.6,11449,10105,6417.4,9088.6,12083,10385,9575.8,7685.3
14159,11724,16152,15707,13610,13339,12287,7973.6,9696.3,8904.8,9498.7,8535.5,10188,6947,3800,6137.9,11222,11016,10669,11059,11466,10937,9483.4,10560,6848.3,12828,5836.4,14907,12740,9775.2,9773.9,10743,8023.1,6211,8234.8,9213.1,5156.4,6111.9,9129.6,9781.7,13324,11553,10784,10719,9975.4,10482,9997,9737.1,14744,12272,15411,14843,14003,13638,12080,9637.7,11205,10603,10760,9497.3,10552,6255.1,3853.9,7686.7,11266,10613,12177,11251,11047,10828,10161,10438,7047.4,12703,6110.5,14701,12779,9557,9518.8,10228,9382.2,6656.5,8400.2,9091.1,7372.8,6000,8824.4,9463.7,14041,12456,11185,12173,11160,12076,10292,9203.6,11098,9864.1,6397.2,8944.6,11118,9864.6,9612.2,7602.3,11444,10065,6456.6,9072.5,12211,10327,9627.3,7681.3
14161,11704,16133,15694,13590,13326,12292,7946.6,9686.8,8860.9,9480.3,8532.9,10201,6881.4,3779.6,6134.2,11225,11003,10658,11043,11446,10927,9496.4,10547,6849.6,12834,5854.1,14852,12718,9772.3,9794,10798,8015,6208.2,8263.6,9233.4,5170.2,6137,9130.8,9794.5,13379,11559,10810,10688,9920.9,10465,10068,9752.5,14747,12259,15401,14859,14048,13619,12069,9639.1,11197,10614,10756,9513.3,10576,6288.8,3846.4,7701,11297,10617,12176,11258,11041,10827,10161,10463,7064.3,12688,6116.6,14714,12740,9555.7,9522.6,10225,9388.2,6650.1,8356.2,9075.5,7347.2,5991.4,8827.3,9469.8,14034,12439,11161,12168,11135,11989,10308,9238.9,11029,9868.5,6304.1,8928.8,11078,9885.4,9611.5,7616.2,11394,10067,6437,9055.9,12093,10352,9615.5,7699.4
14144,11704,16136,15687,13568,13349,12297,7956.8,9700.5,8906.2,9544.3,8523.8,10203,6884.9,3779.4,6124.2,11242,11008,10636,11031,11432,10908,9486.3,10552,6819,12841,5876.5,14893,12743,9784,9763.1,10766,8013.3,6170.7,8282,9239.8,5196.5,6157.9,9120.7,9795.6,13346,11567,10814,10691,9947,10499,9949.5,9775.7,14738,12276,15393,14855,13987,13662,12082,9646.7,11181,10621,10812,9508.5,10572,6255.7,3844.5,7692.7,11300,10639,12152,11243,11062,10831,10180,10470,7117.9,12674,6231.8,14719,12750,9589.9,9518.1,10234,9371.5,6624,8383.6,9088.1,7391.5,5992.6,8819.4,9489.5,13975,12435,11221,12138,11106,12039,10304,9251.4,10982,9830.1,6266.4,8954.4,11129,9887.8,9604,7621,11384,10089,6480.4,9053.6,12216,10432,9582.2,7706
14133,11702,16123,15674,13561,13325,12287,7965.8,9689.7,8892.3,9475.8,8548.8,10187,6895.5,3785.8,6119.2,11249,11005,10671,11039,11427,10915,9503.2,10582,6860.7,12862,5871.3,14874,12695,9773.9,9775.6,10807,8013.6,6211.8,8250.5,9249.5,5152.9,6122.1,9138.9,9798.6,13309,11571,10810,10720,9920,10466,10152,9764.3,14728,12254,15376,14845,14048,13643,12090,9644.2,11214,10629,10811,9511.9,10544,6215.8,3814.4,7674.6,11301,10653,12172,11265,11023,10837,10175,10443,7123.6,12663,6169.6,14708,12727,9558.7,9531.5,10225,9348.4,6670.7,8402.2,9119.7,7326.5,5958.7,8801.4,9510.4,14025,12432,11185,12165,11167,12114,10291,9236.7,11048,9873.5,6391.2,8932.7,11226,9807.7,9606.6,7619.5,11360,10055,6479.5,9066.5,12080,10357,9623.6,7709.1
14127,11715,16148,15688,13535,13323,12293,7984.6,9700.4,8869.9,9470.9,8558.2,10219,6888,3775.8,6139.6,11244,11034,10660,11033,11439,10917,9499.5,10560,6886.7,12850,5866.6,14871,12712,9786.7,9782.2,10791,7996.1,6241.2,8251.4,9226.4,5140.2,6137.6,9113.9,9815.4,13362,11569,10852,10721,9955.7,10499,10086,9758,14736,12254,15384,14841,14030,13625,12093,9662,11232,10608,10803,9470.4,10561,6249.3,3841.6,7704.8,11295,10657,12192,11285,11040,10849,10182,10485,7090.5,12701,6173.2,14698,12707,9585.4,9520.1,10249,9364.5,6672.5,8408.5,9081.2,7403,5968.8,8819.4,9500.7,14023,12432,11179,12158,11212,12054,10323,9239.8,11021,9837.4,6344.1,8928.4,11199,9876.3,9615.2,7638.3,11390,10066,6434.2,9079.8,12007,10323,9600.9,7700.2
14106,11715,16138,15654,13537,13293,12287,7979,9686.3,8835.4,9461.8,8553.4,10204,6864.4,3787.7,6119.6,11230,11050,10636,11033,11427,10917,9483.8,10594,6826.7,12857,5884.3,14852,12715,9808.3,9792.5,10814,7986.1,6149.4,8278.8,9261.5,5146.7,6137.3,9089.5,9799.1,13362,11548,10835,10781,9855.6,10475,10026,9755.4,14721,12231,15396,14859,14007,13657,12093,9640.5,11202,10587,10762,9514.6,10532,6284.1,3857.3,7686.1,11299,10672,12210,11278,11064,10856,10166,10518,7088.4,12732,6124.1,14679,12754,9591.2,9532.1,10269,9374.9,6663.4,8421.5,9087.7,7420,5973.1,8826.6,9488.5,14061,12429,11142,12179,11145,12118,10329,9257.4,11020,9826.8,6284,8967.9,11133,9811.7,9596.8,7631.4,11405,10075,6446.7,9076.7,11930,10344,9606,7691.2
14102,11705,16131,15659,13520,13306,12290,7967.2,9697.4,8873.7,9489.6,8518.3,10193,6892.4,3780.7,6116.2,11236,11031,10672,11062,11433,10913,9495.4,10586,6854.7,12855,5926,14837,12706,9782.2,9796.8,10793,7970.4,6156.6,8269.3,9235.7,5122.7,6165.1,9105.6,9787.4,13339,11514,10879,10709,9924.8,10458,10081,9771.7,14727,12288,15385,14839,14007,13651,12092,9646.2,11183,10604,10777,9520.7,10514,6260.4,3823.5,7699.2,11305,10696,12218,11276,11087,10848,10163,10471,7118.2,12728,6157,14705,12762,9564,9559.6,10235,9365.6,6644.1,8345.8,9104.8,7355.8,6000.7,8785.4,9496.1,14075,12441,11219,12193,11110,12091,10293,9256.3,11001,9848.3,6321.7,8941.7,11130,9857.1,9599.3,7609.7,11350,10071,6463.5,9083.1,12093,10323,9603.4,7704.7
14113,11700,16130,15638,13530,13323,12289,7949.9,9685.9,8888.9,9481.4,8524.7,10206,6856.7,3755.4,6113.6,11238,11021,10664,11066,11426,10909,9511.9,10565,6849.3,12835,5838.7,14824,12675,9772.7,9780.6,10827,7976.3,6184.3,8296,9225,5108,6146.9,9122.2,9819.8,13292,11537,10867,10708,9881.1,10466,10060,9745.6,14742,12263,15403,14851,14000,13632,12102,9631.9,11221,10617,10782,9501.9,10532,6171.2,3825.2,7635.2,11300,10701,12228,11287,11064,10857,10159,10478,7112.1,12689,6109.9,14711,12750,9563.8,9544.1,10242,9359.3,6638.2,8361,9098.1,7330.8,5993.1,8807.1,9474.9,14072,12451,11191,12136,11090,12064,10309,9257.6,10959,9856.6,6333.9,8920.4,11114,9873.3,9589.4,7623.5,11380,10083,6472,9029.8,12008,10371,9573.1,7716.8
14094,11729,16113,15639,13533,13292,12290,7967.2,9645.4,8874,9489.2,8517.8,10187,6854.8,3757.4,6103.2,11219,11027,10667,11048,11386,10895,9481.3,10549,6876.8,12848,5825.9,14808,12719,9768.9,9788.9,10802,7974.8,6218.4,8264.8,9231.5,5116.1,6148.8,9118,9812.6,13321,11576,10847,10766,9949.8,10472,10057,9754.8,14735,12300,15385,14834,13989,13623,12089,9653,11191,10585,10795,9480.2,10486,6236.7,3833.9,7675.1,11298,10730,12225,11296,11089,10851,10171,10477,7088.4,12697,6111.3,14705,12739,9566.8,9565.8,10253,9396.5,6630.4,8434.9,9113.2,7414.6,5984.4,8821.3,9496,14015,12457,11212,12218,11146,12043,10323,9247.2,10964,9836.9,6389.5,8967.8,11210,9842.4,9617.9,7630.9,11342,10094,6484.4,9039.4,12189,10274,9613.8,7700.7
14088,11753,16107,15622,13533,13302,12296,7949.3,9701.2,8901,9442.2,8510.4,10196,6856.8,3762.8,6125.1,11237,11025,10660,11059,11412,10886,9486.2,10600,6833.2,12883,5876.6,14868,12705,9813.1,9822.1,10809,7999.3,6217.8,8261.5,9248.6,5133.7,6116.6,9154,9820.4,13353,11590,10873,10758,9978.7,10463,10106,9764.4,14748,12334,15382,14843,13986,13632,12080,9665.1,11208,10635,10746,9509,10540,6261.6,3841.8,7661.6,11297,10742,12233,11323,11109,10858,10158,10473,7081.7,12694,6123.3,14691,12774,9631.1,9591.1,10319,9385.2,6681.1,8382.4,9123.4,7399.2,5990.9,8836.6,9497.7,14099,12467,11189,12197,11149,12135,10335,9247.4,10995,9866.6,6397.8,8969.5,11209,9878.9,9615.9,7605.8,11360,10085,6465.4,9086.4,12109,10375,9664.3,7698.8
14101,11723,16131,15647,13529,13301,12278,7962.6,9710.9,8858.2,9471.9,8528,10207,6849.2,3809.1,6121.5,11227,11023,10657,11034,11413,10893,9487.8,10552,6847.8,12852,5871.8,14862,12730,9776.6,9807.1,10767,7968.5,6216.2,8273.8,9237.6,5148.7,6168.3,9119.1,9794.9,13307,11535,10857,10757,9967,10525,10145,9746.5,14749,12317,15400,14856,14034,13623,12075,9649.2,11201,10624,10823,9523.3,10536,6294.1,3823.2,7661,11307,10709,12240,11296,11103,10832,10120,10483,7096.8,12692,6091.5,14712,12767,9604.2,9569.9,10239,9397.1,6678.8,8418,9100.9,7380.2,5994.9,8834.3,9500.9,14038,12472,11248,12182,11193,12070,10346,9228.9,11037,9882.5,6209,8951.1,11186,9925.4,9613.4,7617,11337,10075,6424,9053.2,12103,10367,9637.2,7679
14079,11749,16114,15647,13546,13279,12277,7948.5,9714.8,8901.5,9469.5,8531.7,10227,6884.9,3793.4,6110.2,11227,11041,10658,11069,11449,10905,9491.8,10553,6814.5,12854,5849.3,14835,12722,9808.2,9813.6,10809,7955.6,6204.8,8318.2,9227.6,5162.4,6172,9151.4,9810.4,13291,11559,10887,10717,9951.6,10518,10142,9738.4,14746,12298,15400,14850,14058,13605,12098,9632.6,11227,10655,10797,9547.3,10560,6212.9,3847.9,7662.2,11294,10732,12247,11298,11118,10835,10117,10508,7122.7,12673,6122.3,14723,12752,9587.9,9600.9,10276,9362.4,6645.5,8431.9,9112.4,7347.5,5991.9,8844.3,9497.8,14035,12465,11227,12195,11197,12094,10356,9263.6,10945,9838.8,6327.1,8958.1,11151,9826.6,9599.2,7640.6,11372,10103,6500.7,9062.4,12126,10337,9607.4,7719.2
14103,11746,16118,15636,13541,13304,12280,7949.6,9705.2,8883.9,9421.7,8539.4,10195,6851.4,3763,6093.5,11218,11038,10682,11072,11459,10917,9482.9,10530,6802.8,12806,5898.8,14857,12734,9811.8,9826.8,10824,7983.5,6223.9,8299.7,9232.4,5140.8,6147.2,9141.9,9774,13319,11568,10861,10678,9929.4,10484,10171,9725.4,14742,12297,15410,14866,14021,13629,12072,9632.6,11170,10608,10772,9542,10534,6241.5,3830.5,7655.7,11277,10698,12219,11316,11116,10845,10114,10474,7048.1,12710,6084.6,14673,12803,9625.3,9579.8,10288,9398.6,6658.4,8418.6,9097.8,7384,5947.8,8844.2,9507.7,14058,12467,11251,12151,11174,12128,10347,9263.5,11006,9867.7,6299.4,8948.6,11086,9847.1,9595.8,7636,11301,10069,6467.7,9097.6,12057,10358,9600.3,7706.5
14084,11705,16130,15644,13545,13310,12292,7957.2,9704.8,8862,9464.9,8532.6,10210,6859.5,3776.6,6109.1,11221,11032,10648,11096,11467,10915,9481.8,10610,6826.5,12849,5877.7,14845,12742,9802,9849.6,10812,7961.5,6201.4,8259.8,9253.4,5116.3,6145,9149.5,9819.2,13318,11582,10904,10705,9929.7,10500,10119,9733.4,14749,12290,15399,14858,14068,13593,12064,9612.4,11216,10654,10765,9542,10564,6265.4,3839.1,7651.6,11262,10729,12214,11327,11116,10841,10109,10520,7081,12701,6131.4,14723,12807,9628.5,9624.1,10314,9400.1,6635.1,8371.3,9110.4,7362.4,6000.4,8815.1,9505.2,14066,12436,11230,12184,11189,12105,10409,9255.2,10947,9838.7,6343,8951.9,11232,9826,9598.3,7620.8,11340,10099,6491.6,9071.9,11968,10283,9559,7699.6
14108,11714,16111,15661,13527,13300,12289,7973.2,9692.5,8909.6,9449.8,8523.9,10192,6887,3785.4,6104.3,11205,11018,10626,11088,11457,10887,9477.1,10613,6763.2,12908,5806.4,14840,12741,9806.1,9830.3,10782,7973.4,6171.5,8286.7,9229,5160,6126.6,9110.8,9813,13281,11550,10921,10745,9965.8,10475,10052,9723.8,14764,12270,15438,14875,14067,13620,12093,9640.4,11225,10630,10729,9539.8,10569,6210.4,3809.7,7652.3,11280,10714,12260,11327,11121,10829,10098,10520,7074.7,12738,6098.9,14710,12770,9600.4,9594.6,10294,9410,6653.8,8362,9109.6,7349.7,6009.3,8815.7,9487.6,14090,12486,11255,12191,11175,12089,10354,9253.8,10952,9877.4,6372.5,8943,11131,9770.7,9562.7,7605.3,11313,10078,6439.2,9047.5,12059,10317,9620.5,7688.9
14093,11749,16114,15652,13520,13277,12297,7937.7,9677.8,8892.9,9449.6,8525.4,10215,6845.4,3764.4,6113.3,11230,11007,10640,11075,11468,10896,9472.7,10594,6801.6,12866,5860.5,14812,12742,9802.8,9826.3,10818,7976.4,6168.1,8296.8,9227.5,5136.8,6139,9113.1,9812.5,13272,11558,10891,10732,9945.9,10530,10099,9730.3,14770,12267,15431,14881,14030,13613,12089,9625.4,11182,10628,10790,9526.5,10579,6222.9,3811.3,7630.9,11288,10727,12237,11323,11138,10827,10085,10534,7085.3,12710,6073.1,14705,12801,9620.4,9604.8,10270,9382.1,6603.3,8378.5,9092.9,7396.7,5977.2,8826.5,9489.4,14078,12442,11209,12211,11213,12062,10383,9227.8,10937,9883.7,6429.9,8931.8,11087,9748.2,9572.7,7620.5,11333,10098,6440.7,9099.5,12031,10288,9574.6,7720.5
14078,11748,16107,15648,13508,13242,12300,7952.2,9767.6,8882.2,9469.4,8514.6,10210,6847.5,3769.3,6124.4,11234,11031,10643,11036,11440,10889,9475.1,10590,6790.5,12874,5815.6,14819,12726,9807,9831.9,10763,7982.2,6158.2,8288,9221.5,5133.6,6128.1,9128.6,9834.3,13329,11620,10899,10741,9989.5,10526,10015,9700.5,14758,12326,15420,14877,14034,13619,12087,9632.7,11217,10664,10726,9530.4,10549,6261.3,3810.4,7639.2,11289,10732,12244,11311,11117,10829,10084,10510,7107.2,12694,6024.5,14710,12732,9647.6,9600.1,10298,9389.6,6611,8378.8,9107.6,7310.6,5997.6,8832.2,9489.7,14107,12464,11232,12157,11240,12003,10312,9247.6,10938,9867.3,6350.5,8943.3,11233,9807.8,9596.8,7650.9,11366,10088,6469.4,9076.5,12021,10345,9565.4,7731.7
14080,11738,16108,15645,13549,13299,12292,7947.2,9691.7,8879.1,9454.2,8523.3,10209,6858.2,3782.1,6104.4,11228,11038,10639,11077,11457,10882,9473.4,10582,6790.9,12912,5849,14823,12714,9830.9,9836,10804,7978.9,6163.6,8245,9238.2,5148.1,6144.7,9115.7,9808.7,13339,11614,10899,10705,9940.9,10485,10096,9712,14767,12332,15409,14871,14079,13605,12079,9636.3,11201,10633,10815,9543.7,10564,6236.7,3833.5,7648.5,11293,10733,12244,11319,11130,10823,10085,10521,7111.2,12687,6143.9,14733,12808,9645.4,9611.8,10308,9409.6,6651.5,8428.8,9130.7,7354.7,5976.3,8819.9,9482.3,14079,12471,11265,12198,11144,12088,10358,9226.6,10926,9855.4,6232.5,8936.2,11183,9790.9,9592.2,7614.8,11315,10073,6535.4,9072.5,12092,10296,9567.2,7689.5
14089,11732,16116,15636,13533,13255,12290,7938.2,9709.3,8925,9438.3,8512.5,10237,6869.2,3794.3,6110.7,11227,11008,10617,11068,11449,10871,9472.1,10608,6803,12886,5868.3,14842,12758,9817.2,9847,10785,7993.8,6133.1,8276,9230.8,5106.2,6155.9,9116,9819.1,13325,11586,10876,10673,10002,10494,10124,9708.2,14783,12307,15427,14875,14051,13631,12089,9643.2,11240,10676,10788,9525.7,10565,6189.7,3839.8,7639.9,11307,10729,12237,11335,11150,10817,10092,10490,7068.4,12734,6112.7,14704,12831,9624,9616.3,10322,9425.5,6623.2,8405.8,9120.1,7369.6,5971.2,8814.9,9482.2,14139,12478,11275,12116,11157,12131,10344,9210,10950,9863.1,6319,8971.2,11190,9789.9,9587.7,7631.5,11365,10077,6457.3,9074.8,12022,10311,9585,7685.4
14071,11764,16121,15633,13515,13256,12294,7945.7,9706.7,8903.6,9441.6,8521.1,10223,6825.1,3761.8,6154.2,11218,11006,10645,11059,11445,10855,9464.8,10652,6800.2,12874,5850.3,14861,12751,9813.1,9825.8,10838,8000.7,6180.8,8295.4,9245.3,5124.4,6149.1,9142.1,9821.1,13307,11586,10922,10726,9985.1,10516,10152,9718.1,14768,12341,15417,14883,14019,13620,12092,9663.1,11198,10653,10762,9519.7,10544,6235.5,3820.1,7626.1,11293,10719,12275,11315,11115,10818,10086,10516,7075.6,12727,6123.1,14723,12820,9646.8,9605.9,10309,9445.7,6612.9,8370.5,9115.1,7318.6,5981.8,8846,9489.9,14113,12495,11255,12248,11216,12092,10368,9222.3,10980,9900.9,6347.2,8970.5,11162,9826.5,9584.6,7638.4,11383,10142,6484.6,9108.5,12286,10285,9566.9,7707.1
14073,11761,16093,15620,13510,13294,12297,7955.1,9696.1,8890.9,9429,8537.3,10207,6870.4,3778.8,6099.5,11228,10988,10630,11066,11430,10862,9461.9,10672,6785.1,12898,5763.3,14833,12748,9815.7,9808.1,10856,8003.4,6225.4,8271.4,9258.3,5138.7,6154.8,9141.6,9805.1,13314,11614,10910,10744,9900.9,10502,10134,9728.8,14778,12351,15407,14867,13980,13596,12066,9669.8,11229,10648,10765,9524.8,10543,6258.6,3805.9,7634.8,11289,10720,12282,11308,11132,10813,10073,10523,7078.9,12714,6115.1,14728,12802,9642.4,9606.8,10311,9433.5,6650.5,8418.6,9144.7,7409.1,5984,8858,9505.1,14132,12505,11248,12112,11156,12167,10367,9209.7,10954,9876.8,6441.2,8970.8,11203,9785.4,9591.9,7641.7,11321,10091,6478.4,9101,12135,10334,9602.1,7711.4
14100,11727,16109,15637,13532,13254,12278,7990.7,9735.1,8881.6,9476.2,8548.6,10191,6901,3766.6,6106.9,11235,10979,10586,11032,11435,10855,9454.4,10623,6753.3,12892,5807.3,14832,12747,9814.2,9825.9,10815,8012.1,6220.9,8259.8,9257.8,5109.2,6157.2,9136.4,9836.2,13352,11604,10906,10710,9969,10548,10066,9721.8,14798,12346,15430,14873,14052,13641,12086,9659.3,11304,10643,10804,9568.2,10552,6252.1,3833.7,7635.9,11293,10709,12234,11275,11118,10811,10085,10508,7142.8,12701,6065.7,14731,12805,9646.4,9561.4,10266,9413.8,6656.8,8383.6,9127.6,7356.3,5996.3,8849,9506.1,14141,12467,11289,12191,11143,12110,10306,9189.8,10979,9880.2,6340.2,8987.9,11081,9832.8,9618.2,7625.5,11371,10071,6541.2,9079.4,12194,10312,9613.3,7695.1
14109,11759,16108,15615,13520,13272,12288,7971.4,9747.6,8897,9454.3,8531.9,10181,6880,3796,6111.9,11235,10988,10612,11027,11427,10851,9467.7,10614,6813.2,12905,5905.4,14825,12741,9832.2,9803.1,10730,8000.9,6187.8,8279.9,9252.7,5127.1,6164.9,9143.1,9831.1,13318,11580,10932,10692,9941.7,10556,10100,9735,14786,12292,15433,14873,14057,13603,12072,9625.6,11218,10652,10807,9554.3,10571,6262.9,3812.9,7659.6,11288,10708,12221,11264,11120,10807,10073,10498,7112,12687,6147.7,14746,12817,9632.2,9600.6,10277,9422.2,6698.1,8376.1,9116.5,7368.7,6016.8,8849.5,9491.5,14105,12464,11276,12223,11145,12059,10373,9205.1,10975,9875.9,6335.9,8956.1,11142,9736.2,9553.2,7626.2,11348,10074,6525.5,9096.5,12055,10339,9578.1,7709.6
14099,11712,16086,15628,13509,13274,12293,7949.4,9716.4,8896.4,9424.2,8529.7,10173,6845.2,3781.4,6099,11235,11012,10621,11006,11416,10875,9482,10632,6784,12876,5828.4,14822,12768,9779.9,9814.2,10764,7997.8,6220.6,8300.9,9240,5167.2,6162.8,9138,9839.3,13270,11552,10886,10725,9896.5,10589,10034,9752.5,14778,12297,15430,14863,13981,13609,12088,9638.4,11212,10599,10784,9583.9,10579,6205.9,3867,7663.7,11301,10698,12250,11283,11094,10822,10081,10513,7039.6,12676,6174.5,14709,12757,9616.2,9594.1,10274,9416.1,6714.9,8379.3,9116.5,7290.8,6006.7,8863.7,9498.9,14101,12474,11229,12203,11097,11963,10443,9251.9,10998,9846.7,6308.3,8956.7,11287,9755.3,9613.1,7616.9,11301,10070,6505.4,9087.6,12149,10357,9605.1,7726.8
14096,11716,16092,15604,13501,13249,12274,7963.5,9649.6,8881.5,9422.4,8524.8,10191,6915.4,3790,6098.7,11220,11015,10554,11006,11436,10865,9462.9,10578,6784.1,12826,5888.5,14828,12724,9833.9,9828.6,10738,8017.3,6163.5,8302.8,9236,5153.1,6154.5,9123.3,9844.4,13261,11583,10891,10740,9937.6,10497,10087,9746.2,14780,12286,15433,14883,14020,13598,12066,9615.2,11253,10636,10778,9573.1,10568,6228.2,3861,7641.2,11289,10752,12177,11261,11107,10826,10087,10450,7081.6,12653,6099.5,14741,12823,9661.5,9578.6,10254,9383.4,6650.5,8423.6,9100.7,7323.7,5967.3,8812.9,9485.6,14120,12464,11229,12137,11124,12057,10307,9235.9,10987,9853.7,6315,8957.3,11319,9861.1,9610.6,7636.1,11382,10098,6515.8,9097.7,12144,10294,9583.8,7711.2
14115,11705,16109,15636,13505,13237,12278,7940,9697.3,8872.5,9478.4,8522.1,10201,6900.3,3787.9,6114.7,11227,11041,10598,11023,11407,10884,9467.9,10581,6767.6,12834,5812.6,14854,12721,9834.1,9816.7,10730,7942.3,6155.6,8253.5,9226.3,5125.5,6148.1,9114.3,9836.2,13301,11537,10825,10684,9878.5,10490,10089,9781.5,14795,12256,15425,14889,14033,13609,12055,9611.6,11196,10574,10763,9550.3,10544,6224.7,3857.7,7633,11295,10749,12182,11258,11126,10842,10095,10456,7074,12670,6109.1,14714,12810,9610.6,9588.8,10256,9400.1,6710.6,8458.3,9085.7,7354,5961.9,8813.8,9472.6,14117,12429,11229,12180,11119,12004,10327,9272.6,10964,9861.1,6393.7,8955.7,11185,9805.5,9622.6,7627,11381,10075,6432.3,9052.1,12161,10333,9589.9,7720.7
14089,11726,16100,15649,13435,13262,12273,7927,9631.1,8877.6,9432.4,8522.6,10205,6906.6,3784.7,6130,11243,11058,10593,11021,11428,10883,9483.3,10607,6742.1,12868,5825.7,14832,12731,9830.2,9818,10796,7937.7,6151.7,8262.6,9223.1,5115.9,6149.8,9116.7,9823.7,13261,11516,10864,10698,9880.2,10456,10138,9785.4,14796,12248,15438,14904,14022,13609,12069,9600.9,11142,10644,10798,9581.3,10561,6261.3,3855.4,7636.1,11296,10725,12197,11277,11114,10871,10122,10475,7082.6,12652,6082.1,14688,12781,9642.9,9587.1,10246,9389.3,6678,8394.5,9086.9,7367.9,5982.3,8817.3,9485.5,14061,12399,11204,12123,11153,12068,10322,9284.5,11003,9843.4,6329.6,8935.5,11015,9800.1,9565.5,7633,11402,10121,6540.1,9103.1,12188,10368,9581.5,7701
14114,11698,16103,15635,13463,13213,12270,7946.6,9669,8874.8,9412.6,8553.6,10169,6865,3790.5,6102.8,11231,11037,10575,11001,11436,10900,9490.4,10548,6836.4,12876,5856.7,14850,12725,9846.9,9783.5,10753,7989.4,6181.2,8279.5,9215.3,5110.9,6176.2,9111.6,9830,13205,11525,10830,10690,9961.3,10466,10103,9797.4,14808,12232,15425,14901,14071,13610,12075,9622.4,11211,10578,10771,9574.4,10563,6294.7,3854.5,7669,11299,10733,12171,11232,11113,10853,10112,10482,7098.9,12630,6096.4,14743,12788,9636.9,9575.9,10256,9413.9,6663.5,8382.7,9096.9,7372.1,5965.3,8858.9,9494,13993,12392,11184,12121,11130,12034,10337,9277.6,11016,9844.7,6327.8,8906.1,11183,9845.6,9618.5,7614.6,11398,10095,6488.9,9066.7,12202,10331,9615.5,7705.2
14144,11721,16098,15615,13495,13231,12275,7952.2,9638.5,8867.3,9460.6,8540.7,10177,6858,3783.2,6102.7,11206,11012,10561,11003,11419,10884,9467.5,10562,6818.8,12794,5890.3,14829,12721,9834.3,9793.9,10744,7950.9,6172.9,8242.9,9225.6,5157.6,6176.1,9102.3,9813.5,13264,11526,10826,10640,9955.8,10530,10111,9773.1,14826,12274,15432,14904,14055,13598,12048,9619,11146,10596,10760,9564.6,10521,6280.4,3848.1,7652.2,11283,10711,12161,11245,11105,10853,10119,10431,7077.5,12641,6132.8,14723,12752,9614.1,9575.6,10246,9381.8,6664.2,8392.4,9067,7397.4,5938.4,8843.6,9500.3,14078,12405,11213,12140,11089,12029,10275,9291.8,10938,9868.7,6344.8,8957,11186,9795.6,9625.3,7619.5,11373,10106,6458.4,9079.5,12185,10333,9598.8,7700.4
14119,11690,16121,15650,13507,13252,12253,7952.2,9677.6,8859.5,9434.9,8544.2,10168,6854.3,3781.3,6109.7,11208,11012,10555,10995,11422,10890,9474.7,10575,6834.5,12807,5805,14822,12735,9797.1,9800.4,10757,7987.6,6206.4,8271.8,9237.5,5090.7,6166.5,9117.3,9846,13276,11506,10827,10692,9849.3,10479,10036,9789.3,14831,12268,15420,14905,14057,13603,12052,9638.6,11158,10617,10781,9579.1,10573,6244.5,3839.8,7668.6,11281,10695,12163,11233,11121,10857,10097,10446,7068.8,12597,6111.4,14706,12770,9633,9582.1,10199,9401.6,6652.6,8459.5,9093,7306.5,5953.9,8821.5,9480.8,14123,12382,11191,12092,11137,12073,10292,9253.4,10981,9873.5,6368.5,8944.1,11179,9823.6,9605.4,7612.2,11430,10092,6445.2,9065.2,12033,10302,9615.2,7699.6
14120,11710,16114,15661,13495,13241,12242,7957.6,9681,8869.8,9433,8561,10178,6835.8,3788.4,6101,11207,10995,10568,10994,11426,10895,9470.1,10593,6759.3,12822,5872.3,14843,12717,9825.6,9793.2,10750,7985,6174.7,8279.8,9224.3,5139.4,6158.2,9106.4,9809.8,13259,11536,10840,10713,9854.1,10494,10088,9769,14832,12286,15429,14929,14049,13575,12042,9633.3,11209,10633,10801,9581.7,10555,6249.7,3854.4,7644.7,11257,10678,12138,11228,11120,10850,10105,10491,7088.7,12647,6133.4,14721,12754,9638.8,9560.8,10212,9408.8,6648.5,8419.7,9099,7310.7,5970.7,8810.9,9490.5,14089,12393,11194,12138,11130,11996,10304,9250,11036,9879.1,6354.7,8949.9,11193,9874.2,9607,7638.1,11410,10106,6425.5,9069.7,12107,10344,9589.2,7700.8
14117,11698,16122,15649,13505,13235,12247,7962.1,9655.2,8873.7,9493.1,8566.3,10192,6869.4,3772.2,6105,11190,10965,10517,10972,11458,10878,9464.9,10575,6795,12822,5879.1,14891,12747,9835.5,9791.5,10769,8008.3,6189,8272.6,9227.9,5074.7,6119.8,9091,9792.4,13300,11522,10791,10716,9894.7,10458,10050,9753.7,14822,12266,15446,14922,14056,13581,12030,9645.5,11153,10638,10820,9586.1,10535,6250.3,3833,7675.8,11289,10665,12122,11248,11123,10858,10119,10470,7137.1,12656,6114.4,14736,12731,9631,9566.8,10239,9380.8,6613.9,8446.3,9108.8,7303.5,5964.4,8810.1,9487.8,14062,12371,11198,12174,11114,12073,10339,9238.9,10976,9880.1,6391.6,8959.3,11249,9850.5,9614.8,7637.4,11445,10127,6496.4,9082.3,12136,10345,9587.9,7713.2
14134,11714,16134,15602,13519,13236,12256,7959.5,9671.5,8892.8,9441.2,8547.1,10210,6863.4,3792.3,6107.1,11189,10960,10536,10992,11448,10880,9467.5,10574,6806.3,12815,5911.9,14874,12716,9823.3,9793.6,10721,7985.2,6197.7,8286.1,9226.7,5084.8,6115.8,9108.4,9819.3,13302,11502,10816,10697,9967.9,10476,10150,9765,14825,12291,15422,14892,14103,13623,12029,9662.9,11204,10630,10814,9549.3,10578,6248.2,3833.5,7635.2,11271,10642,12133,11245,11105,10850,10128,10466,7121.8,12669,6138.8,14716,12796,9626.1,9562.8,10240,9394.9,6623.8,8430.9,9086.1,7343.6,5971,8820.5,9464.2,14090,12384,11217,12127,11209,11997,10248,9251,10997,9864.4,6331.7,8939.8,11325,9833.4,9570.7,7616.4,11405,10087,6448.6,9067.5,12111,10352,9622.5,7717
14122,11702,16127,15651,13547,13251,12261,7962.3,9680.7,8865.4,9507.1,8553.3,10197,6886.9,3790.8,6111.6,11194,10938,10544,10993,11446,10891,9471.8,10585,6828.9,12804,5904,14845,12717,9822,9788.9,10775,7976,6225.8,8294.3,9243.9,5149.3,6152.3,9125.3,9809.8,13338,11532,10803,10678,9861.7,10474,10075,9773.7,14806,12267,15423,14910,14034,13601,12038,9656.8,11142,10636,10834,9566.6,10575,6237.9,3824.5,7662,11264,10624,12113,11226,11118,10856,10125,10487,7117.8,12653,6072.7,14736,12809,9587.8,9554,10274,9408.3,6674.9,8400.8,9108.5,7360.7,5978.4,8790.8,9479.3,14031,12378,11201,12151,11210,12076,10283,9246.6,10949,9861.3,6405.9,8942.8,11122,9878.8,9611,7604.1,11353,10104,6435.7,9057.9,12129,10327,9591.3,7722.4
14124,11705,16144,15630,13529,13249,12242,7970.2,9648.5,8874.4,9466,8582,10185,6869,3796.4,6116.2,11181,10927,10524,10975,11441,10886,9481.6,10557,6914.7,12867,5897.7,14851,12720,9826.6,9807.8,10757,8041.9,6151,8306.6,9224.3,5088.5,6144,9129,9816.6,13211,11512,10810,10721,9924.1,10558,10032,9754.7,14824,12278,15416,14881,14059,13639,12058,9658.7,11239,10640,10846,9580.7,10568,6266.7,3849.9,7657.4,11264,10598,12144,11250,11126,10847,10142,10458,7119.9,12670,6170.5,14729,12768,9631.7,9543.5,10263,9391.4,6617.6,8468.7,9119,7339.5,5956.3,8838.1,9474.9,14062,12428,11222,12120,11201,11969,10330,9254.5,11001,9844.4,6262.1,8944,11234,9854.3,9622.8,7623.4,11388,10086,6442.8,9064.4,12167,10367,9606.9,7707.8
14123,11692,16118,15633,13506,13244,12267,7981.1,9690.3,8859.2,9474.8,8567.5,10195,6863,3805.7,6104.3,11184,10932,10537,10984,11448,10899,9485.9,10566,6851.2,12860,5841.8,14856,12716,9803.9,9796.3,10761,8027.2,6180.1,8316.3,9233,5075.7,6151.4,9113,9832.7,13241,11525,10809,10728,9887.6,10491,10052,9751.9,14810,12285,15431,14902,14076,13631,12053,9657.1,11232,10629,10831,9578.8,10583,6300.3,3837.3,7670,11276,10607,12163,11243,11108,10854,10141,10493,7125.3,12664,6086.1,14745,12728,9646,9548,10278,9388.2,6673.9,8452.5,9103.9,7350.8,5982.1,8850.4,9490,14066,12385,11206,12159,11133,12054,10357,9239.2,10978,9855.7,6395.4,8962.9,11230,9837.6,9621.9,7621.9,11351,10122,6497.2,9086.4,12151,10351,9595.5,7706.9
14143,11711,16125,15616,13543,13255,12260,7972.8,9701.6,8882.4,9476.3,8544,10205,6901.4,3802.9,6119.5,11168,10939,10557,11006,11455,10889,9494,10612,6813.2,12821,5864.3,14842,12728,9783.6,9802.8,10797,8047.2,6192.2,8278.5,9266.9,5106.3,6147.7,9145.1,9831.3,13312,11552,10835,10667,9946.4,10525,10021,9779.6,14800,12245,15416,14885,14032,13629,12056,9646.9,11240,10644,10783,9544.6,10547,6238.5,3832.4,7678,11261,10577,12149,11234,11064,10850,10127,10532,7132.4,12672,6149.2,14735,12769,9616.9,9549.3,10254,9382.9,6679.5,8446.2,9134.2,7375.4,5962,8826.3,9503.3,13970,12390,11188,12161,11172,12022,10412,9243.1,10967,9855.1,6315.4,8951.8,11086,9894.6,9627.5,7642,11375,10105,6483,9099.5,12160,10407,9662.2,7721.3
14126,11701,16131,15628,13542,13297,12272,7990.1,9719.8,8925.6,9492.3,8568.2,10225,6838.5,3781.9,6116.1,11186,10931,10561,10995,11444,10904,9476.2,10557,6816.6,12825,5839.5,14832,12707,9811,9797.7,10805,8042.8,6199.4,8278.1,9256,5088.7,6152.5,9144.6,9836.4,13317,11549,10852,10716,9950.6,10532,10164,9780.8,14789,12254,15417,14887,14097,13618,12051,9645.1,11229,10623,10805,9552.9,10541,6244.1,3829.9,7664.9,11259,10579,12173,11236,11083,10849,10144,10494,7077.4,12678,6113.2,14697,12713,9596.2,9539.6,10286,9403.2,6652.4,8400.1,9123.5,7379.4,5956.9,8864.4,9511.7,14019,12394,11214,12196,11229,12099,10368,9260.4,10960,9880.2,6300.6,8949.9,11125,9907.4,9634,7636.5,11383,10135,6409,9091.4,12164,10392,9620.8,7711.3
14136,11699,16136,15629,13545,13219,12257,7956.5,9687.9,8911.8,9490.3,8545.6,10192,6812.5,3756.1,6112.8,11170,10925,10530,10972,11408,10885,9478.2,10584,6816,12846,5889.4,14849,12705,9776,9795.3,10790,7995.6,6216,8311.4,9258.1,5125.2,6146.9,9129.6,9853.7,13194,11538,10833,10700,9822.3,10499,10139,9753.1,14803,12284,15414,14868,14110,13610,12049,9670.8,11214,10648,10820,9545.4,10573,6272.5,3843.8,7648.1,11256,10573,12130,11220,11086,10826,10132,10478,7092.7,12671,6142.8,14727,12766,9601.4,9538,10269,9393.4,6675.6,8402.4,9109.4,7329.7,5970.8,8825.7,9526.9,14056,12409,11176,12166,11163,12054,10353,9248.2,10966,9859.2,6355.1,8975.3,11153,9853.6,9681.6,7656.1,11335,10095,6436.7,9065.7,12153,10390,9625,7714.9
14119,11713,16145,15638,13529,13282,12271,7981.5,9683.9,8873.2,9481.4,8564.5,10183,6861.7,3777.5,6104.2,11188,10906,10502,10969,11462,10881,9497.3,10576,6881,12806,5862.5,14837,12691,9788.4,9796.1,10812,8014.1,6142.8,8286.3,9235.2,5092.2,6155.3,9125.8,9840.3,13295,11524,10806,10707,9919,10460,10113,9755.5,14784,12285,15422,14886,14066,13571,12058,9664.6,11253,10653,10848,9563.9,10574,6206,3864.2,7657.7,11268,10558,12119,11222,11056,10821,10133,10475,7105.2,12674,6060.3,14733,12756,9596.3,9526.3,10260,9419.3,6625.1,8441.9,9122.7,7326.2,5988.1,8811.2,9520.7,14041,12419,11203,12185,11152,12108,10400,9255.4,11005,9851,6296.9,8966.6,11194,9867.4,9664.8,7627.7,11379,10127,6478.1,9076.6,12039,10309,9594.7,7699.8
14150,11691,16143,15657,13584,13256,12286,7968.1,9698.7,8895.9,9494,8557.3,10233,6934.9,3776.3,6075.6,11210,10905,10553,10975,11459,10904,9499.7,10563,6874.7,12823,5879.6,14858,12698,9759.3,9789,10764,8034.1,6153.8,8310.3,9244.4,5106.4,6136.3,9130.1,9838.1,13247,11503,10834,10739,9934.1,10489,10123,9774.8,14771,12264,15437,14870,14116,13622,12063,9652.3,11228,10641,10865,9564.5,10569,6212.7,3828.4,7654.7,11273,10553,12098,11210,11071,10817,10144,10523,7086.3,12679,6173.2,14685,12718,9595.5,9517.6,10287,9413.7,6653.9,8460.2,9124.6,7314.9,5986.8,8836.9,9513.1,13974,12391,11221,12066,11183,12038,10309,9268,10992,9857.2,6347.4,8957.7,11077,9888.9,9644,7629.7,11436,10089,6449.6,9049.1,12112,10369,9623.6,7722
14138,11706,16136,15656,13545,13270,12289,7962.2,9699.8,8870.9,9461.1,8549,10199,6895,3770.5,6127,11190,10948,10546,11009,11457,10894,9493.2,10582,6845.3,12843,5886.4,14830,12689,9767.1,9810.5,10831,8008.6,6218.1,8314.6,9249.5,5088.5,6166.3,9106.5,9845.9,13308,11510,10814,10752,9933.9,10478,10037,9771.6,14767,12268,15436,14878,14080,13592,12069,9648.8,11208,10617,10835,9559,10547,6219.8,3844.8,7675.3,11274,10565,12106,11200,11062,10814,10143,10479,7103.1,12669,6095.7,14679,12751,9612.7,9552.2,10288,9414,6660.6,8398.2,9132.8,7301.5,6009.5,8814.2,9534.5,14008,12386,11215,12172,11175,12081,10335,9252.1,10968,9895.2,6346.3,8939.9,11230,9902.1,9612.8,7634,11383,10068,6480.2,9116.8,12154,10379,9645,7744.5
14151,11710,16156,15649,13585,13248,12282,7971.3,9676.2,8866.3,9495.9,8556.6,10165,6866.7,3772.1,6124.5,11183,10918,10528,10971,11485,10895,9505.2,10559,6832.5,12834,5925.7,14879,12665,9808.3,9808.1,10792,8027,6224.1,8262.7,9264.3,5116.1,6155.1,9125.4,9842.9,13218,11504,10793,10671,9970.7,10520,10080,9757.2,14793,12252,15427,14870,14062,13611,12070,9647.9,11222,10615,10824,9547.1,10524,6281.9,3836.5,7655.3,11281,10534,12117,11196,11062,10802,10144,10495,7111.6,12659,6124.6,14712,12729,9572.4,9552.2,10279,9406,6697.9,8430.3,9126.4,7350.7,5962.5,8829.2,9524.4,14047,12365,11189,12130,11132,12072,10343,9222.1,11002,9880.9,6345.5,8932.4,11070,9908.4,9605,7647.1,11402,10097,6470.3,9091.6,12188,10405,9562.2,7713.4
14146,11685,16167,15679,13574,13264,12277,7957.8,9597.1,8830.9,9483.7,8529.9,10196,6911.4,3768.4,6078.1,11190,10895,10523,10982,11495,10902,9512.5,10532,6905.4,12808,5867.6,14832,12694,9789.7,9803.8,10795,7964.2,6186.7,8294.4,9249.6,5127.8,6152.5,9115.5,9854.1,13261,11537,10829,10728,9899.7,10475,10005,9762.3,14771,12243,15431,14871,14087,13620,12068,9646.2,11235,10608,10856,9544.5,10560,6231.4,3826,7620.4,11270,10560,12137,11225,11072,10823,10177,10470,7112.9,12701,6122.7,14737,12722,9592.9,9538.4,10252,9408.5,6683.3,8384.4,9125.1,7373.8,6001,8819.7,9524.8,14040,12402,11207,12178,11093,12063,10310,9247.9,10979,9883.6,6321.5,8932.3,11158,9796.9,9633,7654.7,11396,10093,6427.4,9095.4,12146,10367,9635.5,7699
14161,11701,16191,15681,13516,13261,12275,7963.5,9668,8880.5,9485.4,8548.1,10177,6876.5,3807.3,6073.3,11202,10923,10519,10964,11469,10901,9476.8,10524,6878.5,12797,5894,14878,12709,9794.4,9787,10767,8020.5,6167.9,8286.8,9255.8,5114.8,6148.1,9104.2,9865.5,13284,11534,10797,10723,9894.3,10471,10021,9731.1,14790,12232,15438,14894,14074,13604,12067,9624.1,11235,10616,10849,9567.7,10548,6266.7,3810.6,7626.2,11278,10546,12090,11191,11101,10811,10130,10428,7129.2,12680,6130.8,14731,12710,9565,9538.7,10251,9385.6,6672.6,8389.9,9109.5,7363,5949.2,8807,9530.7,14078,12414,11239,12094,11096,12024,10250,9226.1,10992,9843.4,6239.6,8909.2,11191,9806.4,9596.8,7619.1,11365,10116,6458.4,9076.7,12174,10354,9614,7746.9
14170,11715,16172,15674,13533,13253,12263,7955.1,9629,8873.1,9487.6,8551.8,10192,6862.2,3776.4,6084.9,11180,10906,10460,10934,11484,10885,9488.3,10493,6836.1,12832,5935.4,14864,12734,9765.7,9797.3,10758,8021.6,6168.4,8312.5,9244.4,5082.7,6100.1,9117.9,9841.5,13215,11498,10801,10676,9917.8,10448,9961.6,9730.4,14792,12285,15452,14881,14150,13606,12072,9660.5,11190,10594,10842,9580,10585,6240,3837.8,7632.4,11282,10526,12102,11181,11110,10783,10116,10414,7177.8,12669,6168.1,14772,12724,9570,9538.4,10233,9369.3,6646.3,8418,9089.7,7322.2,5989.9,8826.8,9508.2,14038,12409,11199,12162,11156,11982,10251,9215.9,10925,9878.4,6355.9,8988,11395,9829.3,9618.1,7621,11375,10114,6461.3,9061.8,12182,10322,9588.1,7727.1
14161,11718,16165,15697,13569,13270,12278,7967,9669.4,8872.8,9451.3,8535.7,10201,6858.9,3786.8,6117.8,11181,10905,10511,10956,11465,10908,9509.4,10577,6837.7,12840,5893.6,14856,12702,9779.9,9808.2,10770,8019.5,6196.8,8266.5,9252.8,5121.3,6126.4,9126.5,9854.2,13286,11486,10821,10687,9922.8,10467,10073,9771.5,14786,12264,15443,14885,14101,13614,12066,9644.3,11216,10622,10799,9527.7,10564,6241.3,3828.7,7648.2,11266,10560,12102,11213,11069,10805,10156,10507,7125.9,12672,6148,14746,12715,9575.7,9530.2,10241,9382.1,6646.9,8418.8,9117,7313,5975.1,8810.6,9545.1,14000,12391,11179,12174,11192,12029,10321,9234.2,10980,9857.7,6399.2,8945.9,11231,9787.6,9585.3,7647.7,11418,10140,6450.5,9119.9,11987,10380,9580.9,7704.1
14171,11687,16190,15727,13581,13287,12276,7955.3,9654.3,8866.7,9485.6,8577.3,10231,6862.9,3789,6094.4,11164,10945,10530,11001,11534,10911,9510.4,10592,6856.6,12783,5910.1,14828,12690,9810.4,9797.5,10798,8041.2,6211.1,8268.7,9263.4,5155.9,6173.8,9140.4,9862.1,13268,11521,10798,10681,9909.6,10483,10039,9771.1,14784,12260,15423,14890,14071,13604,12062,9637.8,11229,10627,10828,9542.6,10585,6225.4,3851.9,7629.1,11265,10563,12100,11197,11084,10810,10137,10471,7131.6,12665,6116,14736,12723,9581.1,9528.4,10238,9399,6670.4,8407.5,9127.9,7360.7,5948.8,8835.6,9514.6,14059,12391,11195,12162,11122,11991,10302,9238.4,11006,9860.4,6309.8,8970.4,11194,9823.4,9624.2,7630.9,11452,10093,6426.5,9091.8,12185,10369,9553.7,7729.4
14173,11717,16181,15716,13594,13293,12265,7974.5,9687.4,8848.1,9503.7,8547.4,10193,6819,3775.2,6084.3,11169,10924,10544,10976,11464,10918,9482.2,10556,6874.2,12775,5927,14857,12699,9786.1,9827,10751,8036.2,6206.6,8281.9,9223.2,5142.6,6182.7,9097,9850.1,13313,11505,10764,10693,9933.6,10455,10124,9774.3,14776,12263,15421,14886,14096,13652,12055,9639.6,11178,10609,10801,9544.7,10537,6192.4,3835.2,7617.8,11278,10545,12105,11195,11085,10817,10129,10438,7158.4,12688,6184.2,14739,12694,9554.1,9526.3,10250,9412.7,6633.1,8402.9,9125.6,7363.5,5979.3,8813.1,9519.3,14017,12385,11190,12111,11163,12015,10309,9258.4,10949,9864.7,6269.5,8970.9,11028,9889.3,9591.9,7640.5,11407,10078,6418.6,9126.2,12165,10329,9588.3,7711.4
14167,11707,16162,15686,13562,13272,12252,7977.1,9691.4,8902.7,9445.8,8538.4,10188,6863.5,3754.9,6063.3,11169,10935,10506,10938,11461,10917,9479.6,10511,6849.8,12801,5837.8,14846,12687,9782.3,9814.7,10735,8013.3,6217.6,8290.1,9238.4,5110.1,6178.7,9109.8,9847.7,13289,11482,10804,10681,9948.6,10474,10071,9760.2,14778,12230,15424,14874,14096,13588,12041,9628.7,11242,10612,10835,9535.5,10567,6217.8,3807.6,7619.9,11260,10581,12080,11200,11059,10808,10135,10468,7125.7,12664,6148.4,14745,12745,9595.6,9527.4,10236,9362.9,6683,8368.4,9107.8,7377.6,5975.9,8815,9518.5,14138,12358,11189,12160,11119,11972,10283,9253.2,10957,9878,6329.7,8959.9,11213,9829.5,9574.6,7632.9,11394,10076,6495.1,9071.9,12146,10314,9608.8,7709
14183,11687,16179,15694,13510,13257,12242,7971.2,9668.6,8890.8,9450.3,8542.4,10158,6850.5,3774.5,6059.3,11158,10937,10487,10926,11492,10900,9470.7,10457,6860.1,12753,5890.1,14860,12707,9802.6,9796.4,10704,8010.9,6232.4,8292.7,9224.5,5154.4,6147.9,9112.5,9808.2,13282,11476,10753,10640,9913,10508,9929.7,9748.1,14799,12231,15443,14872,14072,13591,12028,9630.6,11238,10616,10783,9539.3,10559,6259.8,3826.4,7610.6,11246,10550,12018,11176,11060,10797,10122,10379,7128.2,12642,6164,14750,12725,9581.2,9501.5,10164,9401.1,6660,8364,9086.2,7378,5960.5,8807.8,9498.4,14083,12373,11154,12172,11191,11936,10306,9265.5,10926,9858.7,6329.4,8921.6,11231,9774.7,9588.5,7642.5,11381,10081,6461.8,9082.9,12126,10375,9595.3,7736
14180,11688,16198,15702,13566,13278,12237,7987.5,9709.2,8839.3,9490,8566.3,10182,6930.4,3818.1,6058.3,11165,10925,10469,10951,11527,10904,9478.3,10481,6887.1,12776,5905.9,14862,12696,9791.3,9793.4,10728,8037.5,6204.1,8271.5,9232.3,5123.7,6143.1,9082.1,9837.6,13237,11483,10787,10730,9858.3,10467,10043,9746.7,14798,12235,15456,14874,14121,13636,12037,9649.3,11243,10601,10875,9569.9,10570,6228.2,3827.9,7627.1,11261,10565,12060,11178,11072,10813,10092,10440,7128.2,12678,6118.6,14754,12700,9544.4,9506.6,10208,9394.2,6680.2,8336.2,9077.7,7353.1,5986.3,8803,9478.5,14033,12362,11207,12106,11093,12020,10236,9240.8,10956,9848.7,6410.4,8902.6,11184,9800.2,9624.4,7649.2,11384,10063,6483.3,9057.8,12173,10330,9583.2,7700.3
14183,11707,16197,15716,13594,13299,12247,7965.5,9659.9,8831.9,9457.4,8566.3,10158,6891,3801.4,6056.2,11162,10965,10486,10942,11494,10918,9470,10472,6858.5,12786,5900.1,14855,12709,9805.4,9785.4,10737,8022.3,6212.9,8293.8,9221.3,5113.3,6151.1,9111.3,9818.6,13266,11483,10762,10717,9899.5,10455,9941.5,9741.4,14813,12250,15471,14884,14099,13613,12040,9627.6,11214,10585,10786,9553.5,10541,6262.3,3842.8,7617.8,11252,10560,12060,11193,11079,10795,10109,10396,7093,12679,6101.2,14747,12740,9606.3,9507.7,10211,9383.5,6594,8370.2,9106.2,7368.1,5961.6,8796,9499.6,14071,12341,11177,12095,11159,12032,10288,9248.4,11003,9868.8,6384.2,8948.9,11158,9770,9623.4,7623.3,11387,10071,6465.7,9074.8,12073,10320,9596.5,7703.3
14206,11678,16204,15718,13567,13266,12244,7965.3,9671.3,8919,9479.7,8573.1,10189,6857.1,3813,6103.6,11169,10948,10489,10943,11479,10929,9461.1,10507,6848.6,12789,5895.8,14881,12702,9802.1,9779.3,10668,8039.6,6175.7,8249.2,9210.5,5100.8,6134.7,9108.4,9819,13257,11506,10774,10691,9925.4,10530,9986.3,9745.4,14813,12252,15460,14902,14109,13624,12050,9654.1,11246,10594,10847,9568.5,10556,6266,3828.5,7606.8,11263,10534,12092,11191,11072,10810,10095,10429,7128.4,12634,6132.7,14713,12708,9562.3,9494.3,10170,9375.4,6654.3,8443.1,9073.4,7321.9,5951.9,8805.3,9496.6,14083,12326,11216,12053,11094,11999,10308,9217.5,10965,9902.9,6318.9,8951.4,11282,9859.6,9630.9,7643.8,11359,10083,6402.9,9042,12145,10365,9598.6,7728.4
14193,11695,16179,15733,13599,13304,12257,7967.2,9711.7,8898.4,9482.3,8558.3,10190,6919.5,3819.1,6112.2,11180,10955,10534,10966,11454,10942,9465.3,10568,6869.9,12788,5889.3,14846,12689,9780.9,9765,10726,8035.9,6178.5,8268.3,9215.8,5115.8,6157.7,9099.7,9833.2,13302,11524,10795,10726,9952.8,10469,10045,9762.3,14813,12234,15447,14891,14124,13651,12063,9642.9,11264,10590,10865,9549.6,10526,6277.5,3837.2,7644.9,11249,10561,12093,11199,11089,10816,10096,10412,7136.1,12683,6115.5,14740,12704,9598.4,9490.5,10194,9382.1,6667.3,8409.4,9081.6,7367.7,5946.1,8816.2,9492.7,14047,12410,11168,12126,11189,11997,10278,9239.4,10970,9824,6375.2,8937.2,11228,9850.9,9613.7,7635,11349,10095,6471.9,9090.5,12115,10267,9598.7,7746.4
14174,11689,16152,15688,13587,13267,12267,7980.9,9698.7,8840.1,9489,8542.7,10185,6876.6,3789,6073.2,11177,10961,10559,10975,11453,10933,9464.4,10515,6833.6,12791,5864.5,14831,12681,9816.5,9776.6,10737,8029.4,6157.4,8347.4,9249.4,5131,6156.8,9120.3,9828,13230,11477,10805,10772,9948.1,10542,10043,9757.6,14791,12269,15434,14869,14090,13593,12040,9647.1,11235,10612,10785,9545,10537,6282.3,3872.4,7618.1,11264,10535,12104,11195,11092,10825,10094,10404,7126.8,12668,6098.6,14769,12759,9575.9,9511.5,10192,9390.5,6639.3,8443.5,9075.1,7347.8,5982.1,8815.4,9490.3,14040,12378,11182,12138,11148,12054,10268,9277.4,10973,9847.8,6390.8,8944.5,11199,9839.3,9590.7,7620.8,11358,10043,6525.3,9085.9,12128,10290,9588.4,7728.6
14177,11678,16146,15691,13557,13285,12259,7971.1,9713.4,8835.1,9454.7,8555.2,10172,6891.3,3819.8,6114.6,11183,11011,10571,10994,11455,10942,9473.5,10502,6796.6,12800,5820.3,14854,12695,9808.7,9772.3,10738,8025.9,6175.3,8274.4,9241.3,5109.3,6134.1,9120.7,9841.7,13306,11475,10783,10675,9873.4,10433,10028,9765.6,14808,12232,15437,14883,14106,13575,12045,9653.4,11189,10616,10789,9578.3,10541,6282.5,3828.4,7644.6,11242,10581,12079,11209,11104,10819,10113,10435,7069.9,12641,6126,14742,12728,9575.6,9501.5,10214,9431.8,6627.8,8388.3,9089.4,7273.4,5998.6,8811.9,9510.7,14027,12400,11142,12054,11121,12025,10273,9249.9,10967,9865,6287.9,8949,11130,9802.2,9631.2,7633.9,11330,10060,6407.9,9079.9,12249,10347,9588.8,7697.3
14188,11673,16159,15705,13595,13300,12253,7988,9712.3,8847.9,9424.5,8542,10213,6856.2,3790.2,6119.4,11178,10983,10535,10993,11444,10927,9494.9,10541,6835.7,12796,5863,14861,12692,9778.2,9760.1,10745,8020.8,6120.6,8208.8,9248.7,5116.5,6122.9,9125.1,9832.3,13272,11519,10783,10665,9943.2,10491,10069,9781.3,14827,12254,15449,14893,14119,13615,12056,9640.2,11276,10645,10824,9563.3,10528,6291.3,3850.3,7636.6,11242,10560,12101,11240,11092,10808,10111,10436,7089.3,12683,6151.1,14761,12776,9568.3,9482,10205,9423.8,6663.8,8440.1,9082.8,7348.4,5988.7,8806.1,9504.3,14100,12410,11176,12139,11184,12055,10295,9274.7,10977,9864.5,6282.3,8969.7,11174,9859.9,9572.6,7637.9,11369,10126,6468.3,9076.9,12116,10332,9565.7,7696.3
14177,11695,16161,15726,13577,13275,12254,7974,9703.3,8893.1,9440.6,8543.7,10176,6863.3,3784.8,6127.5,11168,10971,10543,10964,11473,10928,9481.3,10518,6879.4,12808,5895.2,14867,12684,9806.7,9751.2,10724,8041,6162.9,8220.6,9264,5127,6128.4,9112.3,9824.3,13260,11506,10815,10732,9912.1,10467,10034,9782.7,14821,12227,15437,14893,14099,13617,12058,9638,11219,10622,10805,9550.9,10552,6268.1,3831.5,7638.3,11245,10539,12082,11214,11089,10824,10117,10452,7169,12630,6106.9,14756,12738,9582.6,9470.7,10184,9410.2,6664.4,8417.3,9080.2,7367.6,5986.8,8798.3,9478.1,14053,12359,11197,12166,11124,11976,10261,9256,10926,9850.6,6336.6,8936.4,11195,9802,9547.8,7623.9,11334,10075,6508,9062,12028,10351,9585.2,7707.1
14183,11713,16160,15712,13551,13252,12253,7956.5,9726.8,8863.1,9502.1,8549.1,10162,6921.1,3803.3,6117.1,11169,10975,10537,10953,11442,10918,9481.2,10524,6890,12785,5849.9,14855,12671,9805.3,9775.4,10701,8017.5,6176.9,8340.5,9215.5,5132.5,6125.8,9076.1,9818.1,13322,11516,10776,10666,9905.9,10457,10055,9771.6,14818,12233,15450,14909,14062,13605,12054,9644.7,11267,10609,10869,9563.9,10542,6232.7,3846.9,7633.1,11239,10568,12112,11210,11107,10827,10123,10422,7141.8,12640,6127.1,14757,12720,9599.4,9487.4,10180,9423.5,6675.4,8365.6,9084.9,7363.6,5978,8810.3,9515.7,14029,12381,11217,12155,11134,12056,10194,9229.7,10984,9876.6,6321,8933.5,11124,9872.7,9590.9,7640.6,11343,10088,6439.8,9103.9,12110,10314,9631.2,7732.2
14159,11683,16146,15699,13544,13237,12246,7967.5,9673.3,8865.3,9481.2,8532.7,10185,6857.3,3793.8,6109.2,11191,10980,10562,10968,11449,10939,9490.4,10510,6879.3,12770,5829,14850,12707,9819.3,9769.7,10681,8000,6172.5,8251.5,9207.6,5131.6,6122.7,9110.9,9829.9,13259,11486,10787,10677,9896.8,10493,10005,9785.7,14818,12273,15444,14897,14091,13604,12035,9638.5,11244,10623,10842,9574.8,10522,6246.6,3824.9,7647.4,11243,10611,12081,11180,11115,10841,10115,10424,7151.1,12631,6143,14730,12728,9582.7,9486.5,10171,9408.2,6656.2,8394.5,9077.3,7393.7,5972.8,8806.1,9492.1,14011,12387,11163,12150,11138,12020,10292,9253.2,10928,9856,6333.1,8930.5,11102,9895.9,9595.3,7617.9,11361,10101,6514.5,9093.8,12108,10434,9627.3,7726.6
14173,11704,16156,15699,13582,13246,12255,7968.7,9649.8,8858.1,9459.8,8532.7,10190,6872.2,3806.4,6112.2,11178,10980,10547,10966,11429,10941,9489.5,10526,6851.5,12815,5833.1,14872,12661,9781.5,9749.9,10715,8028.3,6182.6,8270.5,9241.6,5113,6173.8,9121.7,9843.7,13278,11480,10789,10704,9874.4,10445,10041,9797.2,14818,12272,15436,14900,14055,13599,12031,9627.3,11158,10638,10794,9538.4,10509,6218,3826.8,7621.3,11235,10597,12115,11211,11117,10860,10135,10431,7107.4,12640,6038.8,14713,12717,9570.8,9508.7,10180,9430.7,6666.8,8447,9084.1,7354.7,5987.5,8794.7,9508.7,14057,12374,11185,12127,11220,11996,10277,9292.1,10948,9855.3,6375.9,8921.4,11146,9873.4,9573.3,7596.7,11357,10069,6547.2,9055.1,12086,10326,9640.3,7705.4
14183,11645,16147,15724,13558,13288,12250,7977.1,9674.1,8827.5,9533.6,8541.8,10205,6878.9,3776.4,6105.7,11178,10974,10557,10985,11447,10948,9461.3,10537,6883.2,12752,5837,14842,12679,9804.8,9750.9,10665,8044.5,6188.9,8320.6,9225,5083.9,6141.1,9117.7,9855.3,13281,11497,10779,10689,9838.2,10447,10040,9792.3,14805,12228,15438,14911,14025,13578,12044,9627.5,11216,10640,10776,9563.6,10526,6227.5,3864.1,7646.3,11239,10592,12115,11211,11114,10856,10135,10440,7171.9,12636,6164.4,14750,12725,9575.6,9484.5,10138,9413.2,6651.7,8485.8,9083.3,7394.2,6002.6,8809,9508.5,14055,12384,11162,12103,11169,11991,10315,9284.1,10935,9872.3,6387.8,8953.9,11172,9843,9576.7,7634,11376,10073,6491.1,9057.1,12138,10291,9611.9,7713.7
14165,11693,16151,15684,13568,13313,12238,7966.1,9675.9,8880.2,9473.2,8515.8,10194,6833.3,3749.5,6100.1,11161,10984,10566,10981,11463,10946,9500.4,10549,6852.8,12771,5893.8,14876,12693,9773,9751.3,10727,8045,6146.3,8248.1,9207.8,5099.3,6145.4,9125.4,9850.2,13262,11505,10818,10684,9898.3,10507,10046,9805.9,14820,12254,15443,14896,14096,13593,12043,9660.1,11224,10622,10821,9573.3,10526,6219.7,3847.2,7655.9,11238,10572,12121,11188,11110,10861,10128,10438,7181.2,12634,6222.2,14726,12713,9590.7,9503.1,10153,9429.7,6638.2,8443.9,9092.5,7366.7,5997.6,8803.7,9492.6,14076,12422,11186,12113,11088,12033,10269,9281.5,10908,9855.5,6386.5,8939.1,11168,9877.3,9613.6,7645.6,11307,10089,6436.7,9070.8,12117,10362,9610.5,7713.6
14176,11702,16148,15697,13565,13253,12236,7962.4,9702,8873.1,9468.4,8552.7,10164,6895.9,3781.6,6085.7,11151,10955,10557,10967,11411,10938,9479.4,10541,6861.9,12799,5905.8,14857,12704,9790.4,9757,10706,8031.4,6173.9,8264.7,9234.3,5106.2,6159.8,9139,9825.6,13262,11504,10784,10670,9879.7,10487,9963.9,9783.4,14822,12244,15430,14904,14033,13588,12029,9622,11184,10625,10813,9562.7,10530,6240.2,3857.3,7638.4,11225,10588,12118,11203,11111,10855,10133,10444,7166.8,12620,6224.7,14743,12713,9607.7,9491.7,10187,9430.4,6628.8,8424.3,9076.9,7345.9,6012.7,8809.5,9473.9,14040,12353,11156,12082,11147,12083,10266,9254.1,10995,9863.8,6389.7,8934.6,11194,9795.6,9628.4,7656.2,11337,10095,6484.2,9088.8,12081,10405,9605.5,7723.2
14170,11675,16156,15724,13560,13256,12247,7959.3,9711.7,8893.6,9458.5,8531,10176,6842.8,3775.7,6106.4,11172,10983,10560,10978,11458,10949,9484.6,10566,6835.8,12802,5897.8,14855,12659,9814.8,9769.7,10677,8026.6,6233.4,8305.8,9237,5099.4,6159.1,9142.9,9826.1,13265,11481,10791,10684,9859.5,10451,10024,9801.7,14830,12213,15449,14926,14076,13589,12029,9632.1,11201,10596,10869,9558.4,10531,6195.3,3824.4,7643.7,11237,10605,12145,11189,11097,10860,10151,10458,7099.4,12605,6114.3,14723,12736,9600.7,9519.2,10163,9413.3,6652.9,8431.9,9073.3,7353,6003.1,8816.2,9497.8,14072,12352,11154,12102,11176,12016,10291,9274.5,11035,9830.2,6417.9,8945.9,11304,9827.6,9601.9,7655.8,11441,10060,6443.2,9098.9,12162,10438,9612.4,7699.6
14173,11685,16125,15691,13545,13250,12248,7956.3,9685.1,8890,9463,8510,10167,6854.9,3784.6,6082.5,11169,10964,10577,10999,11439,10940,9481.8,10547,6887.1,12794,5943.8,14842,12674,9807.6,9768.7,10688,8016.9,6208.1,8282.8,9248.7,5118.1,6177.5,9080.5,9822.8,13240,11500,10769,10724,9872.2,10490,10068,9803.7,14826,12239,15446,14910,14065,13610,12038,9642,11216,10605,10843,9552.9,10518,6303.9,3845.6,7616.5,11238,10603,12161,11214,11104,10873,10149,10452,7160.8,12645,6084.5,14742,12691,9598.8,9528.8,10178,9377.8,6675.6,8447.3,9071.1,7344,6003.1,8784.9,9509.5,14072,12382,11154,12094,11145,12017,10293,9287.3,11025,9818.3,6304.8,8951.5,11116,9831.5,9603.4,7641.6,11339,10083,6526.9,9099.9,12059,10344,9647.5,7716.4
14158,11677,16157,15693,13565,13244,12232,7968.4,9674.2,8831.3,9473.5,8537,10184,6891.7,3781.9,6106.5,11155,10967,10554,10974,11411,10940,9477.2,10525,6860.7,12798,5900.3,14840,12708,9782.1,9779,10705,8003.4,6197.3,8272.5,9239.6,5170.9,6148.5,9100.3,9839.2,13259,11481,10764,10706,9887.3,10468,9966.4,9795.3,14804,12248,15430,14897,14044,13553,12020,9633,11235,10611,10826,9554.5,10532,6241.5,3872.6,7626,11224,10604,12136,11210,11097,10863,10154,10451,7105.4,12612,6105.4,14715,12706,9607.7,9524.4,10190,9388.1,6641,8401.9,9109.5,7359.8,5982.1,8816.8,9498.8,14061,12346,11157,12172,11129,12008,10350,9250.9,10948,9855,6349.1,8925.8,11237,9844.5,9638.6,7607.1,11371,10097,6453.5,9096.8,12135,10362,9653.3,7697
14155,11666,16158,15694,13540,13256,12221,7957.6,9703.4,8867.8,9452.4,8517.8,10167,6897.8,3811.3,6128,11158,10967,10544,10966,11446,10936,9483.5,10532,6878.3,12804,5849.7,14831,12674,9788.3,9786.9,10720,8021.9,6183.3,8280.1,9245.6,5129.7,6119,9099.7,9824.5,13261,11497,10777,10660,9964.7,10457,10042,9804.3,14807,12253,15431,14912,14091,13597,12027,9608.9,11194,10582,10842,9556.2,10523,6205.1,3830.2,7639.5,11250,10596,12116,11190,11099,10867,10159,10423,7110.9,12583,6175.5,14704,12722,9588.3,9514.6,10181,9405.5,6635.8,8436.5,9093.7,7389.4,5979.3,8809.8,9494.3,13995,12336,11160,12089,11212,11949,10274,9312.5,10926,9870.5,6356.6,8941.2,11065,9870.9,9616.4,7610.1,11378,10083,6527.6,9073.5,12120,10363,9648.6,7697.7
14183,11639,16149,15706,13595,13278,12226,7932.3,9631.9,8819,9481.5,8548,10172,6874.4,3784,6107.1,11164,10960,10578,10963,11461,10941,9498.8,10570,6865.9,12812,5870.3,14832,12662,9811.1,9814,10703,8023.7,6210.2,8295.7,9239.2,5137.5,6154.8,9103,9825.2,13278,11471,10760,10660,9867.3,10470,10088,9780.4,14814,12232,15428,14898,14080,13570,12031,9627.6,11249,10608,10810,9555.7,10535,6272.8,3849.4,7655.6,11240,10591,12124,11206,11093,10856,10150,10430,7139.1,12650,6075.4,14710,12730,9605.8,9535.6,10201,9406.7,6668.2,8450.3,9098.9,7405,5979.8,8788.2,9495.2,14017,12362,11135,12051,11078,12015,10333,9258.3,11002,9821.1,6334.9,8913.5,11355,9827,9573.9,7625.3,11399,10032,6417.8,9089.6,12039,10332,9610.7,7718.9
14200,11699,16145,15703,13552,13263,12251,7980.7,9720,8866.1,9491.6,8535.3,10188,6826.3,3785.1,6116.4,11165,10969,10541,10948,11461,10940,9485.7,10512,6852.1,12777,5845.2,14858,12705,9814.6,9777.8,10706,8026,6165.6,8289,9225,5095.8,6152.2,9104.8,9831.6,13218,11494,10773,10666,9894.2,10472,9998.3,9767.5,14826,12232,15433,14888,14055,13589,12037,9620.2,11250,10618,10819,9568.2,10527,6245.2,3836.7,7642.4,11247,10584,12116,11220,11087,10840,10156,10428,7126.3,12645,6128.8,14707,12719,9593.4,9543.3,10232,9388.5,6627.5,8392.3,9094.2,7351.6,5995.8,8788.2,9477.3,13940,12382,11160,12123,11189,12013,10237,9268.6,10989,9881.3,6240,8915.3,11254,9803.8,9629.2,7630.4,11398,10098,6420,9085.5,12169,10333,9580.4,7710.5
14198,11688,16146,15682,13524,13263,12254,7948.2,9681.5,8858.7,9481,8551.3,10192,6845.8,3787.4,6090.6,11171,10968,10550,10981,11438,10926,9478.6,10525,6854.2,12826,5913.8,14846,12689,9794.2,9798.2,10738,8044.6,6195.1,8284.7,9238.2,5159.7,6162.1,9136.1,9829.1,13286,11504,10787,10699,9900.6,10496,10016,9748.1,14820,12243,15416,14894,14073,13585,12030,9608.6,11259,10624,10848,9549.5,10547,6257.2,3830.2,7633.5,11248,10584,12123,11189,11089,10842,10153,10474,7171.2,12672,6163.9,14722,12698,9586.2,9532,10207,9431.7,6635,8447,9071.5,7371.1,5993.7,8785.1,9494.2,14012,12370,11167,12083,11116,12034,10311,9234.9,11048,9847.2,6369.4,8959.7,11115,9898.1,9606,7637.1,11362,10110,6490.6,9107.3,12129,10383,9635.2,7700.3
14200,11718,16159,15699,13556,13243,12257,7953.7,9698.4,8876.6,9500.5,8546.8,10205,6829.9,3799.6,6105.7,11182,10960,10538,10974,11463,10947,9481.3,10534,6898.6,12836,5853,14836,12694,9802.7,9803.3,10722,8009.7,6195.4,8292.9,9238.8,5172,6157.6,9111.6,9846.9,13227,11510,10793,10727,9878.6,10469,10062,9749.4,14819,12246,15416,14914,14082,13565,12034,9627.3,11205,10626,10821,9552.4,10544,6254.6,3856.1,7665.5,11249,10586,12155,11211,11116,10861,10163,10411,7199.6,12620,6114.1,14714,12709,9608.8,9547.6,10199,9386.1,6649.7,8457.3,9088.4,7365.7,5964.8,8811,9505.7,14017,12406,11161,12193,11155,12021,10251,9263.3,11062,9832.8,6344.2,8947.7,11292,9846.5,9600.6,7629,11400,10085,6491,9096.5,12133,10371,9623.3,7699.3
14167,11688,16146,15701,13548,13260,12233,7954.1,9718.9,8838.8,9486.5,8547.2,10189,6879.8,3799.8,6092.4,11197,10970,10570,10965,11452,10950,9486.9,10572,6836.3,12812,5859.6,14862,12692,9824.1,9823.1,10760,8020.9,6217,8296.9,9235.7,5140.8,6136.6,9137,9830.9,13248,11529,10773,10753,9885.5,10482,10039,9771.5,14810,12293,15424,14903,14061,13576,12024,9630.3,11223,10623,10788,9553.7,10548,6218.1,3846.5,7650.8,11259,10584,12150,11203,11100,10871,10162,10474,7101.1,12614,6141.8,14735,12699,9613.8,9549.8,10208,9406.5,6643,8402.1,9098.6,7408.2,6011.3,8806.3,9513.2,14004,12433,11182,12136,11116,12003,10303,9239.7,10997,9831.9,6381.7,8952.7,11100,9865.7,9629.7,7637.9,11443,10110,6468.8,9082.8,12205,10379,9629.1,7718
14179,11690,16165,15690,13585,13251,12219,7974.4,9680.8,8844.7,9478.8,8547.5,10178,6899.4,3800.9,6087.9,11175,10984,10572,10976,11444,10954,9487.3,10523,6843.1,12785,5943.7,14876,12678,9801.9,9817.8,10751,8036.2,6220,8290.8,9215.9,5117.8,6151.8,9089.3,9815.5,13268,11503,10766,10712,9915.4,10453,10023,9767.1,14779,12274,15417,14905,14050,13583,12030,9635,11238,10622,10855,9569.9,10567,6244.6,3833.8,7629.2,11250,10594,12136,11204,11097,10862,10168,10472,7125.6,12619,6049.1,14683,12695,9588.3,9549.5,10213,9369.2,6663.9,8385.6,9084.5,7323.5,5961.2,8837.2,9516.7,14002,12369,11204,12249,11115,12026,10255,9265.6,11006,9838.6,6336.9,8942,11210,9893.2,9577.8,7618.2,11423,10050,6464.9,9053.8,12129,10373,9579.2,7700.1
14188,11689,16176,15686,13592,13250,12234,7946.5,9749.8,8864.1,9501.6,8557.1,10191,6926.3,3772.8,6081.1,11189,10983,10593,10991,11462,10944,9484.8,10557,6856.7,12814,5906.1,14832,12669,9825.1,9810.1,10769,8033.4,6177.1,8260.2,9219.4,5163.3,6142.8,9119.4,9818.5,13271,11494,10784,10691,9921.5,10457,10113,9758.6,14790,12248,15436,14874,14044,13593,12038,9624,11198,10606,10828,9543.3,10521,6242.5,3829.6,7650.9,11250,10568,12150,11215,11091,10862,10176,10443,7171.2,12664,6113,14685,12693,9556.3,9542.7,10234,9380.8,6641.3,8407.9,9093.9,7343.4,5934,8833.2,9519.3,14052,12382,11176,12097,11130,12005,10315,9290.7,11021,9838.4,6347.6,8908.9,11188,9867.2,9574.8,7621.6,11421,10069,6462.9,9078.9,12270,10317,9607.2,7684.8
14178,11662,16183,15699,13585,13293,12233,7962.3,9699,8859,9442,8553.7,10165,6861.1,3802.3,6086.3,11180,10961,10560,10982,11459,10944,9473.8,10547,6888.8,12787,5872.3,14847,12682,9789.5,9817.6,10759,8034,6221,8263.5,9207.9,5135,6163.4,9147.5,9810.7,13261,11493,10782,10749,9896.5,10452,10101,9752.7,14784,12242,15427,14887,14077,13609,12033,9634.3,11193,10609,10833,9540.5,10559,6230.5,3842.1,7665.3,11254,10587,12167,11206,11094,10858,10140,10460,7095.7,12658,6141.4,14714,12735,9592.8,9545.9,10259,9394.2,6606.4,8386.4,9096.5,7360.4,6011.5,8807.4,9526.9,14012,12401,11176,12107,11141,11992,10298,9257.3,10966,9820,6384.3,8933.1,11135,9833.2,9594.9,7633.7,11362,10073,6446,9125.8,12201,10322,9601.4,7691.4
14190,11681,16161,15679,13606,13300,12231,7957.7,9693.1,8851.7,9489.8,8555.7,10192,6853,3805.2,6127.3,11168,10958,10529,10955,11483,10916,9488.1,10579,6866.4,12783,5899.3,14844,12692,9810.9,9808.1,10748,8038.5,6237.7,8263.2,9237.6,5139.1,6186.4,9095.6,9827.9,13273,11502,10799,10680,9842.9,10479,10125,9736,14786,12273,15415,14870,14051,13578,12033,9666.6,11181,10620,10868,9567.2,10569,6303.2,3857.9,7651.3,11250,10575,12127,11199,11063,10846,10150,10465,7142.5,12613,6112.7,14699,12737,9606.8,9545.9,10247,9400.3,6664.7,8375.2,9084.7,7349,5997.8,8796.7,9522.9,14040,12423,11161,12132,11165,12082,10309,9272.2,10993,9853.7,6331.8,8945,11166,9842.6,9607,7654.4,11414,10050,6451.6,9083,12165,10367,9595.9,7713.6
14197,11699,16173,15692,13604,13290,12246,7939.7,9698.5,8895.8,9456.6,8565.3,10180,6860.1,3800.7,6106.7,11155,10950,10534,10967,11485,10940,9472.2,10551,6878.6,12796,5916.9,14836,12703,9821.4,9832.7,10775,8009.7,6300.5,8249.3,9247.8,5104.2,6158.1,9112.7,9819.5,13293,11488,10756,10637,9897,10445,10082,9766.8,14783,12256,15404,14875,14087,13606,12054,9641.5,11168,10645,10842,9535.8,10554,6199.7,3834,7665,11240,10594,12153,11219,11073,10843,10157,10464,7164.2,12664,6126.7,14695,12734,9583.4,9538.4,10257,9417.2,6671,8432.3,9107,7380.3,5990.1,8828.9,9510.3,14018,12402,11174,12170,11121,11985,10310,9258.9,10976,9869.5,6355.7,8940.7,11162,9833.6,9606.5,7618.7,11423,10072,6446.8,9091.4,12060,10360,9603.9,7698.6
14190,11693,16176,15711,13596,13300,12246,7959,9722.5,8839.2,9494.7,8546,10191,6881.9,3801.3,6130.6,11158,10967,10550,11005,11476,10948,9473.2,10600,6897.2,12796,5838.2,14854,12717,9846.8,9808.5,10757,8073,6239,8274.3,9229.5,5153.6,6140.1,9102.2,9822.8,13296,11522,10794,10691,9899.5,10445,10086,9770.1,14778,12236,15404,14889,14102,13624,12052,9638.2,11212,10620,10844,9519.7,10550,6275.1,3857.2,7628.7,11235,10579,12148,11196,11053,10839,10142,10540,7099,12670,6097.6,14700,12737,9601.8,9542.8,10255,9401.9,6673.9,8416.1,9100.5,7390.3,5991.3,8813.5,9537,13972,12408,11188,12140,11115,12002,10369,9274,10955,9856.2,6371.5,8949.7,11028,9800.5,9600.6,7635.9,11414,10110,6449.6,9080.8,12201,10390,9607.4,7719.1
14182,11700,16171,15700,13612,13285,12254,7952,9700.4,8883.2,9493.7,8538.3,10188,6951.6,3804.7,6087,11165,10941,10567,11003,11470,10922,9466.2,10564,6838.3,12843,5852.3,14865,12722,9805.9,9820.9,10796,8049.2,6247.4,8272.3,9267.8,5152,6161.9,9101.5,9816.3,13290,11544,10792,10621,9868.4,10451,10127,9767.6,14769,12267,15403,14870,14054,13618,12036,9634.5,11125,10624,10791,9525.7,10564,6276.1,3802.7,7646.5,11234,10583,12138,11246,11069,10842,10126,10508,7107.6,12661,6089.9,14719,12740,9607.3,9573.6,10297,9392,6664.9,8368.8,9106,7319.1,5968.8,8826.2,9507.5,14030,12411,11204,12151,11107,12053,10338,9238.2,11020,9875.3,6384.7,8954.4,11119,9819.2,9567.6,7638.9,11412,10115,6504.3,9114,12087,10363,9642.4,7706.5
14213,11688,16173,15683,13586,13283,12239,7971.7,9707.7,8862.7,9480,8554.3,10193,6964.5,3776.6,6085.3,11157,10915,10534,10969,11451,10910,9455.3,10529,6890.4,12800,5875.5,14856,12707,9812.1,9806.6,10743,8043.6,6263.9,8278.2,9223.7,5147.2,6153.7,9117.3,9802.6,13315,11505,10804,10687,9883.1,10467,10111,9740,14774,12238,15416,14856,14098,13643,12040,9646,11261,10600,10826,9533.5,10548,6292.9,3822.3,7638.1,11235,10580,12152,11234,11048,10811,10122,10474,7089.6,12623,6088.2,14720,12721,9605.3,9532,10257,9455.3,6654.4,8414.2,9085.9,7398.5,6002.3,8820.7,9503.8,14020,12388,11203,12190,11129,11987,10296,9237.8,11016,9820.8,6354.2,8954.7,11203,9881.1,9607.2,7651.3,11430,10077,6444.6,9082.1,12080,10335,9678.9,7717
14214,11691,16162,15685,13581,13298,12236,7992.5,9688.7,8882.1,9460.1,8563.7,10229,6872.1,3787.3,6081.4,11173,10921,10537,10958,11440,10910,9462.4,10538,6884.2,12767,5858.3,14861,12690,9792.7,9796.2,10751,8052,6201.3,8238.4,9201.7,5144.3,6139.7,9119.3,9789.7,13288,11511,10818,10727,9893,10428,10059,9726.1,14774,12264,15437,14853,14050,13652,12025,9637.7,11183,10648,10862,9520,10560,6233.9,3807.5,7609.2,11252,10569,12139,11231,11065,10813,10111,10447,7138.5,12671,6123.9,14715,12718,9557.6,9531.4,10224,9412.4,6676.3,8421.5,9095.4,7376.4,5975,8809,9492.6,14006,12382,11179,12090,11120,12033,10287,9270,10992,9867.8,6324.9,8937.2,11167,9846.5,9629.9,7614.2,11440,10038,6391.1,9096.9,12238,10375,9636.6,7720.5
14179,11691,16158,15694,13586,13292,12244,7982.7,9672.6,8851.1,9489.9,8566.8,10171,6877.8,3798.2,6099.4,11158,10933,10543,10980,11453,10922,9477.9,10541,6874.1,12782,5862.3,14849,12722,9785.9,9814.4,10730,8037,6229.9,8265.4,9212.1,5168.2,6136,9090.1,9821.1,13337,11522,10818,10687,9889,10507,10009,9753.8,14756,12238,15431,14851,14069,13621,12015,9664.5,11243,10622,10816,9541.1,10570,6263.2,3821.9,7611.2,11253,10581,12127,11225,11056,10804,10128,10438,7129.9,12640,6117,14696,12688,9596.3,9532.8,10265,9415.8,6632.5,8395,9105.7,7390.2,5976.8,8797.1,9519.2,14050,12406,11182,12184,11044,11959,10298,9255.9,11027,9831.6,6340.6,8944.9,11221,9892.3,9608.3,7626.2,11392,10086,6518.7,9089.4,12205,10396,9625.2,7699
14166,11702,16123,15688,13603,13335,12261,7966.3,9726.4,8899.8,9489.4,8539.1,10186,6883.1,3796.3,6099.3,11163,10969,10592,11014,11438,10928,9481.4,10599,6881.2,12824,5867.9,14886,12708,9794.9,9800.8,10760,8014.3,6248.7,8308.5,9233.6,5163.2,6164.7,9136.1,9829.8,13295,11493,10783,10680,9910.4,10475,10074,9801.7,14756,12273,15394,14860,14061,13624,12043,9634.2,11210,10614,10773,9522.9,10538,6347.8,3837.1,7646,11240,10630,12173,11254,11059,10835,10155,10468,7098.6,12658,6145.4,14700,12740,9575.5,9560.8,10297,9398.7,6663.6,8399.6,9128.6,7358.6,5991.7,8815.5,9543.3,13997,12400,11179,12177,11184,11980,10379,9283.2,11024,9840,6214,8989.8,11073,9812.8,9618.8,7629.5,11399,10076,6443.6,9077.8,12040,10346,9623.6,7698.2
14182,11693,16144,15679,13581,13335,12240,7968.2,9695.5,8878.3,9456.8,8542,10208,6873.8,3816.5,6104.5,11178,10994,10593,11003,11436,10936,9483.3,10610,6871,12807,5856.9,14843,12732,9794.5,9791.3,10736,8021.7,6240.9,8273.8,9218.1,5141.3,6129.5,9129.6,9846.1,13237,11501,10801,10671,9868.4,10476,10127,9797.5,14752,12285,15383,14864,14033,13599,12039,9635.1,11200,10635,10818,9513.8,10553,6279.9,3825.4,7657.9,11230,10622,12198,11248,11045,10834,10142,10500,7048.5,12653,6106.8,14667,12756,9596.4,9550.1,10257,9397.7,6653.8,8405.3,9107.7,7319.2,5992.1,8849.4,9518.1,14033,12402,11178,12178,11169,11950,10349,9267.6,11035,9834.6,6383.4,8959.1,11071,9886.7,9638,7608.4,11447,10098,6450.3,9096.9,12068,10368,9624,7686.9
14164,11718,16153,15697,13573,13322,12275,7966.8,9683.6,8887.7,9482.3,8546.4,10203,6851.2,3802.4,6138.5,11189,10953,10596,10998,11474,10934,9485.8,10621,6878.7,12857,5894.8,14831,12701,9806,9793.3,10767,8041.7,6192.8,8302.5,9238.6,5129.8,6118.8,9135.6,9837.4,13262,11536,10851,10713,9900.8,10501,10146,9800.4,14766,12274,15378,14863,14027,13618,12060,9656.3,11237,10643,10800,9532.8,10568,6230.4,3824.3,7637.8,11258,10614,12183,11240,11066,10836,10126,10491,7141.2,12617,6065.8,14707,12716,9600,9518.4,10284,9402.6,6631.5,8413.8,9083.7,7357.1,5980.3,8833.8,9513.7,13964,12453,11212,12197,11161,12022,10377,9289.4,11006,9844.5,6248.2,8935.9,11296,9862.1,9628.8,7632.6,11389,10110,6483.3,9069.3,11987,10418,9598.3,7728.1
14132,11701,16163,15683,13567,13302,12263,7959.5,9696.2,8873.8,9506.1,8537.8,10196,6841.7,3779.1,6101.2,11194,10965,10576,10994,11456,10928,9486.3,10608,6894.7,12789,5832.3,14849,12694,9801.4,9816.3,10793,8004.4,6176.5,8293.8,9245.3,5134,6170.4,9140.9,9832.7,13239,11510,10850,10685,9891.3,10488,10113,9783.5,14743,12275,15404,14853,14010,13609,12043,9643.8,11247,10605,10809,9528.4,10583,6236.9,3865.6,7665.6,11250,10612,12205,11235,11064,10837,10139,10478,7130.9,12622,6152.3,14717,12723,9596.3,9534.2,10230,9382.7,6694.6,8381.1,9102.7,7346.4,5963.4,8826.4,9515.5,14016,12391,11213,12158,11158,12013,10332,9251.5,11046,9855.5,6296.9,8940.4,11194,9843.4,9637,7636.1,11408,10066,6462.3,9085.7,12144,10381,9636.9,7722
14154,11703,16141,15665,13586,13308,12257,7960.7,9701.6,8860.8,9513,8540.4,10194,6910.4,3775.7,6106.8,11188,10943,10605,11006,11457,10927,9496.3,10584,6901.7,12760,5850.5,14832,12715,9781.5,9784.4,10733,8011.1,6224.6,8310.7,9242.3,5191.2,6152.3,9142.6,9844.4,13287,11530,10840,10687,9912.4,10508,10095,9792.5,14746,12272,15392,14838,13957,13623,12038,9656.3,11201,10622,10793,9524.7,10532,6220.3,3845.2,7636.7,11252,10599,12200,11259,11052,10819,10140,10492,7113.1,12665,6115.7,14695,12745,9608,9533.6,10259,9359.8,6689.5,8396.3,9104.7,7374,5996.8,8807.8,9536.1,13967,12406,11183,12260,11254,12003,10334,9292.5,11010,9874.2,6334,8933.6,11203,9834.5,9632.5,7621,11464,10069,6447.4,9071.9,12167,10370,9655.9,7707.8
14152,11713,16150,15683,13565,13290,12273,7949.5,9706,8877.6,9516.5,8552.9,10211,6898.5,3778.6,6116,11205,10944,10597,10998,11449,10923,9515.3,10565,6868.6,12796,5872,14851,12676,9768.4,9791,10785,7987.8,6199.5,8259,9259,5176.8,6145.5,9111.8,9838.1,13228,11536,10882,10667,9927.7,10520,10053,9802.8,14747,12276,15404,14845,14013,13593,12054,9646.6,11244,10608,10825,9536.8,10590,6253.8,3812.7,7647,11263,10605,12203,11248,11063,10829,10148,10499,7155,12631,6145.2,14710,12726,9573.7,9532.1,10266,9372.4,6676.1,8443.1,9129.3,7375.7,5975.6,8827.5,9527.7,13978,12395,11210,12187,11156,11985,10406,9275.3,10975,9880.5,6214.6,8944.4,11125,9884.7,9629,7604.3,11396,10066,6425.9,9068.5,12023,10325,9607,7700.8
14172,11677,16145,15693,13558,13294,12256,7962.4,9684.3,8875.9,9476.2,8555.6,10193,6864.9,3802.6,6108.2,11198,10965,10624,11004,11462,10938,9493.7,10576,6898.4,12793,5886.4,14809,12705,9827.5,9793.5,10807,8012.6,6208.4,8261.2,9232.4,5145.1,6130.3,9129.2,9830,13246,11557,10804,10666,9950.9,10448,10140,9775.3,14751,12255,15398,14858,14016,13623,12060,9653.1,11214,10632,10840,9510.6,10588,6236.9,3825.1,7653.2,11261,10620,12197,11259,11051,10833,10153,10500,7165.8,12607,6117.9,14698,12698,9548.2,9513.3,10265,9367.3,6675.9,8389.1,9102,7379.8,5981.5,8867.3,9550.8,13973,12376,11153,12197,11121,12015,10360,9280.2,11059,9847.6,6373.4,8962.4,11097,9859.8,9641.5,7604.3,11357,10082,6501.1,9090.5,12162,10350,9614.9,7686.4
14152,11700,16157,15708,13577,13300,12277,7962.1,9731.6,8892.4,9494.1,8549.2,10197,6882.8,3781.9,6093.1,11201,10961,10608,10993,11466,10922,9512.2,10621,6846.8,12833,5928.6,14825,12702,9809.4,9785.7,10825,8004.1,6235.2,8286.5,9276.4,5150,6180.3,9121.2,9848,13264,11538,10854,10716,9913.4,10502,10088,9781.1,14744,12255,15395,14863,13983,13602,12070,9656.7,11239,10652,10829,9511.4,10576,6240.7,3828.8,7668.8,11262,10606,12204,11269,11066,10823,10142,10528,7089.7,12648,6123.8,14703,12723,9577.8,9532.8,10259,9366.7,6658.2,8395.5,9125.7,7360.4,5969.9,8832.9,9506.6,14035,12412,11203,12186,11134,12027,10372,9247.4,10997,9844.1,6284,8965.7,11186,9890.8,9636.4,7620.5,11430,10041,6453.9,9069.2,12167,10407,9627.8,7712.3
14150,11686,16154,15691,13561,13299,12280,7975.5,9725.5,8895.4,9512.7,8551.8,10190,6856.7,3803.4,6092.9,11206,10958,10590,10999,11502,10913,9482.6,10621,6877.6,12792,5890.1,14834,12679,9787.1,9803.7,10825,8047.6,6229.8,8346.5,9282.8,5136.6,6146,9124.7,9837,13336,11526,10881,10676,9954,10489,10172,9794.7,14734,12280,15387,14842,13960,13604,12048,9648.6,11254,10648,10809,9537.6,10589,6266.9,3827.1,7638.2,11264,10633,12191,11255,11076,10807,10143,10518,7136.7,12642,6153.6,14715,12764,9588.4,9556.9,10287,9420.9,6635.7,8395.7,9121.2,7346.1,5933.3,8823.7,9519.4,14049,12416,11222,12140,11181,12076,10404,9248.3,11007,9880.2,6347.4,8974.3,11303,9843.9,9619.5,7630.6,11400,10103,6454.4,9092.7,12114,10422,9621.4,7709
14144,11667,16160,15687,13552,13286,12271,7958,9702.4,8890.5,9505.7,8549.8,10207,6855.1,3784.7,6090.7,11211,10965,10557,11009,11485,10920,9466.8,10628,6884.1,12777,5872.9,14829,12713,9792.8,9800,10866,8005.8,6169.9,8318.4,9247.8,5066.8,6141.5,9117.4,9843.6,13299,11529,10811,10664,9898.5,10461,10083,9781,14737,12249,15395,14858,13964,13584,12063,9636.9,11236,10626,10801,9534.6,10577,6196.4,3815.7,7623.1,11264,10618,12178,11235,11084,10814,10130,10513,7094.3,12625,6109.8,14681,12739,9572.1,9540.1,10291,9398.8,6664,8380.1,9130.9,7283.6,5953.1,8812.3,9539.6,13939,12377,11170,12143,11173,12132,10336,9242.7,11031,9860.6,6386.4,8971.5,11176,9830.9,9606.1,7626.9,11413,10076,6481.4,9095.9,12126,10375,9608.8,7712.4
14146,11671,16155,15681,13581,13254,12266,7983.7,9703.1,8893,9513.2,8543.2,10203,6890.6,3765.1,6115.4,11208,10955,10565,10983,11496,10920,9482,10615,6872.8,12809,5925.2,14871,12715,9830.4,9819,10809,7987.4,6186.9,8289.7,9258.5,5121.9,6155.3,9068.2,9831.1,13221,11517,10843,10673,9918.8,10494,10143,9807.9,14743,12216,15390,14846,13963,13579,12052,9644.3,11232,10634,10805,9537.1,10553,6203.2,3813.4,7627.9,11255,10630,12189,11234,11083,10816,10123,10539,7126.4,12650,6083.4,14732,12737,9587.3,9541.3,10342,9394.9,6694.5,8467.8,9119.6,7320.6,5951.7,8818.3,9505.8,13895,12422,11207,12187,11087,12047,10410,9270.9,10981,9829.2,6238.3,8945,11114,9897.6,9634.8,7630.9,11353,10083,6465.9,9082.3,12163,10378,9630.3,7704.5
14178,11709,16168,15695,13578,13285,12277,7979.4,9667.2,8849.6,9515.5,8559.7,10209,6866.1,3781.7,6129.3,11193,10955,10555,11017,11480,10924,9481.4,10613,6831.5,12768,5929.5,14900,12693,9822.6,9780.4,10804,8011.8,6142.6,8239.1,9243.4,5142.8,6119.8,9104,9844.6,13260,11484,10777,10718,9900.1,10505,10115,9803.2,14754,12211,15388,14836,13976,13560,12046,9651.5,11205,10617,10813,9517.8,10569,6259.1,3807.9,7633.7,11246,10624,12111,11229,11094,10814,10126,10511,7108,12607,6126.7,14738,12703,9591.3,9532.4,10309,9370.1,6620.9,8449.1,9091.9,7319.2,5965.9,8807.9,9531.1,13990,12372,11148,12148,11136,12022,10319,9290.5,10993,9847.2,6308.2,8936.6,11143,9825.9,9614.7,7646.2,11428,10037,6521.1,9054.4,12087,10376,9604.1,7724.2
14170,11702,16171,15697,13587,13318,12268,7963.5,9667.9,8858.2,9473.3,8573.3,10191,6866.1,3788.3,6099.5,11195,10966,10557,10989,11506,10933,9466.7,10595,6890.8,12805,5888.6,14855,12658,9797.7,9807.9,10797,8075.8,6146.5,8258.2,9246.9,5142.4,6141.7,9098.7,9847.1,13281,11491,10788,10689,9917.8,10485,10082,9804.1,14766,12265,15414,14845,14038,13609,12044,9635.2,11174,10592,10787,9525.7,10543,6243.5,3799.7,7622.3,11248,10589,12127,11238,11081,10815,10115,10533,7065.2,12597,6084,14713,12735,9617.8,9539,10292,9399.3,6699.6,8379.5,9125.3,7286.4,5955.4,8805,9516.6,14055,12337,11186,12075,11169,12059,10369,9251.6,11044,9848.2,6300.7,8951.2,11080,9816.5,9585.5,7626.4,11391,10077,6473,9091.5,11970,10330,9594.6,7718.7
14184,11688,16157,15681,13631,13335,12261,7978.4,9687.2,8877.4,9486.3,8575.4,10218,6876.3,3764.4,6099.5,11182,10958,10584,10999,11499,10942,9490.8,10611,6847.1,12788,5856.2,14857,12687,9812.9,9804,10803,8039.2,6167.7,8283.7,9237.4,5165.7,6126,9098.1,9848.4,13263,11507,10786,10697,9990.3,10480,10134,9829,14769,12266,15407,14865,14026,13585,12045,9642.2,11156,10623,10832,9524.4,10512,6242.3,3834.6,7646.6,11252,10578,12134,11234,11100,10834,10129,10494,7102.5,12615,6062.8,14703,12704,9583.8,9548.5,10290,9409,6628.1,8417.9,9105.5,7375.1,5958.7,8799.6,9538.2,14014,12374,11167,12139,11129,12079,10394,9276.8,11021,9836.6,6337.8,8940.1,11133,9855.6,9601.6,7636.8,11371,10082,6434.8,9073,12006,10375,9563.6,7709.4
14187,11689,16181,15686,13592,13331,12252,7963.4,9661.7,8859.1,9507,8576,10215,6903.3,3774.4,6098.9,11168,10949,10575,11009,11512,10940,9479,10622,6878.6,12819,5860.9,14874,12725,9822,9782.7,10789,8035.5,6198.2,8231.8,9240.6,5124,6132,9119.7,9844.9,13301,11519,10789,10709,9898.7,10486,10085,9830.3,14760,12279,15414,14855,14018,13583,12047,9642.4,11171,10603,10786,9560.9,10525,6240.2,3855,7637.5,11244,10582,12116,11204,11096,10830,10143,10560,7107.1,12637,6060.7,14723,12724,9582.8,9530.6,10301,9404.3,6641.1,8411.8,9119.3,7383,5993.2,8819.7,9521.3,13978,12385,11185,12098,11113,12109,10424,9294.4,11005,9858.3,6413.6,8948.4,10998,9909.3,9613.3,7635.7,11375,10077,6549.8,9112.4,11881,10299,9597,7714.3
14192,11691,16187,15707,13609,13321,12242,7992.3,9711.3,8891.2,9507.5,8583.7,10191,6882.8,3788.3,6102.1,11161,10939,10547,11007,11522,10946,9475.5,10616,6873.3,12788,5866.9,14892,12680,9793.7,9779,10795,8047.2,6163.9,8293.8,9236.5,5147.5,6118.3,9114.1,9827.4,13285,11496,10819,10659,9981.5,10483,10076,9820.2,14771,12252,15413,14860,14069,13598,12045,9638.1,11197,10578,10849,9558.8,10550,6280.4,3840.4,7641.2,11235,10593,12121,11227,11078,10834,10133,10508,7140.4,12630,6117.2,14744,12724,9558.7,9526.5,10272,9385.6,6659.8,8391.2,9111.5,7317.5,5969.8,8822.6,9525.9,14049,12346,11169,12133,11170,11996,10367,9300.3,11032,9826.1,6264.6,8967,11166,9884.6,9602.9,7622.2,11363,10056,6500.2,9110.3,12189,10355,9647.1,7711.1
14191,11715,16166,15713,13634,13318,12255,7979.4,9681,8893.7,9506.9,8559.7,10223,6888.1,3779.4,6133.6,11173,10930,10580,11005,11499,10945,9478.8,10671,6841.2,12815,5852.8,14877,12720,9816,9786.6,10793,8044.5,6133.9,8243.7,9225.6,5143.7,6119.2,9120.9,9851,13312,11485,10808,10657,9924.4,10477,10147,9830,14773,12264,15397,14852,14027,13610,12038,9646.3,11207,10612,10821,9522.5,10491,6255.9,3844.4,7649.6,11224,10578,12163,11225,11081,10851,10135,10523,7091.1,12625,6143.9,14714,12744,9588.6,9534,10284,9398.7,6645.2,8349,9119.2,7354.9,5980.6,8800.8,9527.3,14056,12419,11177,12033,11201,12057,10349,9318.1,11010,9861.1,6305.1,8929.5,11235,9808.7,9581.4,7627.3,11356,10064,6475.7,9079.9,11929,10336,9623.4,7704.6
14197,11717,16162,15698,13654,13315,12254,8004.7,9644.1,8843.1,9489.3,8572.5,10208,6862.1,3789.8,6110.3,11155,10937,10559,10986,11504,10941,9450,10616,6874.3,12760,5845.5,14852,12699,9801.5,9772.2,10753,8060,6181.6,8292.2,9227.8,5116.6,6153.9,9082.4,9833.9,13297,11514,10812,10702,9943.2,10504,10099,9813.2,14774,12245,15404,14853,14024,13599,12043,9652.1,11202,10603,10844,9523.2,10484,6256.6,3821.3,7632.4,11229,10577,12142,11178,11074,10825,10126,10531,7099.8,12620,6096.2,14707,12741,9566.6,9502.2,10252,9379.6,6613.7,8431.3,9111.4,7387.7,6012,8789.8,9518.5,14064,12371,11178,12167,11158,12025,10366,9279.4,11024,9862.4,6357,8930.7,11127,9805.7,9584.7,7631.8,11439,10078,6426.7,9105.7,11934,10321,9590.2,7708.6
14186,11691,16168,15690,13626,13306,12239,8000,9689.4,8874.2,9484.4,8562.2,10208,6872.9,3798.8,6078.3,11148,10939,10550,10981,11487,10936,9482.5,10614,6902.6,12755,5844.1,14869,12697,9796,9770.7,10720,8075,6158.8,8309.6,9241,5142.7,6160,9087.5,9836.6,13271,11540,10848,10688,9956.3,10487,10062,9843.8,14763,12277,15401,14852,14022,13582,12031,9666.4,11207,10588,10832,9552.2,10501,6271.9,3802.1,7635.3,11217,10572,12141,11182,11062,10837,10144,10506,7148.7,12638,6144.1,14723,12715,9573.8,9519.2,10218,9387,6582.6,8377.4,9120.2,7310.1,5966.9,8826.8,9529.9,13956,12360,11151,12210,11141,12013,10355,9311.7,11023,9844.4,6283.7,8950,11266,9827,9594.5,7639.9,11437,10050,6526.6,9082.3,12100,10306,9579,7724.3
14192,11687,16153,15683,13619,13287,12246,7979.2,9681.4,8867.5,9517.3,8558.4,10189,6899.8,3787.7,6056,11136,10936,10559,10980,11489,10944,9473.5,10630,6887.6,12793,5849.9,14869,12705,9795.2,9785.7,10796,8039.8,6173.5,8328.2,9250.7,5131.7,6159.1,9104.6,9861.2,13269,11488,10826,10660,9856.4,10490,10017,9859,14773,12259,15424,14850,13972,13599,12032,9660.6,11192,10585,10843,9537.8,10503,6279.6,3796.2,7625,11233,10581,12115,11188,11084,10849,10157,10522,7091.6,12634,6099.4,14697,12745,9565,9546.9,10275,9374.7,6631.3,8388.8,9114.3,7354.2,5977,8818.2,9523.6,13969,12400,11188,12120,11179,12031,10350,9321.7,10991,9837.9,6362.2,8942.9,11138,9864.3,9592.7,7629,11375,10043,6439.4,9064.6,12010,10300,9577.6,7690.2
14206,11702,16166,15693,13622,13314,12238,7999.4,9716.2,8863.9,9485.2,8574.2,10209,6905.6,3786.7,6098.9,11146,10930,10569,10999,11514,10953,9503.2,10641,6862.2,12826,5864.8,14860,12711,9828.8,9787.9,10763,8040.3,6207.9,8252.5,9217.3,5174,6140.3,9103.3,9860.6,13251,11520,10835,10750,9913.3,10486,10026,9851.9,14788,12257,15395,14876,14027,13578,12033,9652.5,11223,10590,10792,9548.7,10489,6286.3,3813.2,7662.3,11207,10597,12150,11196,11071,10846,10154,10523,7054.6,12645,6080.4,14728,12770,9590.6,9546,10264,9406.3,6658.6,8359.9,9108.1,7402.5,6015.6,8811.7,9525.2,13990,12400,11179,12142,11048,12034,10391,9345.3,11019,9842.1,6242.8,8958.4,11156,9833.6,9609.6,7621.8,11430,10091,6418.9,9053.7,12105,10341,9602.2,7670.1
14198,11724,16174,15694,13592,13317,12235,7997.9,9696.9,8860.4,9502.8,8562.3,10209,6886.5,3804.6,6093.3,11157,10943,10552,10992,11482,10958,9493.9,10629,6862.3,12786,5853.1,14875,12743,9799.4,9775.8,10733,8044.7,6217.8,8270.6,9232.8,5154.3,6130.6,9145.2,9844.2,13293,11526,10824,10676,9877.6,10505,10023,9845.3,14796,12286,15406,14868,14055,13563,12025,9623.7,11162,10567,10828,9548.4,10503,6231.3,3825.5,7633.1,11203,10581,12131,11208,11087,10850,10159,10512,7133.9,12665,6071.8,14743,12726,9597.3,9523.6,10245,9370.1,6592.1,8421.2,9112.4,7377.9,5999.7,8807.7,9556.1,13969,12399,11187,12120,11206,12060,10303,9309.8,11048,9854.2,6395.8,8955.4,11072,9859.2,9605.7,7649.3,11419,10075,6474.8,9117.5,12110,10331,9612.4,7690.2
14201,11710,16167,15687,13602,13316,12224,7986.2,9654.5,8893.4,9526.2,8572.3,10231,6885.8,3772.7,6111.8,11146,10915,10571,10989,11468,10956,9503.5,10626,6838.8,12799,5884.7,14873,12725,9806.6,9782.6,10737,8071.2,6235.2,8288.7,9245.7,5111.8,6145.2,9082.5,9821.7,13272,11538,10810,10684,9887.5,10510,10062,9831.2,14787,12272,15427,14879,14053,13606,12022,9627.7,11204,10590,10859,9558.4,10501,6234.5,3828.4,7649.6,11209,10548,12140,11182,11084,10838,10139,10484,7133.2,12619,6045,14710,12735,9594.2,9523.7,10217,9414.1,6631.1,8431.2,9100.2,7338.6,5954.6,8824.5,9527.5,14041,12396,11174,12092,11087,12037,10266,9291.1,11050,9854.5,6341,8958.7,11134,9851.3,9582.6,7637.8,11415,10090,6459.6,9093.7,11988,10393,9613.9,7698.9
14186,11691,16156,15691,13643,13341,12238,7976.5,9716.9,8868.1,9495.3,8573.2,10224,6889.8,3781.7,6139.2,11151,10932,10603,11011,11486,10965,9489.1,10642,6826.2,12770,5829.6,14876,12707,9809.6,9777,10733,8046.3,6205.2,8307.8,9250.5,5157.5,6116.9,9099.9,9834.8,13281,11551,10836,10697,9973.4,10493,10067,9816.8,14771,12256,15405,14856,14032,13576,12021,9619.1,11141,10634,10832,9539.1,10470,6261.5,3840.2,7632.8,11210,10592,12139,11223,11091,10861,10152,10465,7070.3,12629,6032.6,14712,12741,9581.1,9537.9,10229,9384.9,6648,8368.2,9115.2,7373.1,5996.3,8786.3,9533.5,14031,12402,11198,12124,11194,12021,10341,9321.9,11028,9817.5,6290.9,8966.4,11133,9789.9,9619.6,7646.5,11469,10058,6465.9,9095.5,12157,10381,9602,7715.5
14178,11719,16161,15696,13623,13347,12237,7969.4,9715.6,8864.8,9474.5,8564.8,10202,6875.7,3781.5,6079.5,11140,10958,10600,11030,11460,10948,9486.8,10600,6842.9,12810,5834.2,14902,12723,9805.6,9784.3,10719,8013.3,6178.8,8295.8,9261,5175.3,6176,9100,9823.3,13306,11555,10808,10695,9953.9,10508,10009,9819.9,14775,12273,15404,14870,14044,13593,12003,9631.2,11152,10595,10829,9517.2,10510,6254.7,3815.7,7645.7,11212,10578,12144,11203,11069,10844,10148,10448,7080.9,12633,6062.9,14714,12750,9627.5,9545.5,10219,9401.6,6655.1,8439.7,9109.6,7321.5,5966.2,8806.5,9513.4,14025,12404,11160,12179,11093,12023,10298,9306.4,11008,9850.8,6354.7,8968.8,11096,9797.1,9609.4,7646.6,11436,10062,6462.8,9081.4,12255,10287,9609.3,7710.8
14202,11715,16185,15716,13653,13355,12233,7974.8,9674.8,8872.7,9486.5,8559.7,10193,6919.4,3807.8,6088.6,11133,10943,10612,11003,11499,10950,9497.8,10576,6845.7,12802,5795.5,14880,12709,9819.2,9789.5,10740,8052.5,6210.5,8326,9227.8,5122.3,6153.2,9121.5,9806.8,13293,11512,10797,10695,9888.3,10473,10027,9798.7,14786,12276,15427,14869,14062,13592,12004,9647,11165,10600,10857,9538.9,10491,6266.4,3860.6,7662.9,11221,10568,12138,11220,11097,10837,10151,10483,7063.4,12609,6005.2,14705,12759,9620.3,9537.8,10171,9368.4,6653.6,8414.8,9083.8,7320.3,5995.9,8810.6,9503.2,14080,12420,11138,12119,11159,12084,10285,9274.6,11009,9838.3,6306.1,8959.6,11160,9801.3,9671.1,7646.6,11486,10090,6471.3,9086.2,12099,10339,9591.1,7699.8
14218,11689,16196,15688,13590,13292,12229,7967.9,9709.2,8851,9524,8563.2,10201,6851.8,3794.7,6110.5,11143,10923,10573,10995,11503,10938,9496.1,10548,6879.5,12795,5834.3,14875,12752,9803.5,9787.9,10699,8052.2,6206,8242,9235.7,5144.7,6154.1,9107.5,9799.2,13326,11513,10855,10711,9907.1,10408,10035,9782.1,14792,12250,15426,14869,14058,13597,12011,9639.8,11165,10573,10837,9519.7,10516,6203.1,3820.8,7663.3,11218,10578,12143,11201,11105,10833,10150,10450,7052,12624,6072.6,14724,12802,9591,9543.9,10177,9359.6,6603.3,8398.1,9094.6,7358.2,5996.4,8817.7,9488.1,13987,12368,11156,12099,11121,12059,10252,9277.9,11067,9864.1,6336.5,8947.2,11151,9821,9601.7,7632.6,11474,10073,6434.9,9095,12157,10311,9600.7,7717.1
14187,11700,16164,15714,13605,13315,12225,7952.6,9646,8868.5,9515.4,8546.8,10199,6820.8,3777,6124.5,11140,10942,10601,11017,11494,10945,9470.2,10539,6845.9,12797,5854,14886,12741,9799.2,9804.7,10742,8046,6175.8,8217.7,9220.9,5130.8,6136.2,9107.6,9822.9,13342,11514,10808,10677,9907,10440,10022,9756.1,14778,12258,15428,14893,14064,13633,12020,9636.3,11174,10580,10818,9536.9,10537,6163.4,3858.2,7643.6,11218,10592,12143,11225,11119,10844,10144,10470,7069.2,12626,6013.9,14720,12757,9612.1,9553.4,10236,9381.2,6637.8,8351.2,9096.1,7332.9,5992.7,8778.6,9485.7,13998,12385,11153,12073,11122,12033,10319,9254.4,11056,9869.7,6260.8,8975.9,11134,9770.1,9597.6,7645.5,11369,10073,6504.6,9097,12135,10313,9604.8,7726
14194,11720,16151,15720,13625,13338,12232,7967.3,9713.3,8881.6,9467.6,8569.4,10204,6893.8,3807.4,6134.9,11149,10954,10603,10984,11497,10948,9462.5,10558,6799.8,12788,5844.2,14877,12749,9819,9814,10730,8045.6,6201.2,8265.7,9240.1,5095.2,6159.8,9137.4,9805,13278,11492,10783,10723,9854.4,10440,10066,9757.4,14791,12271,15441,14903,14076,13610,12005,9605.5,11163,10590,10782,9534,10511,6203.3,3855.4,7676.5,11203,10576,12150,11225,11105,10839,10114,10456,7014.3,12600,5983.6,14719,12751,9594.9,9559.7,10197,9380.8,6644.3,8455.5,9075.7,7377.8,5975.3,8811,9490.3,14019,12363,11129,12125,11117,12036,10244,9233.3,11021,9860.3,6342.3,8940.6,11299,9851.5,9603.1,7621.8,11409,10087,6420.7,9104.3,12139,10384,9603.2,7706.6
14209,11724,16154,15733,13655,13313,12221,7962.6,9691.7,8840.4,9477.8,8545.2,10212,6932.1,3814.4,6102.4,11147,10949,10605,11019,11479,10943,9468.3,10551,6787.5,12809,5815.4,14911,12760,9830.4,9818.5,10688,8049.3,6239,8286.5,9213.6,5132.5,6176.4,9098.6,9814.2,13328,11499,10799,10714,9888.7,10465,10102,9745.8,14793,12235,15456,14890,14070,13601,12040,9635.5,11182,10609,10814,9542.1,10548,6264.8,3858.8,7639.2,11221,10590,12159,11243,11100,10843,10120,10406,7035.8,12625,6003,14744,12773,9600.8,9569.9,10203,9369.4,6678,8419.4,9086.7,7402.1,5964.1,8801.7,9489.5,14037,12386,11186,12050,11091,11999,10298,9211.9,11049,9825.2,6337.3,8958.3,11155,9808.3,9597.6,7625.4,11416,10041,6411.7,9090.8,12196,10331,9582.7,7714
14202,11709,16181,15744,13653,13306,12231,7934.2,9692,8896.1,9483,8548,10206,6897.6,3767.7,6100.9,11133,10987,10638,11025,11503,10972,9467.1,10566,6820.8,12796,5846.4,14861,12743,9820.7,9818.8,10723,8041.2,6159.1,8281,9204,5163.6,6176.6,9110.6,9826,13295,11504,10821,10654,9895.3,10440,10080,9776.2,14800,12255,15440,14870,14109,13632,12030,9588,11230,10600,10716,9527.1,10524,6230.8,3843.9,7667.1,11217,10552,12141,11252,11122,10844,10133,10420,6973.2,12616,5917.1,14696,12787,9610.5,9572.2,10212,9388.3,6638.2,8373.1,9073.7,7353.3,5957.9,8801.1,9488.8,14032,12373,11126,12137,11132,11997,10279,9258.9,11023,9828.8,6274.2,8950.9,11143,9848.1,9556.2,7653.5,11446,10104,6449,9092.1,12175,10344,9589.4,7726.9
14198,11693,16158,15740,13645,13361,12226,7941.3,9678.6,8847,9430.1,8532.4,10231,6849.4,3798.9,6128.9,11134,10987,10622,11027,11489,10964,9478.1,10545,6810.4,12805,5853.9,14859,12745,9821,9832.3,10774,8050.2,6193.3,8276.7,9210.5,5150.4,6161.4,9099.4,9834.3,13368,11507,10820,10759,9884.6,10436,10074,9763.3,14805,12281,15427,14903,14088,13639,12030,9574.4,11208,10615,10740,9528.5,10537,6268.6,3875.5,7669.9,11216,10593,12144,11271,11113,10826,10125,10472,6992.1,12624,5991.4,14682,12759,9609.3,9569,10213,9395.4,6619.3,8433.5,9092.7,7320.9,5944.3,8789.8,9496.2,14084,12368,11171,12103,11097,12072,10309,9243.4,11004,9836.6,6354.4,8981,11275,9863.8,9601,7644.1,11404,10057,6449.7,9059.4,12164,10331,9583.2,7730.9
14216,11696,16176,15753,13651,13328,12237,7961.1,9699.4,8879.6,9421,8536.5,10245,6832,3777.3,6116.2,11140,10962,10629,11031,11497,10966,9454.4,10609,6821.9,12808,5784,14852,12754,9818.9,9830.9,10744,8098.8,6174.1,8278.4,9235.9,5086.9,6134.4,9104.7,9818.5,13352,11495,10834,10669,9908.1,10448,10029,9749.4,14801,12268,15434,14931,14084,13634,12034,9626.6,11162,10593,10761,9549.7,10533,6223.3,3862.2,7653.6,11213,10594,12149,11261,11129,10824,10078,10481,7016.8,12655,5973.5,14677,12732,9636.3,9582.1,10223,9408.9,6643.9,8390.3,9091.4,7360.7,5979.6,8766.8,9490.7,14085,12366,11154,12054,11149,12048,10335,9232.5,11031,9878.7,6306.6,8969.8,11103,9844.1,9592,7627,11405,10036,6422.5,9054.1,12263,10338,9559.1,7708.8
14191,11671,16157,15755,13637,13340,12229,7932.8,9671.1,8850.5,9440.2,8548.7,10234,6845.9,3810.4,6153.4,11138,10990,10661,11048,11476,10974,9469.6,10610,6788.8,12811,5837.4,14859,12712,9840.7,9837,10777,8056.2,6217.1,8299.2,9250.2,5059.6,6156.2,9121.9,9831.7,13278,11526,10801,10674,9875.2,10461,10008,9741.1,14782,12297,15437,14912,14095,13638,12044,9598.4,11143,10594,10696,9529.5,10548,6214.3,3848.3,7656.4,11215,10589,12178,11261,11124,10834,10079,10484,6964.9,12650,5966.9,14682,12720,9596.2,9589.6,10261,9382.3,6610.4,8347.2,9104.3,7360.1,5927.8,8762.1,9507.4,14017,12373,11156,12155,11218,11986,10252,9224.7,10996,9840.8,6353.8,8956.5,11133,9857.4,9575.4,7635.6,11433,10077,6421.5,9104.5,12067,10333,9585.7,7738.9
14187,11692,16165,15769,13649,13357,12242,7958.6,9727.7,8848.2,9453.7,8532.1,10247,6835.5,3802.6,6124.7,11156,11029,10668,11088,11477,10973,9472.7,10566,6757.7,12815,5865.6,14840,12702,9819.8,9839.9,10802,8034.6,6172,8265.4,9239.6,5070.5,6154.5,9093.6,9825.3,13310,11511,10809,10627,9901.1,10384,10020,9759.7,14780,12245,15445,14936,14071,13628,12043,9610.8,11169,10583,10713,9541.1,10528,6234.7,3840.3,7679.7,11221,10615,12197,11284,11122,10852,10090,10484,7005,12619,5882.5,14670,12761,9600.9,9579.8,10255,9400.2,6652.5,8398.9,9091.2,7363.9,5961,8779.8,9538.8,14019,12360,11135,12099,11131,12080,10375,9228.8,11009,9851.2,6266.5,8966.4,11082,9846.3,9588.1,7629.2,11425,10044,6424.3,9059.7,12176,10297,9580.6,7718.1
14197,11709,16174,15748,13659,13353,12248,7971.4,9700.2,8863.1,9451.2,8553.5,10224,6828.1,3798.3,6180,11163,11009,10658,11047,11485,10974,9468.4,10541,6779.3,12776,5775.1,14847,12742,9796.5,9823.1,10814,8038.4,6158.2,8274.8,9220.4,5133,6175.3,9122.9,9833.8,13288,11517,10806,10634,9821.8,10437,10025,9736.6,14790,12227,15426,14926,14102,13655,12048,9596.2,11138,10615,10743,9536.6,10536,6209.4,3861.4,7660.5,11221,10586,12183,11275,11107,10832,10077,10451,7022.1,12642,5963.7,14697,12720,9599.5,9548,10252,9381.1,6643,8409.1,9084.9,7382,5999.1,8782.9,9524.6,14045,12376,11154,12119,11170,12052,10280,9197.9,11026,9850.9,6271.7,8966.8,11200,9835,9540.7,7613.4,11414,10109,6506.6,9095.5,12106,10353,9575.7,7735.5
14181,11678,16175,15766,13664,13339,12246,7955.1,9726.1,8848.2,9438.9,8545.4,10245,6865.9,3809.8,6166.8,11166,11037,10672,11058,11473,11001,9480.2,10553,6738.2,12764,5820.5,14850,12712,9832.3,9838.3,10774,8034.9,6172.6,8240,9220.1,5089.7,6167.2,9134.1,9842.4,13308,11517,10782,10688,9856.2,10449,10111,9719.4,14797,12210,15423,14914,14098,13594,12041,9597.7,11089,10602,10761,9506.8,10550,6203.3,3838.1,7674.5,11215,10596,12178,11282,11101,10856,10086,10453,7029.8,12664,5983.9,14668,12742,9594,9583.1,10286,9383.9,6639.4,8341.7,9074.9,7388.9,5980,8804.5,9507.8,14043,12382,11150,12126,11207,12002,10307,9223.7,10973,9819.3,6379.4,8932.3,11021,9808.3,9571.2,7617.2,11396,10084,6489.7,9091.9,12137,10340,9579,7715.9
14177,11681,16163,15769,13653,13335,12256,7950.6,9730,8899,9451.3,8543,10245,6876.6,3789.7,6144.1,11163,11048,10695,11044,11471,10980,9481,10529,6768.8,12835,5874.7,14842,12696,9857.6,9829.9,10754,8044,6173.8,8273.4,9229.6,5169.6,6145.9,9120.1,9822.9,13301,11474,10797,10700,9907,10409,10045,9734.8,14771,12256,15418,14931,14053,13603,12054,9586.2,11126,10628,10705,9530.4,10528,6212.7,3850,7684.8,11228,10595,12183,11294,11101,10848,10086,10462,7017.1,12644,6030.4,14664,12727,9604,9567.8,10259,9397.7,6620.2,8383.8,9082.5,7401.8,5971,8819.9,9485.6,14099,12356,11138,12119,11111,12064,10301,9219.5,10979,9810.6,6303,8960,11281,9819.9,9601.8,7621,11368,10078,6472.7,9063.8,12232,10326,9592.5,7700.5
14190,11666,16152,15768,13664,13324,12246,7983,9705.5,8886.6,9461,8590.5,10229,6851,3817.2,6141,11161,11012,10672,11053,11480,10990,9469.8,10528,6797,12837,5852.3,14798,12720,9829.9,9834.8,10767,8067.3,6194.3,8288.1,9222.3,5152.5,6155,9106,9815,13235,11492,10765,10665,9846.4,10459,10001,9701.9,14803,12275,15428,14931,14092,13621,12045,9633.2,11161,10585,10773,9535.8,10540,6246.1,3875.4,7672.3,11222,10604,12165,11258,11096,10832,10082,10413,7030.7,12598,6020.8,14674,12725,9597,9583.8,10244,9400.3,6626.4,8384.4,9064.4,7367.1,6014.5,8799,9498.9,14005,12332,11134,12130,11107,11967,10311,9194.8,11018,9833.1,6178.3,8935.6,11194,9785.1,9572,7637.2,11379,10058,6527.7,9086.6,12185,10352,9611,7700.1
14196,11650,16177,15759,13677,13370,12254,7988.3,9750.8,8839.8,9451.7,8560.7,10231,6900.4,3813.1,6148.9,11166,11018,10664,11056,11483,10996,9479.5,10506,6850.5,12794,5845.5,14828,12743,9819,9838.4,10723,8057.7,6225.8,8222,9219.3,5166.3,6131.3,9118.4,9827.9,13269,11497,10795,10699,9914.4,10474,10011,9703.6,14802,12266,15445,14912,14094,13640,12061,9613.8,11156,10620,10737,9521.4,10534,6243.9,3850.6,7674.5,11236,10609,12180,11266,11106,10838,10099,10404,7071.8,12633,6014.5,14689,12712,9581.7,9551,10232,9403.4,6615.3,8377,9078.5,7352.1,5963,8808.2,9483.9,14028,12388,11184,12130,11156,11986,10238,9220.7,11003,9812.5,6292.3,8933.6,11170,9859.5,9568.9,7640.4,11387,10020,6442.2,9041.2,12133,10328,9593,7710.5
14190,11687,16151,15732,13621,13326,12247,7943.2,9704.7,8812.6,9488.2,8519.8,10211,6891.3,3842.8,6132.7,11179,11061,10691,11052,11472,10986,9478.8,10526,6808.2,12742,5908.8,14829,12733,9833.6,9831.8,10771,8041.2,6188.1,8275.1,9225.8,5166.6,6196.1,9095.3,9857.6,13241,11489,10786,10730,9870.5,10439,10065,9718.5,14803,12284,15415,14890,14070,13600,12043,9596.7,11129,10620,10756,9515.3,10524,6215.8,3863.6,7691.6,11228,10626,12182,11252,11094,10845,10096,10395,7008.9,12630,6075.3,14665,12745,9628,9574.6,10262,9413.4,6628.3,8369.2,9078.9,7402.5,5972,8796.5,9467.5,13979,12334,11118,12102,11129,11994,10265,9213,10973,9808.6,6284,8948.7,11151,9847,9593.8,7639.7,11417,10046,6464.1,9053.4,12165,10333,9580.4,7709.7
14190,11643,16151,15741,13657,13305,12276,7957,9736.1,8851.8,9486,8555.5,10215,6814,3826.9,6137.6,11196,11052,10702,11060,11462,10993,9486.4,10553,6815,12766,5821,14839,12679,9858.1,9843.3,10745,8053.7,6183.8,8284.6,9229.3,5128.8,6155.6,9107.3,9817.7,13269,11490,10762,10734,9958,10458,10096,9711.6,14806,12213,15417,14894,14103,13610,12069,9587.7,11187,10610,10789,9538.2,10536,6182.3,3849.5,7709.5,11258,10614,12188,11251,11104,10850,10096,10394,7043.1,12593,5972.7,14700,12705,9612.1,9565.4,10221,9416.4,6639.2,8438.1,9037.1,7380.5,5968.5,8770,9485.4,14024,12351,11142,12097,11196,12010,10263,9226.5,10901,9811.8,6352.6,8953.2,11129,9865.5,9614.9,7650.2,11377,10063,6452.8,9068.8,12304,10398,9614.1,7706
14165,11674,16160,15754,13670,13337,12271,7946.1,9731.7,8866.9,9491,8542.1,10214,6824.6,3802.6,6155.1,11209,11059,10687,11040,11466,10994,9469.5,10525,6852.7,12781,5880.7,14820,12723,9819.9,9817.9,10704,8037.9,6181.8,8281.3,9223.6,5151.4,6161.2,9121.4,9802.2,13256,11483,10741,10700,9881.5,10443,9999.9,9718.5,14784,12239,15433,14914,14038,13604,12067,9620,11167,10602,10746,9520.3,10533,6196.8,3831.8,7698.1,11266,10620,12170,11244,11112,10841,10111,10400,7038.7,12603,6083.9,14664,12700,9614.4,9543.7,10172,9401,6639.2,8403,9077.5,7355.8,5969.4,8821.7,9487.4,13976,12349,11139,12091,11146,12036,10260,9207.5,10961,9839.7,6353.9,8930.3,11167,9805.5,9587.7,7653.2,11330,10053,6436.9,9060.4,12007,10344,9606.2,7711
14187,11674,16139,15748,13687,13324,12268,7941.3,9709.5,8864.7,9451.1,8535.7,10231,6869.4,3792.7,6162.2,11192,11049,10725,11031,11487,10981,9465.6,10534,6838.2,12742,5868.5,14842,12700,9824.5,9806.8,10738,8040.2,6205.6,8260.1,9195.5,5165.3,6173.3,9103.9,9772.1,13289,11493,10768,10663,9891.7,10423,10025,9719.4,14805,12255,15427,14897,14002,13632,12060,9596,11154,10568,10750,9498.9,10524,6243.9,3849.7,7693.5,11251,10617,12194,11251,11069,10848,10091,10434,6976.4,12604,6025.8,14686,12723,9584.2,9513.3,10213,9413.8,6618.2,8365.1,9073.5,7365.5,6031.2,8824.2,9475.4,14097,12373,11132,12102,11159,11999,10269,9235.7,11007,9869.1,6238.3,8943.4,11203,9813.1,9599.5,7638.1,11410,10088,6391.6,9096.6,12143,10329,9603.7,7696.7
14204,11711,16169,15754,13697,13379,12278,7957.9,9712.6,8834.8,9433.5,8553.7,10211,6855.8,3830,6153.5,11208,11056,10712,11047,11481,10986,9479.3,10510,6828.1,12753,5838.8,14880,12663,9785,9805.4,10716,8058.4,6204.5,8256.8,9228.8,5152.6,6177.6,9099.1,9824.9,13310,11514,10791,10676,9877.5,10468,10054,9730,14800,12242,15426,14911,14063,13611,12074,9624.5,11153,10577,10707,9501.5,10527,6192,3850.5,7702.6,11262,10607,12204,11254,11079,10835,10118,10407,7026.6,12596,6077.4,14695,12696,9545,9523.5,10189,9425.9,6698,8348.1,9050.6,7326.9,5984.7,8815.3,9491.7,14007,12397,11164,12113,11187,11927,10246,9200,10975,9879.5,6435.5,8941.8,11055,9845.9,9628.6,7608,11380,10090,6527.7,9062.4,12122,10362,9602.1,7715.1
14177,11715,16157,15725,13669,13327,12281,7973,9674.2,8873.1,9453.4,8559.4,10238,6871.2,3814.4,6143.5,11212,11013,10700,11045,11513,10975,9479,10517,6772.4,12799,5865.8,14858,12719,9798,9800.1,10744,8069.3,6248.5,8269.7,9218,5153.1,6170,9121.5,9821.9,13301,11506,10781,10680,9903.9,10400,9980,9735.2,14798,12274,15432,14905,14086,13630,12081,9605.6,11199,10623,10775,9494.9,10513,6219.8,3853.5,7707.8,11272,10609,12220,11261,11087,10830,10115,10398,7036.8,12657,6039.5,14732,12725,9569.7,9520.7,10231,9423,6662.8,8416.6,9077.5,7356.4,5995,8820.1,9495.9,14033,12393,11159,12102,11168,11986,10274,9210.7,10990,9808.2,6380.4,8971.2,11087,9901,9648.9,7620.5,11395,10038,6490.1,9075.3,12150,10419,9627.2,7708.9
14185,11702,16203,15748,13711,13338,12297,7977.7,9704.8,8862.7,9487.9,8550.9,10237,6875.7,3796.5,6144.3,11212,11045,10688,11039,11482,10965,9477.6,10529,6799.5,12801,5842,14887,12699,9806.6,9782.4,10754,8050,6182,8294.2,9212.1,5139.4,6161.5,9129.1,9794.4,13273,11500,10827,10677,9842.3,10439,10060,9726,14796,12254,15429,14890,14105,13620,12090,9614.5,11151,10598,10744,9505.1,10545,6242.6,3828.4,7705.5,11281,10603,12215,11264,11080,10826,10108,10430,7030.6,12665,5980.1,14728,12723,9537.8,9501.2,10185,9406.3,6647.4,8378.4,9076.7,7367.2,5996.6,8805.5,9471.3,14032,12403,11121,12122,11075,11966,10269,9204.8,11030,9827,6306.8,8944.8,11180,9881,9590.6,7638.1,11380,10070,6496.3,9087.7,12040,10411,9595.3,7726.4
14170,11728,16180,15743,13643,13301,12293,7969,9768.9,8887.3,9455.8,8550.6,10263,6869.2,3806.4,6159,11229,11049,10680,11037,11481,10966,9469.7,10526,6816.4,12787,5878.1,14889,12703,9749,9789.5,10742,8052.2,6182.6,8315,9219.3,5152.3,6161.6,9107.7,9811.7,13349,11506,10804,10726,9837.9,10439,10052,9734.6,14793,12263,15424,14893,14060,13600,12074,9610.5,11136,10591,10765,9522.7,10542,6276.1,3839.7,7709.9,11289,10609,12215,11264,11102,10823,10080,10443,7041.4,12641,6077.7,14681,12691,9534.9,9493.1,10195,9365.3,6682.8,8350.3,9084.5,7391,5984.5,8814.1,9474.9,14022,12411,11138,12144,11069,11952,10269,9200,10936,9859.3,6361.3,8918.2,11127,9850.4,9604.5,7621.4,11328,10075,6473.4,9058.2,12123,10400,9626.9,7701.1
14176,11654,16155,15713,13644,13311,12290,7981.7,9709.6,8840.6,9488.4,8538.3,10215,6862.8,3805.6,6133.1,11241,11026,10648,11033,11453,10955,9462.9,10524,6770,12799,5852.8,14853,12723,9785.2,9770.4,10756,8025.9,6231.1,8228.6,9204.1,5138.3,6150.8,9100,9808.1,13307,11507,10801,10689,9853,10467,9980,9752.8,14789,12262,15421,14875,14047,13637,12086,9640,11230,10579,10744,9494.8,10522,6217.3,3837.4,7706.1,11300,10634,12206,11248,11060,10833,10103,10424,7058.1,12658,6026.9,14689,12691,9567.8,9512.1,10214,9413.3,6650.2,8429.8,9074.5,7375,5972.7,8798.9,9476.1,13938,12436,11173,12101,11179,11988,10274,9233.8,10953,9861.6,6350.7,8941.7,11214,9915.6,9609.8,7645,11380,10062,6518,9078.3,12040,10455,9619.1,7696.9
14168,11698,16154,15719,13641,13328,12285,7971.4,9736.4,8851,9474.5,8535.4,10213,6875,3785.1,6109.8,11218,11044,10642,11039,11473,10956,9478.3,10522,6796.9,12846,5825.2,14855,12701,9803.8,9773.6,10774,8049.5,6228.3,8295.3,9222.9,5133.2,6158.9,9078.5,9838.3,13319,11520,10778,10677,9898.1,10445,10039,9721.9,14786,12239,15397,14866,14103,13646,12075,9655.1,11141,10569,10779,9512.3,10541,6222,3839.7,7695,11281,10615,12203,11254,11077,10812,10102,10433,7042.7,12646,6034,14638,12695,9525.8,9523.8,10232,9392.1,6665.8,8444.7,9088.4,7359.6,5992.1,8783,9464.3,14028,12416,11185,12077,11133,12004,10278,9179.4,10956,9793.1,6329.7,8941.6,11145,9849.5,9639.3,7643,11355,10041,6417.4,9048.5,12094,10402,9593.6,7719
14166,11712,16158,15727,13657,13361,12276,7992.5,9749.3,8850.1,9490,8528,10229,6907.6,3804.2,6132.9,11211,11037,10647,11012,11506,10945,9476.1,10535,6795.6,12800,5871.9,14897,12742,9796.1,9792,10806,8037.3,6242.8,8309.5,9231.6,5140.7,6170,9124,9792.5,13305,11513,10795,10696,9903.6,10435,10177,9746.5,14775,12296,15410,14857,14096,13645,12082,9642.7,11194,10576,10803,9503.8,10558,6286.5,3843.3,7693.4,11278,10608,12184,11242,11070,10780,10095,10467,7050.3,12664,6026.2,14702,12746,9549.2,9509.9,10248,9377.5,6690.9,8381,9084.4,7409.7,5980.8,8800.1,9481.5,13945,12396,11191,12133,11182,11936,10360,9239.6,10940,9873.2,6283,8970.9,11197,9825.8,9629.9,7654.6,11391,10062,6507.8,9083.5,12159,10478,9622.9,7701.9
14164,11697,16134,15718,13673,13366,12284,7984.8,9763.4,8801,9489.3,8554,10229,6889,3780.2,6124.6,11217,11026,10641,11047,11465,10940,9476.9,10629,6802.1,12806,5805.5,14871,12732,9800.6,9778.3,10823,8043.2,6235.3,8285.6,9243.3,5135.3,6182.3,9155.6,9822.5,13292,11516,10777,10714,9940.5,10403,10111,9758.2,14766,12256,15378,14866,14145,13637,12088,9621.5,11227,10553,10759,9499.2,10563,6255.6,3834.8,7693.7,11265,10617,12189,11253,11037,10801,10123,10487,7050.1,12687,6093.7,14637,12678,9531.2,9532.9,10313,9402.4,6666.9,8395.1,9111.4,7413.6,5994.7,8820.8,9501.1,13975,12456,11142,12114,11143,11958,10391,9220.1,11009,9874,6310.1,8985.8,11166,9902.8,9617.6,7637,11405,10092,6436.9,9101.6,12269,10397,9632,7726.5
14172,11710,16147,15719,13670,13340,12274,7969.9,9740.2,8847.3,9510,8551.5,10224,6859.2,3805,6151.5,11226,11012,10613,11039,11468,10951,9485.9,10588,6834.8,12830,5830.1,14846,12727,9776.7,9801.4,10788,8050.4,6215,8269.4,9244.9,5133.2,6185.7,9135,9819.3,13350,11521,10773,10662,9917.3,10471,10124,9764.3,14751,12232,15383,14865,14106,13626,12078,9645.3,11207,10596,10817,9502.4,10569,6295,3859.6,7672,11268,10618,12183,11258,11065,10807,10117,10503,7077.7,12668,6062.3,14656,12705,9549.7,9534.3,10280,9398.1,6657.6,8415.5,9079.5,7357.4,6014.9,8823.3,9485.2,13976,12400,11164,12123,11132,12027,10321,9225.9,10956,9851.7,6260.9,8975.8,11164,9922.9,9630.1,7622.8,11358,10068,6642.6,9080,12192,10369,9611.7,7736.5
14165,11675,16138,15712,13686,13351,12286,7997.4,9698.2,8891.5,9507.2,8541.9,10233,6887.5,3801.3,6139,11204,10992,10606,11037,11478,10948,9471.6,10593,6810.9,12784,5876,14855,12712,9802.5,9808.8,10794,8077.6,6191,8280.1,9228,5168.6,6165.9,9142.2,9807.9,13280,11502,10834,10716,9940.1,10533,10148,9756.9,14741,12267,15368,14854,14127,13620,12073,9655.5,11251,10594,10766,9521,10573,6262.7,3851,7661.9,11272,10602,12177,11248,11074,10801,10096,10499,7057.3,12677,6087.5,14633,12709,9583.3,9525.6,10249,9425.6,6657.8,8415,9112,7348.8,6013.7,8806.6,9480.1,13933,12399,11201,12059,11115,12018,10331,9231.6,10961,9826.5,6390.3,8988.7,11048,9970.7,9667.6,7650.9,11381,10018,6421.7,9101.4,12118,10435,9641.2,7716.1
14166,11716,16145,15710,13638,13311,12272,7986.8,9717.7,8857.9,9508.2,8568.1,10264,6868.7,3807,6122.2,11202,11002,10595,11051,11521,10957,9494.3,10629,6829.5,12776,5864.4,14858,12732,9786.7,9820.4,10796,8044.3,6179.4,8248.2,9267.7,5164.8,6156.5,9167.5,9810.8,13297,11537,10795,10715,9912.6,10439,10092,9764.8,14741,12261,15370,14854,14093,13615,12067,9641.5,11250,10588,10774,9514.9,10609,6235.2,3825.7,7671.6,11270,10589,12139,11245,11066,10793,10110,10473,7047.4,12629,6089.9,14623,12683,9567.8,9523,10271,9424.3,6642.4,8376.5,9108.6,7404.4,6025.6,8808,9494.9,13975,12381,11188,12137,11159,11959,10392,9233.7,10963,9850.3,6368.5,8986.9,11079,9884.4,9575.4,7641.9,11341,10035,6473.3,9078.1,12163,10465,9624.9,7727.3
14138,11725,16162,15714,13693,13344,12281,7983.9,9717.1,8829.4,9465.2,8559.3,10290,6889.5,3812.6,6137.7,11201,11017,10621,11030,11516,10947,9486.1,10641,6856.4,12808,5895.4,14831,12722,9810.5,9819.1,10808,8088.8,6249.6,8309.8,9265.5,5187.6,6170,9146.7,9815.4,13332,11504,10790,10686,9935.6,10470,10106,9798.8,14733,12240,15376,14873,14096,13600,12050,9650.8,11213,10606,10828,9514.7,10577,6299,3831.4,7671.1,11262,10581,12121,11241,11054,10811,10122,10509,7052.8,12637,6139.2,14633,12737,9577.4,9540,10262,9415.7,6644.6,8449.2,9124.2,7355.9,5986.9,8823.5,9510.3,13976,12376,11153,12107,11112,12070,10356,9284.1,10878,9869.3,6271.3,8971.2,11040,9895.1,9608,7619.1,11341,10082,6425.3,9092.6,12109,10344,9627.1,7703.6
14183,11677,16170,15712,13681,13302,12276,7993.8,9756.5,8860.1,9495.3,8574.8,10262,6869.4,3793.5,6107.1,11188,11020,10591,11048,11511,10956,9484.1,10608,6861.5,12844,5938.6,14803,12677,9845.4,9828.8,10829,8036.3,6198,8243.9,9263.8,5168.8,6157.2,9136.1,9821.8,13268,11499,10771,10710,9858,10443,10075,9798.3,14754,12265,15392,14872,14086,13638,12050,9669.7,11280,10565,10793,9518.7,10614,6290.4,3803.8,7647.1,11261,10574,12145,11234,11064,10815,10132,10469,7064,12651,6111.8,14641,12708,9530,9531.4,10306,9395.1,6671.9,8402.6,9110.8,7390.4,5977,8827.4,9513,13978,12398,11118,12087,11075,12021,10402,9266,10951,9834,6300.6,8999.5,11186,9855.4,9621.7,7620.2,11379,10039,6379.4,9075.4,12135,10338,9579.7,7686.8
14172,11694,16152,15706,13624,13312,12265,7991.3,9763.3,8829.3,9507.4,8562.5,10254,6859.4,3805.1,6124.4,11200,11021,10581,11005,11550,10962,9488.4,10573,6856.6,12835,5891.2,14854,12687,9819.1,9815.3,10748,8039.1,6204.9,8244.1,9233.6,5142.8,6145.5,9142.7,9808,13265,11519,10784,10688,9875.8,10461,10084,9766.8,14754,12282,15421,14865,14154,13613,12053,9660.9,11191,10584,10856,9544.2,10586,6227.7,3840.1,7634.8,11259,10584,12123,11204,11088,10817,10137,10477,7091,12645,6108.3,14607,12685,9576.6,9541.1,10269,9376.9,6663,8408.5,9093,7343,5961.3,8820.7,9510,13953,12361,11130,12122,11147,12006,10373,9269.1,10919,9859.2,6372.5,8962.5,11174,9843.3,9571,7648.4,11366,10102,6496.8,9088.7,12164,10373,9568.8,7714.8
14155,11673,16135,15675,13632,13307,12264,7991.8,9717.6,8877.7,9538.1,8558.7,10286,6911.4,3802.4,6105.1,11200,10982,10601,11032,11539,10960,9496.8,10587,6842.5,12789,5917,14811,12663,9763.8,9826.5,10738,8060.3,6177.3,8299.9,9241.5,5164.3,6166.6,9124.3,9807.2,13333,11526,10776,10679,9849.2,10439,10046,9770.1,14743,12245,15410,14869,14099,13585,12054,9667.5,11246,10590,10857,9541.3,10598,6223,3846,7644.1,11260,10546,12134,11239,11093,10819,10131,10510,7053,12642,6111.6,14643,12738,9568.7,9541.7,10267,9418,6662.2,8407.1,9110.4,7355,5980.2,8831.5,9489.7,13943,12375,11163,12054,11156,12012,10311,9239.2,10964,9847.8,6281.2,8969.3,11190,9866.5,9598.7,7642.3,11350,10093,6468.6,9095.6,12143,10354,9604.5,7714.1
14157,11724,16140,15681,13643,13268,12251,7963,9720.9,8869.8,9499,8554.9,10279,6929.3,3782.7,6139.6,11200,11001,10590,11035,11542,10957,9496.7,10554,6888.2,12789,5897.7,14839,12655,9821.8,9825.4,10770,8054,6218.4,8290.5,9204.8,5161.4,6160.7,9154.7,9788.8,13270,11522,10795,10612,9907.6,10415,10114,9771.4,14761,12263,15397,14870,14095,13638,12028,9641.2,11183,10596,10870,9554.3,10614,6237.3,3841.1,7678.8,11253,10575,12151,11212,11103,10823,10143,10430,7045,12646,6160.7,14675,12697,9558,9566.1,10237,9398.5,6690.6,8417.8,9116.9,7398.8,6001.5,8834.6,9506.6,14003,12368,11160,12083,11116,12032,10292,9263.5,10963,9823.4,6318.3,8990.8,11231,9839.5,9599.4,7626.8,11405,10067,6470.1,9073.2,12069,10393,9581.9,7710.8
14148,11713,16141,15684,13640,13284,12267,8000.1,9738.1,8875.6,9483.1,8569.1,10261,6874.7,3808.2,6143.7,11178,10973,10593,11025,11532,10957,9489.6,10597,6899.2,12810,5879.5,14819,12680,9844.7,9831.3,10768,8029.4,6166.9,8321.6,9234.6,5108.6,6164.8,9143.7,9791.3,13303,11509,10777,10689,9910.8,10485,10138,9762.6,14753,12297,15390,14863,14107,13609,12038,9669.6,11184,10593,10843,9553.8,10587,6235.2,3876,7652.1,11262,10560,12141,11240,11110,10822,10130,10474,7118.7,12649,6089.3,14644,12703,9585.6,9556.2,10248,9429.2,6684.9,8426.5,9115.7,7361.5,5988.4,8859.2,9518.7,13986,12406,11224,12111,11100,11995,10317,9277.2,10997,9850,6392.6,8995.4,11195,9870.4,9612.6,7630.3,11341,10089,6534.6,9106.1,12057,10429,9591.7,7712.9
14161,11693,16160,15683,13607,13268,12260,7972.3,9791,8849.8,9500.3,8578.2,10275,6866.5,3777.4,6111.1,11184,10991,10591,11018,11546,10957,9503.7,10527,6834.5,12784,5861,14827,12689,9818.6,9833.2,10699,8029.6,6180.9,8314.8,9248,5081.8,6170,9147.6,9793,13284,11512,10782,10728,9852.9,10457,10003,9740.7,14762,12252,15409,14902,14130,13614,12047,9683.5,11208,10581,10817,9547.4,10619,6242,3839.2,7657.3,11240,10551,12125,11231,11102,10816,10121,10460,7073.4,12658,6079,14665,12696,9586.5,9546.2,10196,9443.5,6669.4,8475.9,9079.5,7324.6,5969.2,8834.1,9475.3,14054,12396,11132,12046,11076,11995,10322,9228.9,10954,9878.4,6345.5,8960.4,11082,9875.7,9592.5,7603.2,11380,10102,6466.8,9070.1,12163,10345,9594.1,7723.1
14164,11708,16140,15679,13649,13308,12268,7984.2,9785.2,8845.4,9534.9,8547.2,10266,6912.7,3788.3,6120.4,11179,10973,10598,11047,11532,10942,9494,10546,6835.9,12834,5819.1,14851,12698,9786.3,9821.7,10665,8047,6222,8263.6,9223.2,5127,6139.8,9146.6,9795.5,13306,11527,10771,10691,9938,10464,10051,9745.9,14775,12272,15422,14893,14178,13594,12056,9682.9,11254,10603,10864,9567.3,10604,6326.8,3840.9,7646.3,11258,10559,12142,11259,11091,10816,10138,10428,7056.8,12637,6129.6,14658,12694,9582.8,9548.2,10175,9428.6,6699,8421.8,9084.1,7450.9,6035.7,8847.1,9467.4,13990,12413,11181,12100,11124,12039,10253,9221.3,10948,9879.3,6339.5,8937.1,11174,9843,9607,7611.9,11410,10087,6434.7,9087.5,12170,10299,9611.1,7713.4
14157,11687,16152,15679,13623,13277,12276,7980.7,9739.3,8882.8,9518.5,8594.9,10244,6873.9,3794.4,6136.1,11195,10963,10580,11049,11515,10952,9493.9,10546,6889.9,12837,5862,14832,12677,9811,9800.7,10671,8025.5,6205.3,8288.9,9241.7,5202.6,6168.2,9123.4,9803,13280,11531,10793,10667,9937.7,10468,10039,9743.4,14791,12258,15408,14880,14156,13629,12028,9649.5,11235,10588,10879,9555.9,10616,6279.7,3850.6,7654.7,11249,10557,12124,11218,11120,10820,10144,10452,7115,12651,6144.5,14630,12704,9576.9,9548.7,10190,9429.6,6679.8,8439.7,9088.4,7462.7,6010.7,8843.9,9484.6,14052,12381,11163,12081,11185,12023,10249,9270.7,10993,9865.2,6335.9,8947,11107,9907.2,9625.5,7641.5,11364,10063,6558.7,9081.9,11984,10316,9612.6,7699.7
14158,11702,16155,15671,13596,13289,12260,8009.9,9769.5,8855.7,9539.2,8570.2,10227,6876.4,3776.6,6096.4,11184,10975,10562,11019,11559,10937,9495.9,10506,6845.4,12828,5914.4,14840,12676,9799.9,9810.4,10697,8083.9,6177.6,8336.1,9221.8,5148.9,6143.3,9125.7,9810,13305,11520,10811,10626,9870.7,10450,10061,9703.1,14769,12270,15430,14880,14103,13611,12028,9658.7,11226,10593,10898,9591.8,10620,6268.4,3825.3,7648.6,11254,10524,12092,11196,11112,10814,10127,10397,7105.8,12651,6145.6,14672,12693,9600.9,9546.3,10166,9414.5,6669.4,8401.9,9084.9,7353.9,5987,8857.7,9487.1,13958,12386,11180,12017,11112,12080,10176,9216.9,10995,9896.3,6314.8,8974.4,11110,9877.9,9617.4,7638.6,11412,10080,6524.6,9094.2,12024,10322,9589.3,7723.9
14133,11707,16148,15661,13596,13268,12253,8012.1,9705.8,8866.9,9540.7,8589.9,10238,6909.4,3775,6155.7,11180,10938,10544,11008,11530,10934,9495.7,10514,6879,12842,5915.1,14839,12672,9833.2,9818.9,10655,8052.6,6195.5,8291.8,9227.2,5116.2,6151.9,9134.9,9793.8,13194,11539,10793,10754,9911.2,10440,9988.8,9728.7,14759,12250,15421,14871,14092,13582,12038,9685.8,11287,10588,10871,9552.3,10605,6280.7,3836.4,7680.8,11237,10543,12132,11222,11102,10823,10159,10439,7101.7,12652,6168.2,14653,12693,9588.9,9548.8,10166,9436.5,6682.7,8398.2,9076.1,7359,5937.9,8821.8,9490.5,13994,12351,11147,12089,11147,12015,10239,9200.5,11009,9876.4,6308.6,9005.9,11161,9857.7,9599.3,7642.4,11395,10119,6520.2,9131.1,12083,10364,9593.4,7724.7
14151,11673,16156,15664,13596,13252,12247,7978,9721.3,8854.2,9545.5,8589.6,10243,6863.7,3789.8,6132.2,11176,10951,10566,11036,11529,10942,9501.1,10535,6889.6,12848,5861,14858,12661,9804.1,9818.9,10653,8039.6,6162.8,8328.5,9230,5161.3,6164.7,9163,9792,13264,11524,10788,10691,9883.2,10467,9946.6,9716.5,14779,12231,15399,14886,14075,13615,12034,9654.9,11216,10601,10835,9559,10602,6215.6,3841.5,7664.1,11237,10557,12135,11232,11116,10824,10150,10438,7110,12657,6145.9,14655,12690,9563.9,9553.6,10121,9401.4,6675.8,8489.1,9058.7,7381.3,5986,8841.6,9480.7,14037,12346,11159,12096,11192,12020,10267,9203.3,11053,9904.1,6381.7,8968.7,11236,9925.6,9590.7,7641.9,11402,10103,6435.3,9131.6,12015,10411,9606.7,7690.6
14142,11720,16129,15670,13640,13272,12251,7976.9,9777.8,8876.1,9510.1,8568.9,10267,6920,3799.3,6118.4,11161,10949,10568,11045,11527,10941,9510.5,10537,6845.9,12849,5893.6,14851,12695,9782.1,9804.9,10654,8045.9,6232.7,8253.3,9213.5,5177.8,6182.8,9173.8,9784.8,13316,11533,10801,10692,9933.4,10459,9991,9734.2,14766,12244,15412,14886,14100,13576,12022,9673.2,11221,10648,10850,9585.6,10601,6234.2,3837.3,7682.8,11222,10565,12116,11238,11115,10832,10156,10424,7086.3,12651,6072.4,14661,12708,9573.3,9550.5,10147,9422.6,6631.1,8402,9080.4,7304.7,5944.1,8838.5,9505.6,14001,12398,11118,12107,11169,12045,10241,9223,10966,9901.6,6307.9,8979.6,11128,9870.5,9635.6,7644.5,11390,10131,6432.1,9107.7,12227,10357,9597.2,7723.2
14161,11738,16167,15663,13650,13276,12257,7999.3,9796.8,8841.2,9492.1,8576.7,10259,6917.3,3804.3,6128.6,11161,10954,10586,11035,11523,10931,9500.1,10502,6859.5,12846,5877.7,14841,12681,9809.2,9799.4,10659,8047.3,6210.6,8249.2,9229.7,5154.2,6128.2,9138.6,9796.6,13237,11531,10783,10723,9908.2,10447,9981.9,9731.2,14784,12285,15421,14899,14123,13601,12025,9665.1,11257,10588,10890,9572.3,10621,6285.9,3851.7,7647.9,11210,10508,12127,11234,11092,10815,10143,10428,7092.1,12633,6084.6,14609,12704,9609.4,9537.1,10124,9396,6619.3,8401.8,9061.7,7370.4,5986.6,8836,9505.5,14037,12363,11128,12093,11129,12058,10203,9192.4,11016,9877.4,6332.3,9002.5,11156,9791.2,9653.2,7635.7,11401,10114,6544.6,9111.2,12144,10396,9604.2,7724.1
14153,11712,16149,15666,13604,13261,12241,7973.7,9727,8907.8,9479.7,8579.2,10243,6894.4,3789.9,6122.6,11167,10950,10585,11064,11505,10928,9501.6,10544,6885.5,12843,5928.5,14861,12692,9817.2,9808.8,10657,8023.1,6215.7,8284.1,9242.9,5167.8,6158.8,9141.9,9808.3,13295,11528,10814,10694,9971.9,10493,10051,9746.1,14766,12239,15419,14890,14134,13609,12048,9674.2,11248,10604,10862,9571,10623,6282.5,3863.6,7679.6,11215,10520,12133,11230,11097,10825,10158,10458,7091.5,12634,6169.9,14658,12695,9605.2,9539.6,10141,9434.9,6670.4,8405.6,9066,7398.2,6028.3,8841.5,9505.4,14026,12389,11160,12099,11140,11977,10189,9189.8,10992,9909.1,6394.7,8978.1,11286,9874.8,9636.1,7631.8,11426,10128,6517.5,9118.5,12097,10390,9602.2,7702.6
14128,11656,16146,15677,13621,13299,12255,7983,9721.2,8871.1,9506.4,8577,10235,6911.5,3785.7,6080.5,11168,10945,10602,11055,11522,10939,9511.6,10518,6882.8,12844,5868.9,14853,12686,9790,9800.9,10671,8046.5,6185.4,8299.5,9240.6,5156.9,6151.1,9160.9,9817.6,13278,11527,10816,10636,9918.5,10483,9953.8,9742.9,14776,12268,15422,14913,14113,13580,12036,9668.5,11293,10608,10843,9560.5,10625,6206.1,3822.5,7651.4,11241,10519,12150,11222,11091,10829,10145,10408,7106.4,12632,6200.3,14621,12700,9562,9534.3,10125,9391.9,6668.2,8457.6,9069.3,7398.6,5971.6,8838.6,9511.1,14007,12341,11183,12172,11115,11981,10292,9210.7,10977,9909.3,6301.2,8942.7,11255,9920.4,9642.1,7653.3,11389,10142,6453.1,9125.9,12210,10464,9619.1,7718.8
14148,11677,16151,15686,13610,13296,12252,7984,9705.6,8866.6,9509.9,8556.4,10224,6900.6,3777,6121.8,11165,10945,10565,11000,11506,10940,9516.5,10539,6859.8,12859,5838,14837,12661,9806.6,9796.5,10652,8045.6,6204,8298.4,9246.7,5152.9,6140.6,9158.6,9811.4,13209,11481,10829,10649,9903.2,10425,9968.4,9724.5,14770,12254,15410,14899,14126,13589,12041,9673.3,11221,10632,10827,9585.2,10623,6239.5,3847.2,7681.1,11246,10550,12126,11228,11090,10822,10174,10428,7089.8,12638,6056.3,14664,12699,9602.3,9529.3,10144,9389,6661.9,8439.2,9071.7,7399.7,5953.5,8855.3,9481.4,13971,12401,11175,12095,11115,12070,10260,9187.5,10986,9892,6390.6,8983.2,11144,9892.1,9636.4,7641.6,11424,10111,6496.7,9092.4,11994,10360,9621,7713.7
14143,11697,16115,15678,13605,13251,12261,7972.1,9720.9,8851.8,9542.9,8574.6,10213,6914.6,3787.8,6124.5,11173,10959,10584,11032,11512,10935,9531.2,10531,6877.3,12881,5887.4,14795,12674,9809.9,9794.7,10663,8008.2,6233.4,8278.8,9218.2,5141.9,6156.7,9131.5,9815,13278,11512,10855,10687,9884.7,10467,9934.1,9741.9,14771,12255,15418,14907,14116,13560,12042,9674.1,11314,10600,10857,9571.8,10629,6274.3,3855,7660.3,11237,10541,12164,11217,11081,10820,10176,10422,7108.9,12653,6101.4,14644,12678,9600.3,9538.7,10146,9416.8,6660,8419.4,9066.3,7363.4,6002.4,8871,9518.6,14001,12363,11174,12133,11130,12039,10256,9216.7,10987,9899.5,6379.6,8982.9,11137,9855.2,9625,7621.1,11441,10095,6493.6,9079.7,12215,10431,9598.4,7703.5
14129,11658,16126,15661,13559,13267,12257,7972.9,9708.5,8886.2,9486.8,8551.1,10220,6857.8,3804.8,6092,11182,10976,10585,11006,11473,10944,9517.2,10514,6823.7,12822,5921.7,14819,12700,9805.6,9783.5,10639,8009.1,6181.3,8300.3,9250.1,5138.8,6139.9,9146.2,9805.6,13251,11494,10828,10666,9865.6,10465,9908.5,9748,14768,12184,15423,14899,14094,13558,12044,9655.4,11312,10586,10847,9586.1,10642,6266.5,3859.7,7651.1,11247,10569,12156,11202,11097,10831,10158,10416,7065.4,12665,6155.9,14626,12667,9587.7,9538.2,10128,9391.6,6678.7,8390.8,9076.8,7372.4,5984.5,8862,9499.3,13935,12363,11171,12145,11091,11910,10231,9252.8,10975,9882.9,6359.6,8962.7,11216,9937.4,9627.6,7629.6,11346,10125,6530.5,9148.4,12191,10319,9601.2,7724.5
14135,11676,16156,15652,13617,13225,12244,7978.1,9720.7,8885,9541.4,8573.6,10226,6869.7,3792.8,6140.5,11183,10961,10563,11004,11466,10931,9522.4,10514,6822.2,12822,5863.6,14826,12666,9817.9,9792.4,10663,8027.2,6201.4,8336.9,9236.1,5143.2,6147.3,9163.9,9794.9,13230,11529,10796,10664,9848.5,10452,9984.8,9743.9,14773,12238,15425,14908,14106,13595,12048,9664.9,11220,10581,10790,9588.1,10596,6237.9,3856.6,7655.6,11247,10537,12175,11195,11086,10827,10163,10437,7072.3,12634,6094.3,14664,12700,9621.5,9535.2,10149,9400.6,6685.3,8405.7,9073.2,7380.7,5961.3,8819.1,9486.3,14060,12387,11175,12025,11106,12039,10251,9206.8,11037,9861,6336,8953.6,11253,9943.1,9592.7,7637.3,11365,10111,6507.9,9082.9,12178,10382,9624.1,7726.5
14117,11673,16113,15646,13558,13210,12264,7965,9732.8,8857.8,9491.4,8534.8,10211,6956,3788.4,6115.7,11169,10961,10562,11025,11440,10940,9545.9,10530,6816.9,12825,5889,14752,12638,9797.3,9790.6,10677,7984,6203.7,8337.9,9229.5,5177,6154.6,9131.4,9813.2,13238,11481,10804,10701,9905.5,10484,9993,9751.3,14783,12234,15410,14895,14061,13591,12055,9636.6,11240,10626,10824,9561.4,10600,6288.1,3855.8,7647.5,11225,10563,12151,11204,11077,10838,10185,10434,7144.2,12619,6082.7,14664,12642,9593.7,9549.4,10160,9387.2,6662.2,8403,9076,7385.1,6003.5,8820.2,9498.2,13968,12372,11122,12104,11102,12001,10262,9264.2,10995,9849.1,6359.3,8963.3,11110,9870.4,9655.2,7635.4,11410,10126,6477.3,9056.4,12091,10393,9627.2,7733.5
14116,11683,16103,15648,13585,13260,12250,7958.3,9721.2,8895.7,9467,8540.6,10217,6881.1,3775.4,6128.5,11175,10973,10559,10990,11450,10952,9521.2,10486,6862.3,12797,5871,14779,12679,9799.9,9789.3,10626,7992.3,6198.4,8307.5,9219,5138.4,6180.1,9132.2,9831.3,13209,11525,10816,10639,9890.2,10459,10078,9771.9,14784,12239,15411,14890,14082,13645,12050,9632.3,11284,10632,10835,9558.8,10574,6201.2,3853.8,7671.9,11248,10571,12156,11212,11098,10860,10175,10426,7090.1,12633,6155.5,14639,12681,9613.9,9550.7,10149,9410.9,6705.1,8427.7,9074.1,7371.4,6022.2,8828.8,9497.9,14010,12362,11165,12094,11128,11996,10264,9251.9,11032,9826.6,6330.3,8970.2,11190,9844.2,9626.4,7647.5,11367,10091,6453.1,9081.3,12143,10402,9653.8,7700.8
14118,11674,16116,15658,13541,13266,12252,7956.1,9700.2,8877.8,9471.3,8554.4,10169,6825.9,3791.8,6124.9,11198,10965,10560,10973,11477,10957,9514.2,10504,6895.5,12787,5904.4,14778,12625,9782,9778.5,10655,8036,6163.6,8284.3,9243.6,5156.2,6169.4,9134.3,9825.4,13187,11508,10810,10706,9973.1,10485,9994.6,9765.8,14799,12240,15426,14929,14130,13566,12052,9654.4,11241,10621,10928,9585.7,10609,6201,3847.1,7655,11247,10562,12134,11186,11116,10860,10158,10435,7135.2,12609,6130.1,14655,12671,9606.5,9534.3,10167,9442.7,6672.4,8450.8,9077.2,7407.8,5987.6,8824.4,9490.8,13970,12331,11137,12106,11111,11986,10323,9243.8,11002,9893.7,6285.1,8968.7,11167,9873,9595,7629.9,11386,10091,6436.6,9098.9,12224,10390,9594.2,7694.9
14120,11672,16115,15657,13552,13240,12256,7959.8,9692.3,8863.6,9480.5,8575.7,10223,6847.4,3772.4,6112.1,11190,10974,10571,10996,11447,10939,9511.2,10513,6856.4,12798,5870.1,14784,12620,9781.4,9768.2,10653,8035.4,6211.3,8338.5,9240.7,5136.2,6147.8,9144.1,9798.2,13171,11498,10817,10656,9924.2,10477,9976.9,9764.8,14796,12213,15430,14923,14140,13620,12058,9648.1,11281,10597,10912,9569.2,10568,6221.1,3852.4,7662.3,11230,10586,12131,11200,11107,10854,10160,10405,7145.2,12604,6228.4,14642,12687,9584.6,9536.6,10170,9409.6,6638,8442.8,9083.8,7389.4,6017.5,8830.3,9495.4,14065,12349,11141,12034,11078,12039,10295,9243.1,10994,9844.8,6320.7,8974.1,11098,9830.7,9649,7643.6,11419,10101,6433.2,9119.9,12162,10366,9616,7734.3
14129,11692,16120,15643,13552,13234,12262,7974.5,9749.7,8909.1,9523.5,8579.1,10207,6872.5,3795.6,6131.8,11178,10942,10576,10970,11466,10952,9508.7,10552,6864.8,12756,5913.3,14827,12655,9778.5,9759.7,10654,8026.4,6185.6,8300,9219.3,5120.5,6185.4,9147.3,9800.7,13231,11497,10808,10656,9895.7,10460,10028,9777.2,14800,12241,15425,14935,14143,13605,12045,9647.1,11263,10632,10863,9601.5,10567,6186.6,3840.2,7651.7,11228,10605,12105,11203,11122,10870,10164,10438,7144.1,12610,6172.8,14652,12704,9614.3,9520.8,10157,9428,6657.4,8438.7,9096,7375.4,5988.9,8851.4,9489.9,14040,12361,11143,12102,11139,12059,10343,9233.6,10966,9856.5,6347.9,8979,11152,9866.4,9636.7,7632.7,11377,10122,6510.7,9141.8,12100,10383,9605.6,7744.7
14117,11692,16108,15623,13593,13283,12244,7982,9710.1,8874.1,9474.4,8548.9,10221,6835.6,3794.5,6107.8,11175,10936,10569,10973,11435,10931,9483.8,10518,6848.5,12784,5883.5,14812,12660,9773.9,9757.3,10664,8025.1,6187.7,8312.1,9230.4,5095.8,6153.6,9155.4,9813.4,13215,11514,10779,10697,9894.3,10551,10006,9778.3,14816,12243,15436,14923,14094,13619,12044,9642.1,11295,10622,10859,9572.1,10553,6202.8,3866.5,7645.8,11228,10567,12118,11208,11148,10872,10151,10438,7148.2,12600,6214.5,14649,12687,9606.2,9522.3,10122,9423.9,6659.2,8506.6,9079.5,7395.2,6003.9,8851.9,9484.7,14030,12346,11161,12068,11053,12062,10265,9240.5,10984,9864.1,6297.8,8982.8,11229,9842.9,9582.6,7639.9,11438,10059,6462.7,9099.2,12083,10362,9600.6,7724.6
14102,11670,16108,15633,13560,13247,12243,7948,9707.4,8879,9465.6,8557.5,10188,6849.1,3783.2,6126.3,11196,10953,10553,10969,11436,10937,9503.3,10537,6848.8,12802,5892.7,14845,12629,9795.8,9750.9,10667,8025.5,6206.1,8274.3,9244.2,5079.9,6130.5,9131.5,9846.5,13218,11512,10793,10696,9869.7,10495,10065,9783.2,14820,12231,15422,14939,14145,13637,12049,9632.1,11288,10596,10898,9619,10561,6222.9,3854.9,7661.9,11246,10564,12110,11198,11131,10872,10158,10451,7133.9,12575,6133,14654,12666,9606.3,9526.1,10165,9454,6667.2,8456.9,9104.1,7360.8,5980.6,8843.7,9499.8,14018,12316,11159,12087,11132,12004,10300,9258.3,11010,9852.9,6355.3,8970.7,11200,9846.4,9632.4,7655.5,11398,10038,6441.5,9095.3,12060,10398,9618.5,7705.3
14109,11679,16092,15628,13594,13250,12240,7966.7,9686.1,8888.8,9476.1,8550.6,10187,6921.6,3794.5,6125.9,11186,10945,10586,10957,11459,10932,9518,10560,6852.9,12768,5895.8,14804,12664,9799,9757.9,10732,8012.3,6199.7,8267.1,9238.8,5159.9,6172.8,9148.5,9842.6,13243,11512,10780,10636,9940.2,10491,10012,9817.3,14819,12255,15443,14948,14184,13630,12036,9643.8,11255,10614,10891,9608,10541,6263,3865,7658.7,11237,10557,12122,11214,11138,10883,10184,10474,7109.8,12587,6167,14681,12699,9618.9,9521.3,10192,9450.3,6675.1,8424.9,9095,7401.9,5995.5,8841,9510.7,14058,12354,11168,12096,11107,12008,10282,9257.5,11007,9871,6252.7,8959.4,11169,9833.2,9605.5,7615.2,11430,10099,6500.9,9100,12109,10388,9627.7,7702.8
14117,11688,16094,15631,13565,13248,12240,7984.4,9693.5,8875,9503.3,8557.2,10193,6905.3,3787.8,6115.8,11181,10940,10589,10952,11402,10934,9508.9,10559,6880.7,12741,5908.2,14789,12647,9755.5,9765.1,10710,8034.1,6178.5,8259.8,9227.9,5100.8,6152.6,9128,9831.7,13226,11516,10752,10667,9928.9,10475,10046,9827,14825,12230,15453,14961,14132,13611,12030,9669.6,11229,10619,10854,9591.9,10556,6196.7,3852.9,7657.5,11228,10588,12113,11189,11134,10876,10187,10471,7131.5,12613,6148,14692,12700,9610.1,9509.9,10172,9433.9,6700.6,8407.5,9091.9,7355.6,6003.3,8839.8,9503,14000,12314,11123,12051,11134,11983,10258,9285.2,10988,9833.2,6318.8,8948.2,11125,9834.3,9597.2,7636.7,11379,10087,6571.6,9121.9,12123,10363,9620.2,7702.1
14126,11678,16100,15648,13555,13267,12241,8004,9762.3,8862.5,9508.8,8553.5,10188,6868.3,3773,6137.4,11180,10944,10573,10953,11434,10936,9500.9,10568,6815.9,12795,5836.2,14820,12648,9769.6,9768.2,10715,8040.4,6197.7,8280.2,9256.9,5118,6159.7,9150.3,9833.3,13271,11475,10815,10699,9905.9,10476,10098,9802.4,14840,12222,15436,14959,14111,13581,12035,9657.2,11189,10600,10844,9590.5,10552,6241.1,3850.2,7668,11240,10578,12129,11239,11110,10892,10163,10447,7112.2,12594,6078,14695,12746,9580.5,9521.7,10191,9421.3,6687.3,8402.2,9131.4,7372.9,5970.6,8874.1,9512.5,13988,12333,11170,12043,11126,12085,10339,9267.5,10992,9865.1,6386.9,8969.6,11162,9828.6,9621,7623.7,11412,10124,6437.9,9097.5,12136,10357,9593.5,7732.9
14116,11654,16120,15656,13515,13262,12233,7993.4,9659.4,8852.3,9529.6,8556,10136,6880.2,3758.7,6098.7,11183,10900,10557,10942,11419,10927,9504.8,10557,6884.6,12789,5907.3,14808,12663,9769.6,9754.9,10703,8034.2,6170.5,8317.5,9237.8,5146.2,6145.1,9136.8,9824.3,13255,11519,10777,10723,9958.8,10396,9967.5,9804.2,14827,12242,15432,14945,14079,13617,12025,9640.2,11256,10614,10848,9609,10549,6228.5,3826.3,7631.4,11242,10578,12108,11221,11130,10888,10172,10453,7042.9,12619,6139.3,14623,12714,9612.7,9531.1,10200,9399.3,6654.1,8434.1,9093.9,7388.3,5965,8832,9481.5,14038,12292,11140,12040,11093,12048,10337,9260.5,10976,9869.9,6329.6,8938.3,11138,9892,9621.2,7610.4,11329,10101,6480.5,9088.3,12205,10423,9635.4,7701.4
14109,11637,16114,15640,13556,13245,12241,7985.6,9660.5,8879.9,9489.9,8569,10173,6868.5,3786.6,6130.7,11173,10894,10562,10950,11421,10923,9493.5,10574,6834.4,12762,5940.9,14877,12655,9778.3,9781.6,10694,8038.8,6198.4,8316.7,9241.1,5122.8,6148.6,9161.7,9820.1,13276,11489,10823,10725,9952,10475,10013,9778,14824,12233,15452,14941,14116,13620,12031,9655.7,11229,10622,10907,9622.6,10543,6229.8,3874.4,7661,11247,10583,12117,11198,11129,10870,10157,10450,7136.2,12612,6113.7,14684,12687,9609.2,9526.6,10200,9460.3,6665.2,8545.1,9100.4,7420.6,5986,8824.4,9494.1,14049,12383,11192,12138,11139,11957,10334,9258.4,11047,9856.2,6346.2,8949.3,11150,9889.7,9639.7,7636.3,11414,10074,6431.2,9102.5,12169,10392,9662.2,7722.9
14125,11706,16118,15641,13594,13243,12250,7982.9,9679.5,8860.7,9494.6,8559.4,10193,6862.7,3817.7,6108.9,11178,10902,10569,10966,11441,10927,9502.3,10610,6828.5,12805,5862.3,14829,12693,9766.9,9778.7,10727,8050.3,6222.3,8284,9245.2,5104.3,6157.5,9155.7,9839.2,13202,11557,10778,10689,9917.8,10497,10053,9802.3,14825,12242,15450,14945,14098,13645,12033,9647.9,11249,10624,10863,9602.9,10548,6232.9,3854.7,7673.7,11239,10582,12123,11219,11114,10880,10158,10446,7118.7,12616,6170.7,14716,12724,9608.2,9524.7,10234,9451.6,6679.5,8444.8,9101.9,7381.1,5949.9,8845.1,9489.7,14006,12374,11163,12125,11137,12028,10327,9265,11008,9803,6267.5,8947.8,11069,9893,9603.2,7630.3,11397,10061,6446.4,9067.6,12039,10374,9626.1,7737.3
14133,11685,16107,15644,13589,13292,12237,7966,9716.5,8824.4,9495.3,8563.3,10175,6886.2,3786.5,6114.1,11179,10911,10571,10956,11434,10909,9479,10561,6865.1,12773,5880.2,14842,12683,9802.6,9754.2,10706,8054.1,6195.6,8341.1,9241.8,5133.1,6156.3,9119,9834.3,13230,11508,10773,10646,9883.9,10438,10036,9778.5,14834,12245,15465,14941,14136,13629,12023,9647.8,11227,10619,10839,9574.4,10554,6278.5,3879,7643,11261,10566,12151,11202,11104,10867,10137,10419,7083.9,12613,6078.6,14689,12695,9606.5,9527.8,10186,9452.6,6725.4,8388.7,9087.6,7404,5995.6,8801.6,9492.2,14063,12364,11136,12071,11166,12002,10306,9245.7,10981,9879.9,6311.1,8948,11171,9883.7,9631.1,7643.4,11373,10089,6475.3,9078.9,12087,10434,9667.3,7709.1
14138,11688,16133,15666,13589,13265,12235,7947.7,9685.5,8818.5,9523.6,8552.1,10190,6876.4,3790.7,6123.7,11158,10920,10585,10965,11429,10912,9472.6,10594,6875,12784,5860.1,14831,12692,9774,9775.2,10711,8055.2,6214.7,8260,9239.2,5150.4,6142.7,9112.8,9825.8,13219,11507,10767,10604,9939.3,10444,10038,9798.1,14852,12250,15468,14940,14160,13660,12022,9648.1,11288,10614,10878,9593.6,10532,6304,3871.2,7668.5,11234,10580,12139,11206,11093,10885,10141,10471,7090.8,12609,6141.2,14686,12725,9591.9,9533.2,10229,9428.9,6701.6,8460.5,9123.4,7402.6,5975.1,8793.8,9501.7,14054,12313,11151,11988,11096,12033,10334,9249.4,10981,9806.3,6379.7,8946.1,11236,9877,9646.8,7612.6,11396,10086,6414.9,9081.1,12222,10401,9643.8,7704.5
14123,11685,16127,15674,13603,13305,12257,7961.2,9672.1,8855,9534.9,8550.1,10209,6838.4,3795.5,6144.5,11169,10911,10609,10980,11418,10911,9496.5,10630,6899.8,12806,5871.1,14846,12694,9779.7,9780.4,10735,8026.6,6211.6,8279,9254.9,5134.1,6160.5,9123.6,9840.3,13270,11507,10762,10649,9872.1,10439,10040,9797.3,14836,12248,15461,14960,14111,13648,12031,9629.1,11218,10599,10873,9556.5,10527,6247.4,3841.6,7650.1,11245,10608,12158,11218,11111,10881,10144,10511,7130.6,12595,6156.1,14670,12682,9615,9526.1,10207,9404.7,6658.6,8442.1,9111.8,7436.7,5943.1,8769.6,9500.7,13991,12374,11146,12094,11069,11962,10296,9271.4,10985,9835.3,6392.7,8967.5,11104,9857,9628.6,7622.6,11416,10101,6460.8,9101.6,12121,10443,9615.1,7700.2
14162,11693,16150,15702,13592,13309,12216,7958.1,9677.1,8845.1,9508.3,8548.5,10181,6896.5,3806.1,6122.7,11172,10888,10613,10996,11438,10912,9500.8,10591,6879.6,12823,5865.7,14875,12713,9766.6,9761.4,10743,8044.4,6177.3,8265.6,9245.2,5179.8,6166.1,9112.7,9818.6,13334,11483,10779,10670,9877.3,10422,10065,9787.2,14847,12259,15450,14949,14119,13642,12034,9617.7,11192,10587,10852,9557.3,10516,6255.9,3840.1,7672.6,11243,10604,12157,11209,11107,10869,10134,10465,7127.4,12614,6125.9,14704,12680,9602.1,9540.1,10211,9419.9,6698.9,8452.8,9105.4,7354.9,6013,8802.9,9502,14047,12387,11163,12088,11182,12069,10313,9249.2,11020,9864.3,6288.2,8976.4,11117,9855.2,9587.7,7627.5,11460,10095,6499.3,9087.3,12099,10410,9638.4,7702.8
14139,11704,16134,15688,13601,13290,12224,7958.3,9709.1,8844.1,9533.5,8554.3,10181,6879.4,3779.9,6131.7,11187,10911,10625,11003,11450,10921,9479.1,10622,6880.8,12793,5898.5,14899,12681,9793.6,9781.7,10769,8063.2,6206.3,8331.9,9259,5170.2,6146.3,9109.6,9825.2,13294,11501,10794,10684,9920.2,10411,10119,9794.7,14830,12257,15456,14908,14083,13636,12032,9651.1,11243,10583,10846,9569.7,10558,6256.8,3842.3,7644.1,11249,10592,12137,11214,11104,10863,10122,10490,7112.9,12601,6105.1,14723,12727,9594.2,9551.5,10219,9458.5,6676,8399.1,9104,7393.4,5942,8803.6,9499.3,14101,12336,11146,12053,11076,11952,10317,9265,10987,9830.3,6352.4,8952.7,11118,9769.6,9613.8,7622.2,11451,10041,6455.1,9102.9,12131,10418,9583.8,7707.6
14136,11697,16145,15693,13594,13298,12238,7978.7,9721.1,8853.3,9503.6,8556.6,10194,6813,3792.4,6124.3,11164,10922,10593,11000,11451,10919,9490.4,10634,6853.1,12777,5897.7,14877,12704,9809.2,9792.2,10782,8050.5,6258.2,8331.4,9232.1,5126.5,6152.8,9113.6,9824.6,13186,11482,10760,10640,9871,10445,10093,9800.4,14829,12264,15458,14910,14127,13651,12042,9645.3,11271,10588,10860,9565.7,10554,6240.7,3846.2,7645.5,11235,10587,12164,11198,11083,10852,10114,10477,7118.7,12608,6142.4,14704,12700,9581.7,9548.6,10234,9414,6648.1,8389.7,9093.2,7404.7,5944.4,8785.4,9498.4,13994,12330,11143,12119,11120,11965,10382,9284.6,10997,9829.3,6259,8949.1,11211,9928.9,9582.9,7636.4,11467,10069,6474.6,9083.6,12280,10392,9617.2,7696.4
14134,11708,16146,15692,13582,13339,12252,7977,9680.4,8864.8,9489.2,8549.4,10217,6878.4,3792.5,6142.3,11156,10930,10624,11029,11462,10912,9484.4,10628,6865.4,12825,5871.9,14899,12710,9785.8,9795,10752,8031.3,6234.7,8283.7,9251.8,5159.7,6131.6,9117.8,9833,13299,11500,10760,10633,9850.5,10429,10046,9783.8,14815,12252,15441,14910,14085,13630,12039,9640.5,11195,10587,10797,9534.2,10527,6253.6,3848.9,7633.1,11225,10614,12134,11217,11088,10844,10131,10504,7119.5,12619,6165.3,14701,12730,9596,9565.6,10289,9426.4,6710.1,8420.8,9126.8,7405.9,5981,8814.1,9519.9,14101,12318,11172,12093,11126,12023,10348,9267.2,11013,9867.7,6352.7,8989.4,11164,9801,9602.6,7638.1,11426,10069,6463.2,9101.4,12116,10358,9599,7698
14171,11700,16156,15690,13621,13320,12248,7977.8,9700.6,8842.7,9496.5,8565,10233,6866.9,3786.5,6122.5,11162,10936,10578,11021,11478,10926,9493,10614,6873.1,12819,5864.9,14885,12699,9812.1,9809,10796,8045.3,6226,8239.4,9256.9,5161.2,6125.8,9132.6,9832.4,13375,11488,10755,10670,9893.5,10426,10077,9807,14809,12240,15432,14908,14044,13606,12019,9634.6,11186,10624,10819,9524.1,10518,6315,3852.8,7650.1,11234,10590,12149,11226,11068,10826,10144,10511,7074.4,12659,6129.4,14695,12742,9617.1,9542.1,10236,9425.4,6693,8350.8,9114,7376.4,5967.9,8829.1,9515.5,14073,12350,11125,12078,11167,11962,10309,9301.5,11052,9841.4,6297.6,8949,11071,9899.3,9600.1,7611.9,11442,10105,6447.5,9101.9,12072,10399,9601,7694.6
14169,11715,16153,15688,13586,13271,12240,7979.6,9743.2,8844.8,9528.1,8564.9,10214,6876.4,3779.5,6108.9,11176,10939,10553,10995,11460,10927,9501.8,10607,6882.7,12791,5897.6,14911,12713,9766.2,9799.5,10781,8031.7,6235.4,8251,9266.3,5131.5,6148.5,9143.7,9824.4,13312,11518,10782,10713,9882.9,10424,10151,9781.3,14798,12259,15441,14911,14065,13582,12043,9640.1,11219,10607,10831,9539.7,10543,6328.2,3843.2,7667.3,11249,10596,12139,11223,11049,10815,10134,10477,7113.5,12626,6122.2,14691,12725,9592.4,9553.6,10270,9413.7,6674.6,8397.8,9112.9,7361.7,5975.2,8815.8,9508,14010,12361,11148,12066,11147,12068,10367,9282.9,11000,9871.9,6292.4,8965,11157,9865.7,9629.3,7610.1,11407,10077,6496.6,9120.5,12165,10325,9566.6,7705.7
14163,11676,16136,15683,13593,13291,12256,7985.4,9727.1,8867.2,9511.3,8562.2,10234,6873.2,3760.1,6151.1,11175,10926,10560,10985,11473,10907,9478.8,10632,6898.2,12804,5863.5,14865,12731,9809.9,9814.3,10821,8029.5,6242.3,8278.5,9273.9,5110.7,6176.1,9157.7,9819.9,13315,11525,10782,10721,9913.4,10451,10132,9775.8,14784,12256,15420,14883,14038,13631,12045,9658.7,11164,10614,10804,9521.5,10555,6250.2,3831.6,7669.1,11239,10577,12144,11204,11058,10812,10139,10491,7114.1,12652,6126.7,14692,12713,9588.2,9565.6,10291,9417.2,6662.8,8403.3,9122.2,7312.6,5978.9,8813.4,9523.7,14033,12403,11193,12132,11148,11969,10352,9284.3,10971,9847.9,6424.8,8961.1,11185,9882.6,9578.8,7640.8,11370,10035,6490.1,9088.1,12157,10324,9596,7701.5
14177,11694,16181,15690,13628,13282,12251,7974.8,9729.2,8874.8,9485.4,8576.5,10237,6919,3790.6,6125.1,11171,10943,10560,11007,11482,10912,9471,10628,6844.8,12831,5864.8,14879,12712,9830.1,9825.5,10814,8038.2,6189.4,8305.8,9275.2,5173.5,6203.7,9137.6,9833,13324,11499,10814,10709,9887.1,10491,10188,9774.7,14800,12259,15416,14882,14028,13599,12031,9672.4,11202,10633,10785,9508.3,10559,6276,3838.6,7670.8,11242,10600,12123,11220,11052,10820,10125,10490,7091.4,12662,6118.8,14685,12744,9626,9579,10286,9395.6,6608.1,8385.2,9142.8,7356.9,5966.8,8833.9,9524.5,14083,12401,11153,12102,11177,12016,10356,9253.5,10973,9832.6,6351.1,8983.5,11201,9856,9589.4,7629,11415,10049,6463.7,9111.5,12111,10388,9562,7714.7
14156,11708,16173,15714,13606,13316,12258,7977.2,9661,8866.3,9497.9,8567,10241,6872.8,3777.6,6135.8,11174,10957,10595,11023,11445,10928,9475.6,10647,6852.6,12847,5898.3,14887,12752,9801.3,9819,10829,8045.5,6178.8,8258.9,9283.6,5177.7,6154.3,9124,9817.5,13337,11534,10801,10661,9950.8,10417,10077,9768.9,14772,12265,15413,14906,14059,13658,12034,9673.1,11163,10592,10813,9517.5,10567,6266.7,3808.8,7638.5,11247,10588,12150,11230,11062,10824,10121,10534,7065.9,12615,6051.2,14733,12756,9602.1,9577.9,10302,9380.3,6667.2,8426.6,9138,7310,5990.8,8843.5,9518.1,14075,12366,11177,12088,11160,11941,10324,9262.3,10985,9819.3,6274.3,8974.9,11182,9802.7,9586.5,7632.1,11404,10078,6467.2,9106,12083,10337,9618.6,7717.2
14163,11711,16161,15710,13646,13319,12265,7991.4,9661.4,8857.5,9530.6,8556.7,10213,6883.8,3784,6149.3,11184,10966,10592,11028,11481,10934,9476.7,10663,6850.3,12854,5900.9,14896,12719,9781.1,9817.2,10851,8062.5,6207.4,8305.2,9271.7,5153,6170.9,9142.2,9810.8,13312,11519,10836,10664,9922.3,10483,10174,9787.4,14764,12292,15388,14865,14025,13598,12042,9643.1,11237,10586,10851,9504.8,10533,6290.8,3830.6,7640.1,11251,10575,12134,11240,11029,10804,10130,10566,7128.3,12661,6066.1,14704,12740,9569.8,9576.7,10309,9401.1,6659.4,8391.3,9139.5,7381.1,6005.1,8828.9,9509.5,14114,12386,11171,12128,11162,12051,10314,9252.3,10956,9793.4,6249.4,8956.2,11171,9891.3,9617.4,7638.9,11399,10081,6466.1,9096.9,12094,10299,9612.3,7700.3
14190,11717,16162,15717,13619,13314,12271,7991.4,9673.2,8871.8,9543,8540.7,10216,6936.3,3786.3,6125.6,11159,10941,10595,11010,11456,10913,9468.1,10603,6842.9,12827,5863.6,14902,12723,9844.8,9813.9,10857,8062.3,6246.4,8313.8,9239.9,5168,6174.5,9148.8,9805.4,13311,11501,10813,10683,9969,10453,10082,9755.8,14778,12277,15402,14865,14081,13630,12043,9644.6,11191,10624,10799,9472.7,10523,6306.3,3842.3,7613.8,11233,10582,12134,11228,11042,10793,10130,10499,7082.6,12658,6108.3,14707,12708,9586.3,9556.4,10298,9403.9,6657,8353.9,9117.2,7412,5995.9,8848.2,9511.7,14060,12429,11156,12071,11110,12075,10340,9247.5,11013,9833.9,6372.7,8959.4,11204,9884.6,9586.1,7643.2,11340,10063,6508.6,9108.4,12064,10309,9575.9,7691.5
14184,11734,16166,15710,13621,13311,12255,7988.3,9704.7,8884,9486.5,8548.9,10247,6930.9,3771.5,6109.8,11183,10948,10581,11038,11482,10921,9479.5,10635,6888.2,12812,5903.8,14892,12740,9796.6,9794.3,10863,8044.7,6226.6,8252.9,9247.2,5145.8,6139.7,9151.8,9820.4,13351,11530,10812,10707,9903,10435,10121,9770.2,14755,12264,15391,14850,14062,13593,12045,9658,11248,10613,10746,9498.3,10565,6301.9,3805.3,7618,11236,10549,12144,11244,11047,10786,10146,10546,7087.8,12691,6151.7,14710,12766,9601.4,9555.9,10280,9398.1,6627.5,8418.6,9151.1,7346.2,5984.8,8861.9,9550.1,14027,12407,11209,12160,11265,12114,10355,9248.1,10960,9834.2,6370.9,8941.8,11084,9863.2,9614.3,7620.2,11381,10084,6406.5,9086.3,12191,10324,9621.2,7685.2
14195,11703,16153,15714,13648,13311,12256,7997.8,9677.7,8863,9475.5,8564.6,10230,6908.1,3782.4,6113.2,11183,10941,10608,11041,11445,10899,9488.5,10615,6929.7,12814,5893.2,14866,12717,9779.2,9803.2,10803,8052.9,6244.8,8253.6,9246.5,5155.9,6126.8,9142.7,9821.1,13271,11540,10844,10637,9924.9,10461,10074,9755.7,14767,12269,15406,14858,14104,13642,12068,9663.3,11266,10636,10762,9487.6,10545,6302.1,3840.3,7665,11235,10560,12189,11230,11035,10791,10137,10495,7053,12689,6082.3,14710,12723,9567.4,9553,10278,9436.1,6638.4,8417.9,9141,7408.3,6001.1,8821.5,9513.8,14056,12390,11187,12188,11162,11955,10393,9235.4,10967,9866.4,6386.9,8939.5,11202,9870.7,9613.5,7617,11373,10096,6483.9,9130.3,12062,10316,9572.8,7708.3
14168,11709,16138,15683,13607,13311,12272,7977.4,9690.7,8849.2,9539.4,8534.2,10210,6891.1,3788.4,6118.3,11173,10948,10602,11052,11440,10911,9478.6,10621,6854.1,12839,5932.2,14862,12695,9797.4,9813.2,10833,8035.8,6227.4,8261.8,9256.7,5174.3,6148.2,9133.9,9838,13343,11520,10829,10697,9887.5,10436,10117,9787.1,14759,12277,15394,14847,14056,13651,12042,9684.9,11154,10607,10782,9476.1,10550,6309.4,3844.6,7619.4,11238,10593,12159,11257,11079,10800,10122,10538,7058,12652,6095.6,14730,12777,9593.1,9583.4,10316,9436,6706.1,8437.2,9136.9,7368.1,5976.9,8836,9528.5,14112,12418,11165,12083,11105,12102,10352,9246.1,10982,9823.6,6375.7,8939,11121,9929.3,9574.7,7636.8,11361,10067,6455.7,9077.5,12079,10337,9603.6,7712.1
14167,11695,16174,15680,13590,13273,12278,8007.2,9697,8913.4,9456.5,8558.8,10210,6876.7,3800.1,6093.4,11173,10943,10589,11048,11429,10913,9475.5,10609,6897.5,12827,5845.8,14872,12753,9797.1,9786.2,10830,8033.5,6201.8,8255.2,9252.1,5152,6127.3,9142.8,9832.6,13279,11511,10824,10692,9933.4,10433,10048,9792.7,14755,12277,15397,14864,14046,13627,12053,9662.4,11245,10610,10767,9492.8,10560,6267.7,3849.3,7625.6,11233,10568,12172,11258,11087,10815,10152,10483,7113.5,12668,6169.3,14731,12737,9582.5,9568.6,10260,9423,6670.1,8437.9,9112,7376.5,6003.5,8826.7,9528,14092,12395,11158,12182,11139,12030,10361,9274.7,10922,9859.5,6332.3,8954.6,11138,9910.1,9635.3,7628.6,11323,10084,6422.3,9098.5,12024,10417,9604.3,7697.1
14151,11693,16167,15722,13575,13278,12273,7981.3,9675.8,8876.3,9486.9,8559.7,10218,6906.8,3787.1,6123.1,11175,10967,10594,11049,11434,10919,9467.4,10576,6858.8,12831,5881.5,14868,12703,9817.2,9815.3,10793,8010.2,6201.4,8288.8,9231.8,5155.3,6167.2,9123.6,9827.2,13276,11524,10810,10695,9897.2,10468,10090,9784.4,14763,12224,15397,14867,14028,13617,12050,9636.5,11271,10589,10808,9515.2,10574,6264.4,3825.5,7629.5,11247,10557,12156,11253,11073,10817,10132,10465,7102,12663,6127,14678,12730,9592.2,9567.1,10260,9406.7,6648.6,8411.7,9136.6,7410,6023.8,8818.2,9516.3,14042,12401,11155,12137,11150,11963,10325,9274,10951,9808.3,6390.2,8966.7,11091,9883.8,9585.9,7613.1,11330,10037,6475.5,9137.5,12087,10316,9606.1,7712
14168,11685,16159,15723,13599,13290,12271,8005.1,9704.2,8853.2,9518.3,8541.7,10217,6924.7,3785.7,6111.5,11189,10972,10611,11015,11439,10908,9467.5,10547,6819.4,12855,5899.7,14830,12715,9798,9813.9,10742,8030.6,6206.8,8284.1,9245.3,5151.7,6120.7,9132.7,9812.6,13311,11499,10778,10691,9900.9,10465,10036,9751.6,14758,12244,15419,14869,14072,13652,12060,9675.2,11221,10602,10812,9517,10559,6216.6,3813.9,7642.4,11241,10584,12150,11247,11046,10810,10125,10458,7062.4,12658,6079.5,14694,12733,9605.6,9572.1,10245,9417.4,6661.5,8413.5,9126.4,7387.4,5966.5,8835.5,9504,14079,12348,11147,12170,11106,11938,10320,9248.2,10984,9835.7,6369,8967.5,11244,9865.2,9603.3,7609.6,11317,10099,6494.9,9100,12065,10299,9587.3,7714.5
14188,11707,16181,15727,13630,13308,12258,7982.5,9679.1,8863.2,9466.2,8552.2,10220,6904.7,3800,6142.3,11176,10950,10589,11012,11433,10925,9466.5,10553,6879.4,12857,5890.2,14867,12697,9799.2,9807.3,10746,8040.4,6218.4,8284.7,9229.1,5134,6140.1,9117.3,9815.7,13333,11510,10814,10683,9874.1,10428,10054,9768.7,14772,12240,15423,14897,14152,13647,12063,9645.6,11241,10596,10786,9515.9,10574,6251.5,3799.2,7626.1,11235,10533,12140,11246,11080,10818,10135,10472,7068.8,12692,6084.9,14705,12730,9566.5,9537.9,10228,9405.8,6668.4,8417.7,9083,7416.2,5948.3,8801.9,9532,14007,12376,11175,12146,11158,11915,10303,9268.7,10987,9803.2,6392.8,8945.2,11152,9885.7,9600.5,7631.3,11343,10091,6410.7,9088.6,12108,10355,9637,7707.5
14193,11692,16173,15724,13657,13304,12243,7985.9,9677.2,8850.4,9495.5,8523.8,10226,6871.2,3803.5,6105.2,11180,10973,10608,11015,11445,10939,9460.8,10562,6799.8,12859,5868.9,14881,12721,9800,9800.4,10735,8052.1,6221.8,8277.1,9234.5,5165.4,6164.2,9136.9,9801.2,13257,11499,10793,10734,9917.3,10468,9996.8,9757.8,14777,12251,15408,14888,14116,13625,12051,9655.4,11249,10620,10774,9508.7,10579,6327.4,3830.6,7625.3,11211,10527,12134,11235,11061,10814,10116,10438,7083.9,12684,6118.3,14684,12726,9568.2,9543.7,10196,9378.5,6651.5,8417.5,9096,7367.5,5989.1,8831.5,9525.3,14074,12330,11147,12101,11175,12037,10235,9250,11025,9842.6,6293,8936.3,10976,9801.7,9612.7,7604,11353,10085,6530.8,9113.9,12140,10348,9633.8,7709.2
14168,11682,16184,15729,13569,13298,12269,7985.9,9704.4,8897.8,9484,8557.7,10203,6865.1,3796.9,6111.8,11191,10983,10599,11014,11474,10931,9463.6,10544,6862.2,12844,5885.2,14874,12685,9778.5,9832,10734,8038.6,6199,8277.8,9224.5,5148.9,6164.5,9115.7,9796.9,13320,11527,10776,10663,9908.5,10497,9978.7,9731.9,14765,12230,15417,14887,14075,13599,12041,9655.7,11209,10581,10800,9499.2,10564,6291.7,3811.3,7650.6,11222,10575,12142,11245,11060,10825,10129,10422,7103.2,12697,6113.2,14696,12678,9591.9,9573.1,10180,9390.7,6639.2,8387.2,9085.8,7362.5,5948.6,8835.3,9492.3,14015,12354,11147,12086,11142,11977,10269,9257.1,10940,9840.5,6428.9,8942,11055,9818.9,9620.9,7633.9,11285,10062,6575,9094.5,12135,10321,9586.2,7707.9
14183,11656,16171,15725,13570,13290,12273,7956.1,9698.7,8882.9,9499.8,8549.6,10208,6860.7,3772.9,6121.1,11210,10980,10599,10987,11479,10923,9466.4,10539,6878,12779,5896.5,14870,12718,9846.6,9820.3,10711,8003.9,6222.6,8256.6,9234.4,5122.1,6179.6,9131.2,9787.4,13330,11481,10777,10667,9968.6,10479,10054,9742.1,14765,12271,15407,14885,14104,13614,12048,9651.3,11259,10615,10815,9507.9,10557,6253.8,3819.4,7652.4,11244,10579,12147,11260,11066,10816,10134,10460,7122.5,12653,6059.8,14680,12713,9610.5,9571.7,10202,9433.8,6656.1,8429.2,9105.7,7373.1,5969.9,8828.1,9520.6,14034,12405,11180,12013,11199,12086,10327,9216.8,10987,9846.3,6367.1,8991,11025,9861.2,9602.2,7638.3,11327,10038,6533.2,9090.5,12049,10313,9598.4,7700.5
14167,11686,16179,15729,13616,13311,12289,7965.8,9733.5,8896.7,9471.8,8547.4,10218,6904.7,3793.3,6143.4,11214,10973,10605,11019,11446,10939,9472,10566,6845.8,12851,5886.3,14888,12741,9808.6,9830,10740,8031.1,6221.9,8280.1,9239.5,5164.6,6190.3,9119.8,9806.2,13280,11520,10788,10660,9954.9,10475,10064,9739.3,14763,12251,15412,14869,14110,13627,12067,9659,11263,10592,10777,9540.7,10571,6227.2,3840.4,7650.5,11262,10579,12142,11253,11097,10813,10118,10477,7103.2,12669,6076.8,14713,12751,9598.8,9583.8,10223,9410.6,6665.7,8402.2,9061,7398.7,5991.5,8826,9505.3,14060,12396,11106,12120,11165,11991,10264,9252.4,10966,9827.8,6345.8,8963.3,11120,9800.2,9602.3,7626.8,11298,10052,6467.5,9096.8,12090,10258,9590.6,7699
14173,11718,16186,15728,13580,13316,12276,7964,9719.8,8865.1,9488.4,8541.6,10208,6863.6,3807.8,6133.4,11194,10971,10579,10999,11462,10936,9460.5,10571,6839.7,12837,5865.2,14859,12716,9811,9827.2,10783,8034.2,6178.3,8338.6,9239.3,5115.8,6145.9,9127.7,9820.4,13304,11518,10808,10687,9901.8,10495,10078,9739.1,14758,12256,15410,14880,14089,13629,12069,9652.3,11212,10640,10838,9511.5,10568,6271.3,3841.6,7637.5,11263,10567,12140,11234,11065,10810,10132,10460,7086.4,12693,6142.1,14696,12742,9580.6,9566.1,10239,9396.5,6651.9,8417.4,9133.3,7383.1,6034,8843.4,9487.2,14013,12432,11198,12179,11168,12089,10251,9214.2,10970,9870.1,6274.8,8979.5,11076,9784.1,9612.7,7653.7,11335,10070,6501,9122.1,12097,10312,9589.6,7701.6
14184,11711,16185,15741,13622,13271,12272,7995.3,9744.1,8887.3,9507.9,8553.5,10207,6882.8,3768.7,6113,11198,10953,10545,10977,11466,10931,9474.7,10568,6847.9,12824,5903.5,14855,12722,9829,9822.9,10707,8035.7,6189.6,8300.5,9234.3,5138.3,6165.3,9135,9819.1,13314,11536,10789,10660,9911.1,10502,10049,9736.3,14754,12292,15409,14885,14111,13616,12059,9643,11225,10650,10855,9527.5,10582,6273.5,3842.1,7672.5,11264,10563,12132,11216,11037,10798,10135,10462,7130.4,12677,6063.2,14711,12742,9529.7,9541.2,10199,9392.8,6646,8455.8,9099.3,7337.3,5969.6,8838.2,9501.8,14019,12412,11141,12103,11159,12069,10240,9217.4,11000,9880.3,6264.9,8950.4,11141,9846.3,9626.2,7638.9,11344,10107,6478.2,9062.1,12025,10367,9630.9,7707.3
14181,11694,16202,15723,13592,13336,12292,7981.1,9706.1,8894.6,9487.4,8544.4,10191,6886.1,3797.9,6110.4,11196,10977,10573,11014,11465,10945,9474.5,10553,6861.7,12857,5816,14877,12725,9807,9807.3,10736,8017.5,6227.7,8268.4,9233.4,5138.5,6184.7,9106.2,9805.4,13290,11523,10800,10679,9943.6,10507,9990.3,9738.7,14746,12259,15404,14866,14071,13616,12063,9637.3,11256,10610,10791,9517.8,10558,6274.6,3835.5,7691.7,11266,10573,12153,11236,11046,10816,10135,10460,7129.4,12686,6124.1,14716,12707,9613.3,9573,10204,9382.1,6709.1,8429.3,9102.5,7401.7,6017.2,8832.4,9538.2,14032,12401,11155,12151,11120,12031,10336,9224.4,10995,9855.9,6308.6,8954.3,11195,9847.8,9602.4,7639.4,11381,10100,6448.6,9109.9,11999,10339,9615.5,7715.4
14169,11707,16175,15732,13591,13283,12283,7986.1,9687.9,8901.6,9501.6,8548.8,10196,6854.1,3790,6077.4,11204,10964,10588,10984,11490,10954,9475.5,10518,6865.3,12834,5847.4,14843,12732,9808.2,9816,10741,8016.4,6208.9,8353.3,9248.6,5169.5,6153,9139.9,9792.2,13292,11486,10764,10692,9894.4,10474,9984.9,9741,14742,12222,15431,14869,14060,13607,12060,9645.6,11325,10603,10813,9526.3,10578,6215,3819.2,7661.7,11273,10565,12105,11204,11045,10819,10132,10456,7149.4,12698,6117.6,14698,12710,9607.2,9569.6,10180,9392.7,6681.9,8427.1,9094.5,7399.9,5990.9,8823.3,9516.3,13933,12380,11164,12090,11182,12063,10259,9230.6,10997,9873.1,6302.3,8957.8,11235,9855,9610.8,7627.7,11338,10069,6515.4,9070.3,12083,10330,9619.8,7691.4
14177,11706,16171,15718,13587,13315,12284,7961.7,9720.6,8892.9,9480.9,8544.7,10192,6868.9,3797.9,6087.4,11197,10982,10602,10997,11495,10951,9481.8,10569,6864.8,12824,5896.4,14864,12737,9820.4,9820.3,10758,8008.3,6217.6,8342.1,9245.1,5175.1,6142.2,9110.7,9816.9,13270,11562,10839,10712,9944.6,10472,9990.5,9732.8,14737,12265,15411,14861,14093,13606,12070,9657.6,11257,10636,10793,9534.7,10573,6229.9,3838.2,7689.9,11245,10570,12105,11197,11041,10819,10135,10469,7124.3,12702,6116.7,14702,12706,9575.2,9570.3,10187,9399.6,6649.1,8440.7,9087.8,7358.9,5992.2,8852.5,9522.7,14013,12407,11174,12155,11152,11985,10250,9251.8,10995,9845,6405.6,8964.4,11154,9844.9,9639.9,7644.5,11332,10097,6527,9081.4,12019,10346,9613.1,7683.6
14161,11703,16158,15721,13579,13301,12285,7954.3,9742.3,8911.2,9449.7,8554.8,10202,6826.7,3801.8,6132.9,11195,11000,10592,10983,11485,10952,9474.9,10545,6883.9,12817,5892.3,14841,12731,9820.6,9833.5,10740,8027.8,6259.5,8263.9,9245.5,5097.6,6143.2,9142.6,9831,13289,11536,10789,10727,9887.1,10461,10071,9724,14751,12250,15402,14885,14059,13606,12061,9635.6,11239,10627,10834,9544.5,10566,6210.6,3836.1,7680.4,11269,10606,12134,11224,11058,10821,10133,10481,7147.7,12672,6129.3,14706,12725,9592.6,9560.4,10200,9402.5,6660.4,8430.6,9104.3,7394.9,5971.5,8823.8,9508.1,13987,12388,11147,12168,11141,12080,10308,9225,11021,9829.2,6358.7,8986.2,11172,9903.1,9647.2,7629.4,11293,10080,6536.9,9097.9,12030,10334,9615.3,7710.4
14188,11706,16181,15714,13577,13309,12284,7980.5,9749.1,8875.9,9489.3,8568.8,10206,6872.2,3806.9,6100.7,11189,10972,10606,11010,11466,10945,9471.3,10567,6867.2,12803,5903.5,14872,12752,9792.4,9820.8,10752,8024.4,6203.6,8321.3,9233.3,5123.1,6139.3,9120.5,9855.7,13302,11522,10853,10673,9930.8,10478,10022,9751.5,14777,12279,15412,14877,14063,13655,12083,9631.2,11314,10651,10790,9541.9,10565,6301,3864.1,7680.3,11271,10556,12149,11193,11051,10812,10133,10495,7133.1,12683,6158.9,14734,12739,9607.3,9532.2,10220,9424.2,6679.8,8450.7,9111.7,7452.3,5987.4,8846.8,9505.3,14065,12386,11195,12132,11215,12069,10360,9213.5,11053,9937.7,6301,8955.5,11238,9862.1,9577.4,7623.4,11352,10083,6448.6,9080.7,12061,10316,9630.3,7703.1
14181,11686,16194,15704,13512,13292,12274,7963.3,9723.6,8913.3,9504.1,8558.5,10182,6865.9,3771.3,6110.5,11201,10979,10578,10988,11507,10939,9488.1,10551,6832.2,12817,5873.3,14901,12729,9803,9837.9,10774,8042.4,6220.8,8314.5,9254.5,5140.6,6149.5,9104.5,9840.2,13308,11539,10830,10694,9903.7,10464,10024,9716.2,14764,12252,15414,14883,14059,13605,12077,9642.2,11280,10628,10844,9592.6,10571,6272.4,3841.7,7655.3,11260,10567,12139,11210,11070,10813,10131,10488,7117.6,12676,6168.9,14746,12743,9602.2,9540.2,10248,9397.8,6720.5,8441.5,9105.7,7373.3,6038.1,8839.4,9512.7,14021,12413,11221,12129,11185,12068,10336,9208.9,10990,9839.3,6323.2,8974.6,11138,9867,9653.3,7649.1,11326,10107,6498.7,9087.4,12119,10341,9601.5,7699.4
14179,11686,16173,15707,13582,13283,12295,7936.4,9701.2,8915,9508.6,8530.7,10197,6899.5,3793.5,6080.8,11190,10962,10557,10978,11477,10943,9478.3,10517,6880.7,12848,5901.5,14895,12726,9810,9828.8,10730,8023.1,6216,8259.1,9261.8,5137,6136.3,9113.3,9832.7,13248,11523,10823,10702,9881.7,10496,10048,9747.6,14757,12264,15408,14874,14024,13578,12068,9645,11250,10628,10832,9534,10563,6286.1,3850.7,7661.5,11268,10571,12156,11181,11067,10830,10159,10467,7174.5,12678,6156.2,14742,12722,9607.7,9539.2,10211,9376.3,6660.1,8422.1,9102.7,7355.9,5970.6,8827.2,9522.6,13962,12381,11210,12128,11195,12085,10320,9201.7,11005,9876.5,6301.4,8944.8,11190,9830,9615.2,7638.4,11353,10127,6477.1,9088.2,12238,10325,9606.4,7691.5
14184,11716,16172,15707,13531,13249,12279,7956.9,9711.8,8889.4,9474,8550.2,10204,6871.9,3797.7,6105.3,11196,10958,10547,10971,11470,10949,9483.1,10528,6877.8,12786,5872.1,14859,12688,9804,9807.2,10760,8038.2,6236.3,8302.5,9242.9,5108.8,6124.5,9130.4,9823.4,13261,11505,10803,10684,9895.1,10471,10031,9738.9,14772,12231,15411,14865,14005,13562,12059,9647.4,11277,10660,10817,9546.9,10571,6229.7,3844.7,7668.5,11274,10579,12132,11190,11088,10834,10148,10407,7135.5,12660,6153.5,14709,12738,9572.5,9540.2,10205,9365.6,6686.2,8440.8,9110.9,7392.7,5987.4,8866.7,9524.9,14007,12406,11186,12059,11185,12073,10303,9195.6,11023,9872.9,6364.1,8980.7,11207,9844.9,9608.7,7640.9,11378,10129,6527.9,9094.3,12098,10348,9589.9,7689.1
14152,11688,16169,15715,13525,13254,12283,7966.9,9684.5,8884.7,9478.4,8552.3,10193,6875.9,3787.2,6111.4,11209,11000,10587,10969,11488,10948,9483.6,10538,6866.9,12809,5864.1,14882,12735,9836.5,9821.9,10742,8008.6,6199.2,8299.2,9243.5,5092.3,6143.8,9139.6,9839.8,13308,11492,10833,10693,9907.1,10503,10068,9756.4,14750,12227,15425,14873,14005,13573,12066,9626.7,11204,10620,10797,9563.4,10546,6184.3,3838,7657.9,11273,10622,12108,11216,11087,10864,10145,10426,7095.1,12651,6119.5,14736,12740,9640.4,9545.6,10245,9363.7,6684.1,8425.9,9096.6,7325.7,5985.5,8868.9,9537.8,13963,12363,11175,12162,11173,12001,10260,9241.4,11001,9888.9,6290.9,8967.1,11261,9842.1,9612.5,7615.4,11354,10082,6506,9104.7,12033,10370,9577.6,7706.2
14173,11699,16191,15709,13560,13272,12272,7976.5,9703.8,8871.9,9415.2,8549.9,10186,6854.6,3784.3,6104,11206,10969,10620,10973,11501,10944,9466.3,10565,6860.5,12781,5928.4,14868,12756,9831.1,9814.4,10757,8025.4,6169.7,8257.1,9266.2,5115.7,6153.3,9101.1,9840.6,13272,11527,10778,10704,9878,10431,10098,9733.1,14764,12251,15433,14870,14032,13608,12064,9636.5,11224,10658,10823,9577.2,10546,6146,3855.4,7651.7,11273,10619,12129,11197,11101,10859,10139,10434,7097.2,12652,6098.1,14714,12768,9592.2,9539.9,10220,9391.9,6661.6,8400.4,9102,7351.9,5949.7,8837.1,9511.4,14018,12373,11213,12130,11127,12030,10348,9226,10983,9832.7,6445.1,8952,11126,9791.1,9596,7632.6,11356,10115,6455.7,9070.7,12082,10341,9562.2,7727.7
14167,11685,16185,15701,13539,13286,12282,7960.5,9699.4,8843.4,9473.2,8555.5,10191,6861.8,3790.2,6136.6,11204,10974,10560,10991,11499,10943,9467.1,10521,6852.3,12810,5901.9,14868,12722,9817.5,9817.5,10766,8031.5,6153.5,8269.2,9264.6,5148.8,6116.7,9120.2,9835.5,13281,11501,10809,10737,10002,10401,10121,9754.9,14770,12225,15423,14888,14026,13584,12056,9648.1,11206,10628,10796,9553.2,10543,6218.9,3836.6,7657.7,11274,10633,12099,11207,11101,10854,10155,10470,7134.1,12672,6034.4,14706,12784,9610.5,9548.5,10228,9350.7,6696.6,8379.3,9105.5,7380,5954.8,8844.9,9508.7,14001,12379,11177,12055,11164,12058,10319,9242.8,11022,9861.9,6307.8,8936.1,11154,9843.9,9605.5,7616.1,11405,10092,6522.2,9059.5,12134,10344,9563.4,7716.7
14165,11701,16170,15713,13578,13275,12280,7956.8,9700.6,8890.3,9481.4,8554,10190,6834.4,3803,6123.7,11210,10984,10566,10963,11482,10936,9476.5,10548,6812.5,12790,5865.4,14856,12741,9792.1,9810.1,10778,8023.4,6149.8,8238.8,9249.7,5105.8,6156.6,9112,9838.1,13285,11526,10805,10660,9877.2,10526,10016,9755,14766,12247,15425,14885,14026,13594,12064,9648.7,11216,10635,10803,9559.2,10544,6243.3,3865.1,7644.4,11271,10631,12095,11177,11096,10853,10129,10459,7123.6,12646,6129.3,14744,12750,9614.3,9541.5,10237,9411,6659.7,8415.9,9112.1,7331.7,5987.1,8846.6,9521.1,14034,12371,11155,12193,11101,11990,10308,9225.6,11014,9900.9,6223.6,8981.9,11187,9884.5,9582.7,7643.6,11382,10126,6443.3,9082.4,12150,10370,9558,7707
14152,11724,16175,15703,13571,13310,12270,7967.5,9639.8,8868.1,9485.6,8556.9,10169,6870.3,3784.1,6141.3,11203,10970,10556,10984,11532,10927,9474.4,10546,6862.1,12784,5881.8,14898,12723,9817.3,9812.7,10739,8031.1,6221.5,8261.2,9247.3,5125.4,6149.9,9129,9826.1,13291,11518,10774,10691,9889.5,10482,10017,9763.6,14767,12255,15423,14861,14014,13606,12079,9629.7,11187,10618,10828,9560.3,10512,6209.3,3848.9,7654.5,11276,10600,12114,11203,11094,10842,10142,10502,7100.5,12663,6065.8,14706,12733,9615,9538.1,10223,9401.5,6619.3,8352.4,9091,7324.3,5974.5,8803.5,9505.1,14040,12404,11199,12095,11148,12072,10330,9250,10937,9865.4,6383.6,8952,11191,9859.1,9614.9,7642.2,11325,10107,6404.5,9088.1,12076,10291,9610.9,7722
14172,11708,16187,15731,13547,13295,12273,7957.4,9672.5,8889,9455.2,8550.6,10219,6902,3787.9,6115.2,11195,10976,10571,11004,11486,10953,9489.8,10498,6839.9,12842,5856.2,14853,12723,9809.9,9793.4,10711,8040.2,6212.9,8284.4,9230.9,5152.9,6160.5,9111,9838.1,13277,11523,10833,10763,9869.4,10494,10045,9767.7,14763,12244,15416,14871,13998,13574,12077,9645.5,11187,10589,10803,9545.8,10517,6229.4,3828.9,7636.1,11274,10601,12137,11204,11074,10846,10142,10448,7149.1,12691,6088.8,14697,12728,9594.8,9524.8,10204,9391.9,6668.6,8393.4,9085.9,7397.9,6009.5,8797.2,9493.3,14054,12427,11225,12113,11261,12069,10285,9251.4,10973,9830.5,6292.6,8930.4,11169,9840.2,9576.2,7620.1,11343,10099,6427.9,9062.1,12243,10321,9574.6,7718
14172,11698,16184,15698,13553,13276,12264,7982.5,9662.9,8898,9466.8,8553.6,10175,6923.6,3779.3,6109.5,11208,10966,10531,10955,11491,10924,9476.2,10507,6853.6,12795,5858.4,14854,12735,9822.9,9787.2,10722,8039.8,6148.9,8285.1,9227.6,5087.8,6141.9,9101,9844.3,13285,11532,10809,10708,9899.4,10516,10048,9754.2,14771,12249,15434,14862,13974,13586,12079,9648.3,11220,10606,10860,9554.3,10523,6254.1,3838,7628.9,11285,10615,12105,11200,11089,10833,10132,10422,7149.3,12668,6076.9,14753,12743,9582.4,9527.7,10217,9403.4,6661.3,8365.3,9071.3,7333.8,5986.3,8826.3,9483.4,13993,12396,11186,12134,11158,11996,10242,9240.5,10943,9861.3,6279.7,8964.2,11145,9736.1,9606.5,7633.8,11303,10062,6501.9,9038.2,12057,10298,9566.7,7712.1
14165,11717,16171,15682,13556,13275,12271,7964.7,9745.2,8850.5,9468.9,8567.8,10178,6873.3,3800.8,6082.7,11189,10958,10538,10990,11499,10910,9472.1,10456,6865,12870,5894.6,14864,12707,9797.1,9806.3,10761,8029.7,6184.5,8286.8,9249.8,5126.7,6167.9,9111,9824,13341,11554,10844,10756,9942.7,10499,10007,9743,14769,12260,15433,14853,13994,13629,12074,9634.8,11228,10606,10827,9538,10528,6240.3,3823.6,7654.6,11266,10603,12131,11210,11091,10821,10135,10438,7130.4,12673,6149,14735,12749,9569.8,9506.3,10196,9390.9,6638.3,8391.9,9083.6,7334.4,5981.5,8826,9468.4,14007,12437,11209,12168,11118,12090,10291,9244,10962,9849.4,6359.1,8985.6,11067,9848.3,9586.9,7617.7,11313,10077,6420.7,9065.4,12031,10369,9572.1,7696.6
14158,11710,16187,15701,13571,13282,12268,7962.3,9683.2,8885.7,9468.4,8568.1,10181,6782,3788.5,6110.7,11191,10956,10559,11005,11515,10938,9485.1,10525,6796.2,12844,5875.7,14871,12708,9792.8,9793.8,10775,8019.3,6205.1,8307,9250.2,5151.9,6156.2,9103.1,9827,13347,11558,10835,10760,9886.2,10427,10051,9762,14774,12257,15427,14870,14023,13585,12063,9659.4,11223,10604,10824,9547.2,10552,6181.4,3848.9,7670,11270,10643,12127,11218,11092,10837,10158,10468,7075.9,12686,6083.3,14715,12772,9561.3,9531.8,10223,9416.4,6654,8411.6,9107.5,7356.7,6003.6,8826.3,9502.3,13961,12438,11230,12162,11106,12060,10356,9246.1,10948,9862.8,6353.1,8945.7,11021,9805.1,9589.6,7612.4,11374,10086,6449.3,9076.7,11975,10335,9586.7,7717.5
14166,11692,16187,15716,13569,13294,12273,7965.6,9709.9,8883.5,9437.3,8558.9,10205,6817.4,3808.8,6129.5,11191,10941,10555,10992,11518,10926,9488,10538,6832.6,12819,5897.3,14859,12740,9815.2,9803,10810,8007.7,6171.5,8341.1,9231.8,5105.5,6137.8,9098.2,9809.3,13308,11539,10857,10740,9965.4,10505,10064,9761.3,14770,12257,15439,14868,13987,13606,12049,9648.6,11250,10626,10832,9559,10544,6228,3862.5,7646.5,11263,10624,12173,11210,11111,10840,10145,10488,7078.1,12702,6112.1,14749,12759,9572.5,9544.2,10244,9373.9,6650.3,8339.1,9110.5,7385.3,5980.5,8834.5,9489.3,14047,12439,11234,12171,11218,12077,10331,9258.7,10902,9867,6393.6,8946.1,11065,9838.2,9579.9,7666.4,11301,10076,6523.9,9075.9,12034,10323,9612.6,7701.8
14166,11720,16187,15694,13540,13296,12248,7940.3,9653.6,8883.6,9471.2,8551.6,10200,6863.7,3797.2,6124.5,11182,10965,10589,11002,11489,10933,9476.1,10523,6854.8,12797,5816.7,14841,12715,9843.8,9795.3,10771,7990.9,6176.6,8306.7,9230.8,5172.4,6201,9125.4,9810.3,13273,11547,10863,10734,9908.2,10521,10035,9740.1,14771,12257,15430,14874,14032,13646,12040,9639.9,11153,10630,10806,9552.1,10530,6228.2,3858.9,7641.9,11268,10606,12184,11228,11104,10848,10114,10472,7094.1,12666,6087.5,14707,12777,9591.1,9554.2,10233,9416.3,6644.4,8536.6,9091.5,7347.9,5939.7,8830.8,9472.7,14008,12396,11229,12141,11179,12130,10315,9242.4,10981,9910.6,6379.4,8957,11069,9822.3,9616.2,7651.8,11287,10110,6490.3,9079,12119,10392,9590.5,7693.8
14153,11712,16152,15725,13543,13330,12238,7970.4,9679.4,8884.8,9465.9,8559.1,10171,6849.2,3792.4,6114.9,11180,10971,10583,10998,11492,10931,9467.8,10530,6864,12809,5868.5,14874,12701,9811.1,9792.8,10762,8036.7,6183.5,8334.5,9229.8,5129.5,6155.6,9087.1,9808.2,13349,11589,10850,10678,9904.6,10500,10032,9755.1,14773,12276,15436,14871,13998,13592,12049,9642.7,11190,10613,10802,9549.3,10535,6228.4,3851.6,7633.8,11245,10618,12139,11214,11110,10839,10132,10446,7102.5,12674,6086.1,14706,12772,9589.7,9552.9,10234,9389.5,6638.9,8403.1,9090,7397.9,6000.1,8818.2,9496.1,14063,12408,11216,12144,11139,12044,10271,9241,10984,9866.7,6320.5,8960,11006,9885.9,9637.8,7619.1,11325,10064,6504.5,9067.8,12047,10336,9593.1,7710
14166,11730,16167,15708,13551,13305,12242,7957.2,9711.2,8844.9,9477.6,8547.5,10162,6848,3779.9,6084,11175,10978,10594,10985,11494,10933,9489.2,10545,6867.4,12827,5916.2,14815,12731,9835.3,9788.3,10724,8030.4,6221.2,8258,9216,5104.1,6163.8,9115.4,9809.5,13301,11529,10865,10717,9850.9,10508,10002,9777,14781,12298,15425,14880,14009,13604,12039,9633.8,11214,10620,10822,9535.5,10531,6259.8,3829.4,7649.3,11237,10607,12180,11238,11106,10840,10135,10432,7078.5,12651,6079.1,14725,12785,9619.6,9550.6,10229,9425,6657.4,8357,9093.9,7384.6,5991,8802.5,9489.9,14109,12441,11212,12123,11196,12098,10309,9242.6,10966,9820.8,6302.1,8973.1,11000,9831.2,9628,7622.7,11337,10072,6441,9066.3,12029,10387,9637.6,7714.7
14190,11705,16185,15695,13586,13331,12237,7967.2,9681.9,8908.6,9465.6,8556.2,10188,6891,3777.3,6111.1,11163,10988,10568,10990,11477,10933,9475.1,10520,6846.7,12845,5913.9,14815,12688,9836.5,9800.6,10699,8038.1,6218.6,8307.6,9228.9,5130.2,6147.6,9102.4,9798.7,13325,11539,10830,10718,9864.3,10479,9979.3,9748.5,14796,12276,15439,14874,14018,13619,12037,9640.9,11203,10605,10793,9543.4,10515,6271.3,3833.5,7661.1,11254,10601,12131,11235,11105,10844,10136,10426,7112.9,12639,6193.9,14721,12748,9573.4,9546.7,10200,9420.9,6669,8398.3,9085.8,7342.2,6004.8,8796.3,9483,14077,12426,11211,12138,11135,12040,10298,9221.1,10942,9786.4,6292.3,8959.8,11129,9770.8,9656.2,7636.2,11264,10070,6464.4,9074.7,12132,10332,9594.3,7700
14180,11738,16182,15702,13536,13323,12247,7986.8,9681.6,8891.3,9510.5,8568.8,10176,6835.4,3778.7,6105.3,11161,10978,10543,10973,11516,10936,9485.4,10515,6845.3,12778,5905.7,14821,12715,9851.6,9806.2,10735,8052.9,6168.8,8274.7,9200.8,5109.8,6151.8,9092.5,9796.4,13279,11501,10799,10705,9922.6,10458,9979.5,9742.1,14788,12273,15443,14880,14070,13635,12031,9650,11203,10646,10860,9563.7,10552,6298,3856.7,7650.7,11243,10612,12151,11216,11102,10825,10144,10411,7128,12699,6124.7,14725,12802,9631.9,9566.6,10185,9430,6672.3,8425,9096.8,7338.1,6005.1,8807.3,9482.1,14119,12397,11231,12149,11168,12159,10288,9235.4,10928,9867.9,6313.4,8955,11003,9801.5,9610.9,7636.7,11345,10096,6455.5,9094.9,12054,10298,9605.9,7695.6
14183,11728,16158,15706,13508,13273,12236,7974.3,9702.1,8899.1,9527.8,8552.3,10139,6849.9,3792.8,6147.5,11185,10970,10540,10970,11492,10945,9483.5,10501,6853.3,12777,5870.5,14868,12707,9841.5,9812.8,10681,8028.2,6155.1,8289.7,9224.1,5125.3,6124.4,9088.8,9804.2,13284,11516,10795,10691,9957.8,10492,10058,9757,14790,12262,15442,14890,14067,13645,12036,9638.7,11235,10646,10842,9557.6,10538,6213.5,3815.2,7599.7,11243,10606,12142,11221,11109,10830,10123,10416,7145.5,12636,6101,14737,12732,9629.6,9558.1,10203,9433.1,6679.5,8436.2,9086,7338.5,5992.4,8811.7,9498.3,14064,12401,11180,12064,11148,12075,10286,9225,10924,9888.3,6424.6,8939.8,11053,9818.7,9591.7,7647.4,11366,10095,6490.7,9107.5,12136,10275,9655.6,7716.6
14164,11649,16183,15725,13527,13262,12248,7956.9,9706,8889.6,9488,8551.6,10161,6852.3,3764.6,6104.2,11181,10997,10568,10989,11464,10963,9481.6,10476,6875.5,12801,5886.1,14861,12715,9837.6,9815.8,10674,8040.9,6198.3,8291.7,9205.3,5094.4,6133.3,9094.9,9806.6,13342,11505,10792,10708,9888,10443,9986.3,9760.2,14782,12253,15450,14894,14070,13648,12035,9650.3,11213,10590,10858,9542.6,10528,6194.5,3825,7647.7,11251,10630,12142,11199,11117,10853,10127,10402,7169.1,12635,6133.9,14732,12742,9613.8,9562.1,10157,9408.7,6669.2,8426.3,9067.6,7351.7,5979.1,8835.2,9500.3,14017,12396,11191,12107,11116,12064,10271,9251,10961,9850.9,6314.1,8967.2,11027,9782.1,9617.9,7648.3,11360,10081,6442.2,9066.4,12176,10363,9636.6,7717.4
14191,11682,16177,15716,13549,13319,12238,7966.6,9747.7,8870.1,9508.3,8548.1,10157,6872.7,3800.4,6122.6,11174,10979,10580,10945,11466,10947,9476,10470,6882.8,12783,5848.6,14866,12718,9856.9,9796.3,10667,8041.2,6228.6,8316.2,9242.4,5098.9,6139.5,9122,9809.2,13271,11524,10790,10650,9907.9,10490,9989.6,9749.4,14779,12286,15448,14912,14073,13596,12040,9650.5,11207,10613,10830,9565.3,10502,6234.9,3825.4,7653.6,11249,10584,12138,11182,11114,10831,10124,10381,7102.7,12641,6077.4,14731,12745,9618.7,9533.4,10137,9433.1,6659.9,8487.4,9069.7,7375,5946.1,8809,9489,14017,12406,11203,12143,11145,11975,10246,9253.4,10963,9856.5,6409.4,8957.7,11195,9821.9,9606.9,7641.6,11334,10065,6423.2,9087.9,11996,10309,9635.3,7721.4
14182,11730,16174,15710,13574,13299,12240,7970.2,9690.4,8864.2,9509.8,8555.4,10152,6862.5,3788.2,6112,11173,10995,10556,10923,11432,10956,9479.7,10430,6885.3,12801,5846.5,14874,12742,9816.4,9788.9,10661,8070.9,6218.3,8304.8,9201.6,5117.6,6160.8,9132,9799.1,13268,11463,10786,10699,9933.9,10446,9921.3,9769.9,14790,12282,15446,14889,14075,13582,12021,9604.6,11171,10627,10829,9541,10496,6252.7,3841.2,7643.1,11231,10601,12162,11187,11084,10832,10135,10345,7122.3,12634,6135.7,14721,12724,9583.1,9538,10125,9446.3,6668.6,8416.1,9063.9,7384.4,5984.7,8790,9501.7,14076,12415,11238,12114,11145,12041,10205,9230,10995,9857.3,6246.8,8946,11106,9837.8,9639.8,7646.7,11362,10068,6535.5,9077.8,12109,10364,9648.8,7705.8
14210,11704,16161,15687,13523,13244,12243,7974.6,9676.4,8858.9,9484.8,8547.3,10157,6903.1,3794.4,6143.8,11183,11004,10577,10939,11444,10950,9497.3,10477,6862.4,12769,5842.3,14864,12709,9827,9785.7,10636,8059.7,6213,8248.2,9194.7,5122.7,6181.2,9101.4,9837.3,13225,11506,10786,10678,9916.2,10470,10017,9763.1,14805,12280,15445,14887,14071,13589,12022,9640.8,11215,10606,10843,9562.8,10511,6269.7,3828.4,7654.7,11235,10633,12144,11187,11071,10846,10138,10391,7141.3,12651,6143,14730,12754,9625.7,9537,10147,9430.2,6661.8,8462.4,9063.8,7418.8,5989.9,8812.6,9499.6,14084,12386,11223,12103,11108,12041,10274,9240.4,10945,9840.5,6308.5,8967.2,11096,9814.1,9621.2,7617.6,11382,10105,6386.3,9070.3,12162,10401,9594.5,7702.1
14182,11676,16156,15695,13556,13275,12257,7962.5,9712.2,8866.2,9467.9,8541.8,10118,6882.9,3783.7,6086.9,11191,10989,10563,10955,11409,10952,9479.2,10480,6891.4,12774,5842.5,14841,12688,9816.3,9804.4,10646,8014.5,6168.9,8284.4,9226.8,5109,6149.8,9131.5,9866.5,13334,11534,10782,10709,9865.2,10532,10011,9774.4,14791,12279,15449,14898,14140,13616,12043,9643.1,11252,10620,10844,9555,10516,6280,3846.1,7656.2,11253,10587,12155,11192,11083,10851,10140,10392,7157.3,12675,6071.1,14747,12730,9583.9,9552.1,10159,9436.5,6669,8423.2,9053.5,7408.4,5955.8,8803.7,9493.9,14054,12386,11207,12113,11182,12012,10194,9230.8,10983,9832.1,6422.3,8961.6,11087,9791.6,9623.8,7601.1,11393,10085,6447.3,9088.9,12042,10360,9642.4,7697.4
14187,11709,16154,15682,13532,13240,12249,7959.6,9726.2,8887.5,9461.7,8536.7,10153,6903.2,3792.8,6095.8,11192,10994,10540,10932,11424,10939,9479.9,10437,6845.8,12776,5868.8,14864,12691,9828,9806.9,10656,8024.7,6195.7,8311.7,9200.2,5168.7,6166.8,9108.2,9853.1,13259,11515,10778,10744,9850,10487,9962.3,9759.3,14805,12247,15430,14907,14066,13615,12053,9628.7,11179,10622,10876,9588.8,10549,6315.8,3840.9,7636.7,11261,10584,12158,11212,11112,10826,10145,10351,7138.1,12625,6126.2,14743,12727,9599,9524.4,10146,9441.5,6676.8,8495,9056,7396.7,5973.4,8820.2,9497.2,14065,12380,11180,12155,11099,11984,10291,9222.5,10958,9912.5,6326.9,8953.4,11197,9837.7,9632,7611.6,11408,10110,6509.4,9057.1,12166,10375,9628.5,7706.8
14180,11724,16155,15704,13537,13275,12235,7945.3,9788.7,8884.1,9454.3,8544.8,10155,6859,3783.4,6117,11190,11006,10586,10958,11384,10937,9506.1,10473,6852.9,12762,5903.5,14835,12677,9798.4,9783,10673,8045.8,6207.9,8299.6,9201.1,5121.4,6128.6,9125.9,9830.4,13266,11546,10747,10709,9882.7,10468,10061,9774,14815,12252,15444,14897,14064,13645,12056,9628.6,11221,10607,10873,9570.7,10532,6245.4,3829.7,7667.7,11267,10598,12139,11188,11100,10839,10154,10377,7139.9,12630,6148.7,14744,12720,9618.7,9531.9,10160,9404.8,6712.9,8441.4,9059.5,7408.4,5976.8,8824.3,9493.8,14056,12426,11179,12094,11123,12019,10270,9224.3,10965,9886.1,6387.9,8931.8,11182,9834.9,9617.4,7627.8,11449,10083,6439.8,9080.8,12092,10336,9613.2,7708.2
14148,11724,16133,15678,13504,13235,12266,7948.2,9716.9,8865.3,9474.6,8543.8,10169,6852.6,3788,6110,11209,11022,10593,10964,11409,10951,9506.6,10478,6891.1,12764,5897.6,14840,12701,9801.7,9805.1,10705,8020.9,6225.7,8329.6,9222.6,5087.2,6166.7,9112.9,9815.6,13262,11509,10767,10643,9899.7,10489,10039,9794.1,14799,12272,15461,14894,14078,13603,12040,9624.3,11227,10649,10836,9572.1,10504,6222.2,3836,7643.3,11255,10614,12153,11201,11109,10851,10154,10427,7113.3,12608,6172.6,14724,12732,9599.3,9536.2,10106,9423.5,6673,8414,9075.6,7396.9,5939.5,8801.9,9507.9,14079,12371,11189,12120,11138,12027,10237,9229,11015,9878.4,6331.5,8957.6,11073,9882.5,9609.4,7619.8,11395,10106,6542.5,9087.1,12172,10324,9616.9,7703.8
14158,11707,16158,15692,13537,13237,12250,7951.7,9722,8880,9494,8560.5,10152,6841.1,3796.1,6077.4,11203,11025,10562,10967,11420,10944,9496.6,10485,6885.5,12785,5888,14839,12678,9805.7,9797.2,10720,8042.6,6210.7,8297.8,9215.5,5148,6172.8,9115.4,9825.5,13245,11531,10796,10724,9929.4,10455,10055,9761.2,14807,12251,15455,14931,14029,13607,12057,9617.5,11209,10634,10824,9571.7,10540,6248.1,3838.3,7647,11271,10622,12184,11175,11112,10854,10142,10413,7107.3,12631,6149.9,14739,12729,9592.2,9533.5,10151,9414.7,6614.7,8406.2,9056.4,7377.9,5985.2,8773.9,9489.7,14041,12377,11214,12103,11133,12022,10231,9226.4,11001,9850.9,6323.4,8939.2,11119,9844.5,9615.8,7645.8,11448,10089,6447.9,9050.7,12159,10362,9613.8,7684.4
14157,11684,16154,15689,13499,13251,12275,7954.4,9734.1,8878.8,9490.6,8542.9,10154,6879.4,3777.1,6112.6,11195,11056,10603,10947,11404,10960,9505.3,10477,6859.5,12803,5878.9,14836,12673,9803.4,9785.7,10739,7990.8,6230.8,8267.3,9206.1,5135.6,6169.9,9111.9,9833.1,13246,11523,10804,10718,9903.8,10500,10090,9776.7,14803,12248,15435,14897,14054,13598,12049,9632.2,11162,10620,10845,9571.4,10544,6232.8,3850.1,7647.1,11266,10608,12170,11188,11081,10851,10152,10392,7151.5,12658,6112,14733,12718,9581,9516.2,10170,9402.2,6652.6,8395.7,9078.7,7366.5,5987.6,8803.3,9498,14031,12423,11211,12142,11138,11922,10268,9252.1,11016,9853.8,6347.6,8961.9,11213,9874.2,9616.4,7625.9,11404,10059,6499.1,9082.1,12269,10355,9608.9,7688.8
14159,11687,16131,15683,13502,13218,12257,7961.6,9665.9,8836.2,9461.2,8542.3,10163,6909.9,3807.6,6106.7,11201,11031,10585,10962,11421,10960,9520.3,10542,6824.4,12774,5859.4,14829,12704,9818.7,9783.5,10698,8006,6193.1,8277.6,9224.9,5132.6,6159,9104.3,9814.8,13219,11492,10783,10683,9918.4,10456,10022,9770.7,14812,12269,15429,14909,14024,13619,12042,9640.2,11269,10649,10829,9594.9,10568,6240.1,3826.6,7660.1,11255,10633,12178,11208,11091,10857,10153,10390,7086.3,12635,6088,14701,12708,9607.2,9553,10213,9406.7,6642.8,8416.9,9108.2,7333.5,5947.3,8807.6,9496.4,14124,12393,11183,12166,11118,11999,10294,9219.2,10994,9829,6300.8,8945.2,11292,9818.1,9613.3,7615.3,11361,10077,6468.2,9053,12263,10321,9583.9,7719.2
14144,11688,16122,15698,13481,13242,12266,7970.4,9716.4,8849.2,9459.7,8525.5,10143,6883.2,3794,6133.3,11200,11023,10561,10976,11400,10951,9519.5,10491,6842.7,12746,5861.8,14790,12712,9785.2,9797.1,10731,8006.4,6210.4,8319.1,9227.1,5111.4,6151.4,9127,9817,13249,11491,10802,10668,9931.5,10457,10057,9747.1,14796,12231,15438,14927,14021,13604,12062,9632.6,11155,10612,10809,9569.3,10535,6275.4,3848.6,7685.4,11283,10641,12152,11215,11111,10865,10138,10401,7082.7,12664,6081.2,14715,12724,9625.7,9540.2,10196,9417.8,6654.1,8400.8,9102,7354.7,6005.6,8798.7,9479.8,13975,12367,11206,12122,11067,12016,10249,9223.3,10982,9843.2,6339.1,8946.5,11279,9760.2,9602.9,7638.5,11413,10107,6482.2,9082.8,12128,10287,9581.1,7690.7
14130,11691,16149,15692,13497,13264,12278,7961.4,9703.1,8861.8,9485,8538.4,10180,6903.2,3799.4,6113.2,11205,11006,10570,10990,11427,10954,9480.2,10535,6917.7,12781,5919.1,14854,12704,9812,9824,10763,8009.4,6235.5,8290.4,9245.8,5128.9,6140.6,9120.8,9835.6,13304,11524,10790,10705,9937.3,10479,10075,9769.6,14789,12261,15433,14908,14036,13593,12067,9622.6,11233,10636,10854,9558.8,10594,6275.6,3859,7661.9,11296,10641,12153,11225,11076,10858,10151,10439,7137.5,12667,6182.3,14725,12711,9614.7,9550.4,10245,9395.2,6625.9,8465,9083.5,7366.6,6021.9,8823,9469.4,14040,12433,11244,12130,11147,12046,10329,9219.2,10977,9803.9,6260.6,8935,11184,9849.4,9615,7647.8,11390,10082,6445.3,9073.7,12232,10372,9616.2,7690.1
14148,11685,16155,15698,13490,13244,12276,7982.1,9720.6,8897,9466.1,8558.2,10167,6873.8,3778.5,6111.9,11217,10991,10553,10929,11429,10953,9488.9,10538,6862.9,12788,5893.3,14825,12660,9802.2,9821.6,10727,8006.1,6213.5,8315.8,9246.3,5091.5,6152.9,9126.6,9845.7,13261,11504,10794,10680,9934.7,10453,10058,9734.6,14796,12246,15428,14891,14010,13576,12074,9637.8,11250,10650,10822,9584,10585,6260.2,3847.1,7699.5,11285,10631,12163,11204,11056,10859,10150,10471,7148,12649,6160.3,14725,12736,9590.4,9573.4,10251,9404.5,6612.1,8388.9,9099.7,7366.2,5984.1,8815.9,9492.2,14068,12414,11227,12178,11142,12077,10316,9208.1,10940,9841.3,6341.6,8954.1,11095,9816.1,9608.6,7637,11399,10053,6511.5,9055.7,12138,10384,9621.2,7698.1
14157,11689,16147,15692,13514,13261,12265,7978.8,9689.4,8884.1,9491.7,8564.3,10161,6854.8,3798.3,6097.8,11220,11007,10553,10960,11443,10949,9489.3,10504,6853.5,12769,5860,14853,12698,9815,9814.4,10732,8013.3,6184.5,8324.5,9234.9,5137.8,6151.7,9123.8,9814.1,13301,11504,10799,10729,9893.7,10479,10004,9749,14794,12273,15421,14903,14087,13591,12073,9654.4,11225,10641,10825,9584.4,10586,6235.5,3845.7,7677.7,11274,10606,12156,11203,11071,10850,10134,10422,7148.9,12634,6181,14723,12747,9612.6,9545.4,10259,9422.7,6668.7,8421.7,9100.4,7351.8,5983.7,8802.7,9497.3,14037,12410,11190,12151,11145,12055,10331,9212.1,10985,9825.6,6288.9,8955.6,11212,9794.8,9615.4,7636,11390,10022,6531.1,9049.3,12163,10363,9640.9,7710.7
14158,11673,16144,15699,13557,13246,12253,7962.2,9694.7,8897.1,9508.4,8560.2,10176,6864.4,3839.9,6120.7,11200,10999,10568,10969,11416,10936,9477.8,10509,6877.2,12780,5874.6,14874,12701,9820,9818.8,10751,8041.9,6190.4,8322.3,9233.2,5139.9,6163.3,9114.8,9797.6,13271,11532,10768,10678,9911.8,10467,10059,9738.7,14796,12262,15438,14900,14012,13629,12068,9638.1,11229,10624,10795,9565.4,10578,6205.5,3849.1,7670.1,11283,10605,12141,11223,11070,10839,10139,10445,7099.6,12655,6137.1,14742,12764,9593.6,9547.4,10218,9387.8,6658.4,8474.8,9084,7350.9,5946.2,8824.9,9494.5,14010,12375,11176,12142,11169,12047,10360,9210.3,11029,9828.5,6378.1,8932.6,11154,9822.9,9635.8,7643.6,11350,10080,6494.9,9097.2,12185,10356,9607.9,7701.2
14160,11699,16127,15682,13508,13220,12242,7970.8,9674.4,8870.7,9452.8,8555.8,10177,6863.5,3796.7,6136.3,11219,10997,10579,10964,11421,10953,9481.7,10515,6845.4,12747,5887.1,14869,12709,9816.8,9834.2,10753,8046.3,6182.3,8319.4,9230.1,5100.4,6176.8,9135.2,9787.6,13288,11518,10739,10663,9949.2,10461,9981.5,9708.6,14791,12280,15418,14900,14037,13611,12059,9645.1,11224,10647,10818,9550.4,10545,6241.8,3844.3,7673.7,11273,10632,12142,11203,11044,10844,10115,10430,7095,12656,6109.7,14707,12754,9589.1,9559.9,10248,9414.6,6653,8454.4,9081.3,7390.5,5977.4,8815.4,9491,14042,12365,11182,12109,11179,12048,10278,9207.6,10990,9806.2,6300,8911.2,11309,9893.9,9627.7,7628.8,11452,10026,6437.2,9072.5,12082,10276,9634.5,7711.8
14129,11728,16137,15709,13554,13284,12274,7968.6,9724.2,8866.5,9460.4,8541.6,10142,6883.9,3767.8,6144.6,11226,11017,10628,10969,11374,10949,9462.7,10533,6816.1,12783,5889.7,14866,12735,9795.2,9808.7,10728,8056.2,6202.1,8297.3,9215.7,5102,6192.8,9093.7,9783.1,13249,11512,10792,10735,9876.4,10466,10051,9706.9,14786,12266,15429,14911,14008,13641,12042,9629,11167,10619,10829,9552.1,10543,6196.5,3821.9,7677.5,11279,10646,12145,11190,11053,10851,10100,10454,7123,12642,6131.8,14694,12726,9609.7,9558.8,10237,9404.5,6663.1,8392.6,9094.6,7363.3,6007.3,8828.5,9484,13952,12372,11198,12215,11106,11987,10339,9219,11029,9834.2,6291.9,8913.3,11214,9888.6,9592.5,7635,11383,10050,6477.2,9064.2,12132,10368,9625.3,7713.7
14152,11695,16148,15694,13543,13264,12247,7983.9,9710.4,8852.4,9482.2,8549.2,10180,6855.2,3805.6,6121.2,11211,11003,10620,10972,11376,10936,9465.7,10507,6834.8,12761,5849.3,14873,12724,9795,9812.1,10734,8034.4,6193.4,8373.3,9225.9,5111.5,6182.2,9137.5,9800.8,13236,11544,10770,10715,9880.9,10495,10049,9705.9,14785,12278,15440,14913,14072,13605,12061,9649.5,11229,10611,10784,9559,10557,6269.2,3862.5,7679.8,11284,10647,12150,11205,11055,10838,10122,10461,7089.7,12611,6136.3,14716,12763,9627.3,9540.5,10257,9390.4,6645.4,8507.2,9092.3,7397.4,5979.6,8803.1,9492.5,14020,12396,11133,12119,11106,12031,10276,9201.9,10997,9842.3,6324.6,8957.7,11151,9793.1,9637.1,7616,11408,10091,6422,9088.6,12196,10394,9599.7,7729.1
14140,11698,16141,15708,13526,13263,12244,7939.7,9723.2,8853.9,9489.2,8538.4,10141,6831.5,3778.7,6162.3,11241,10998,10638,10938,11408,10936,9471.4,10570,6855,12791,5857,14869,12730,9813.5,9816.4,10729,8035.8,6181.8,8284.9,9235.2,5156.3,6148.5,9147.3,9812.7,13248,11503,10749,10709,9854.6,10469,9990.2,9722.4,14790,12263,15418,14924,14043,13586,12046,9624.7,11213,10575,10800,9560.9,10554,6253.1,3845.6,7670.6,11297,10643,12152,11177,11030,10856,10115,10435,7105.2,12587,6173.9,14723,12708,9610.2,9532.8,10214,9387.4,6693.4,8429.1,9082,7396.4,5946.9,8799.2,9478.1,13973,12371,11156,12111,11127,11975,10321,9225.7,11000,9842.6,6394.7,8987.3,11168,9871.7,9651.4,7636,11383,10058,6491.7,9093.8,12219,10373,9656.6,7708.2
14146,11735,16137,15702,13498,13246,12259,7961.7,9675.6,8849.5,9487.5,8536.6,10143,6856.8,3790.2,6140.2,11226,10992,10614,10930,11397,10951,9460,10540,6837.3,12760,5912,14855,12736,9773.5,9831.6,10690,8049.1,6181,8283.1,9226.4,5130.1,6152.2,9152.1,9822,13254,11514,10756,10688,9968.8,10467,10043,9717.9,14780,12245,15424,14907,14045,13616,12063,9612.7,11243,10590,10801,9551.6,10556,6217.1,3848.1,7692,11298,10633,12147,11169,11054,10860,10098,10420,7128.5,12588,6163.3,14712,12714,9604.7,9531.4,10206,9419.2,6696.9,8435.2,9084.6,7310.3,5963.4,8790.4,9480.4,13967,12341,11141,12072,11080,11896,10269,9234,11039,9851.7,6343.3,8961,11091,9875.5,9626.1,7638.6,11333,10087,6455.8,9096.8,12238,10370,9637,7689.5
14133,11702,16145,15706,13558,13236,12256,7976.9,9719.6,8855,9458.8,8514.4,10157,6862.1,3788.4,6141.5,11217,11000,10652,10938,11402,10949,9463.6,10524,6869.7,12784,5873.6,14861,12747,9802.1,9836.1,10720,8044.2,6213.9,8315.8,9248.1,5129.8,6125.9,9123,9802.8,13237,11528,10701,10666,9870.6,10455,10021,9709.6,14786,12242,15429,14894,14044,13585,12057,9636.5,11150,10589,10816,9579.3,10533,6218.9,3818.5,7656.5,11282,10629,12164,11181,11075,10855,10092,10469,7131.2,12622,6138.6,14680,12719,9593.5,9561.6,10209,9400.8,6702.4,8403.5,9100.3,7350.1,6006.8,8808.1,9491.7,13965,12369,11153,12086,11112,12021,10251,9174.9,10987,9859.7,6290.4,8962,11247,9849.3,9659.5,7627.3,11396,10070,6453.2,9113.1,12204,10403,9642.7,7723.5
14130,11721,16117,15706,13566,13263,12251,7966.4,9701.4,8885.1,9484.6,8524.8,10177,6824.6,3781.3,6201.9,11220,10987,10665,10952,11420,10948,9459.9,10549,6857.3,12776,5871.8,14876,12716,9811.6,9841.1,10769,8016.2,6188.8,8361.2,9247.1,5138.7,6159.5,9139.3,9805.1,13257,11532,10718,10668,9931.1,10440,10096,9724.5,14783,12256,15397,14881,14036,13594,12045,9625.3,11254,10592,10791,9527.4,10554,6223.6,3831.7,7675.8,11293,10616,12141,11193,11055,10856,10085,10459,7104.9,12627,6132.1,14708,12743,9616.6,9572.5,10246,9441,6692.3,8440.2,9099.4,7391.4,5996.2,8802.5,9465.5,14041,12390,11164,12144,11031,11976,10307,9221.2,10962,9824.1,6349.6,8955.4,11157,9892,9624,7659.4,11374,10053,6388.7,9078.7,12257,10415,9645.2,7713.4
14148,11714,16133,15730,13575,13258,12250,7976.3,9666.3,8833.9,9502.7,8542.4,10174,6881.7,3808.9,6175.5,11217,10995,10661,10952,11433,10961,9462.5,10474,6826.1,12809,5920.4,14887,12755,9795,9844,10699,8016.7,6219.3,8277.4,9230.3,5188.5,6184.6,9119.4,9789.2,13330,11496,10742,10638,9862.5,10460,10012,9707.9,14784,12249,15441,14914,14075,13604,12040,9625.6,11178,10571,10802,9531,10535,6198.9,3821.9,7692.2,11289,10607,12143,11194,11056,10859,10103,10393,7087.4,12602,6205.7,14702,12732,9589.4,9545.8,10215,9408.1,6742.8,8500.4,9080.6,7402.7,5985.5,8837.4,9467.9,14017,12388,11106,12069,11112,11990,10261,9218.7,10990,9861,6358.3,8982.7,11124,9878.5,9637.7,7638,11388,10082,6484.8,9107.8,12287,10363,9629.4,7716
14152,11721,16128,15693,13559,13275,12252,7973.2,9689.5,8857.3,9468.2,8528.2,10182,6852.9,3775.4,6166.5,11218,10995,10671,10955,11441,10953,9473.1,10549,6852.8,12825,5885.1,14860,12729,9801.5,9843.6,10740,8028.2,6202.9,8319.6,9256.5,5140.5,6170.8,9171.5,9810.9,13287,11508,10758,10649,9888.8,10437,10066,9710.7,14786,12268,15411,14905,14062,13568,12028,9640.8,11180,10601,10814,9541.3,10524,6144.1,3843,7714.5,11284,10607,12157,11205,11068,10868,10110,10443,7125,12621,6149.1,14710,12778,9619.8,9576.5,10212,9399.6,6684.7,8390.3,9084.7,7332.3,5987.5,8832.5,9476.8,14042,12374,11121,12078,11086,11960,10218,9191.3,10977,9832,6477.3,8968.8,11186,9893.7,9602.5,7647.1,11382,10053,6444.9,9099.1,12082,10382,9651.6,7737.9
14144,11717,16161,15724,13555,13304,12259,7954.4,9692.5,8843.3,9498.7,8532.8,10175,6822.8,3786.3,6148.4,11219,10996,10703,10976,11430,10961,9486.1,10510,6812.5,12828,5910.4,14877,12741,9824,9826.6,10708,8031.1,6208.3,8302.7,9257.6,5118.9,6154.1,9181.8,9820.8,13242,11462,10694,10660,9866.1,10473,10100,9728.6,14781,12291,15427,14921,14052,13642,12041,9632,11213,10596,10826,9518.1,10545,6216.7,3835.5,7723.6,11306,10636,12192,11223,11074,10874,10123,10431,7107.5,12636,6083.5,14724,12734,9600.4,9563.8,10163,9404.8,6682.6,8437.3,9087.1,7401.3,5981.1,8799.7,9480.2,14066,12354,11103,12152,11166,12034,10244,9194.4,10958,9843.9,6281.6,8987.4,11273,9855.4,9590.5,7633.3,11376,10098,6463.7,9098.9,12251,10386,9622.1,7718.2
14138,11717,16139,15738,13588,13307,12236,7952.7,9696.1,8858.1,9540.2,8548.9,10155,6820.4,3785,6138.4,11206,11018,10662,10967,11457,10950,9463.4,10503,6824.9,12814,5892.2,14884,12715,9805.1,9811.7,10724,8029.9,6203.9,8231.6,9241.4,5130.5,6168.3,9152.7,9789.5,13244,11508,10745,10622,9933.9,10426,10086,9700,14795,12299,15437,14915,14100,13625,12036,9647.3,11200,10594,10783,9495,10523,6214.2,3827.2,7673.2,11268,10605,12198,11217,11065,10867,10124,10465,7141.5,12626,6102,14714,12728,9597.8,9542.1,10213,9439.3,6749.9,8399.7,9060.6,7381,5993.8,8831,9499.5,14026,12370,11154,12103,11167,12000,10329,9177.5,10979,9816.5,6293.9,8940.5,11162,9869.1,9625.1,7628.1,11416,10113,6442.8,9064.1,12162,10395,9589.3,7709
14155,11705,16137,15699,13535,13312,12242,7967.4,9668,8870.2,9484,8564.6,10162,6793.3,3778,6168.4,11216,10989,10662,10969,11418,10952,9476,10522,6856.7,12784,5866.6,14873,12688,9783.7,9813.3,10726,8009.3,6212.9,8328.2,9249.6,5142.8,6191,9174.4,9818,13264,11482,10735,10650,9873.1,10457,9985.3,9705.2,14792,12275,15417,14899,14042,13643,12034,9630.8,11247,10603,10822,9532.8,10505,6228.2,3833.1,7709.1,11279,10617,12157,11209,11070,10867,10131,10412,7109.6,12625,6106.4,14731,12745,9595.9,9517.6,10197,9432.6,6701.4,8386.5,9074.6,7431.3,5979.7,8822.7,9481.9,14020,12412,11125,12167,11179,11988,10286,9210.3,11021,9855.1,6362.9,8944.7,11220,9835.5,9593.8,7630.4,11438,10083,6504.8,9096.8,12219,10390,9615.6,7723.4
14142,11706,16150,15696,13587,13270,12253,7977.6,9735.7,8886.4,9475,8541.2,10171,6878.1,3814.1,6168.2,11217,10985,10633,10966,11444,10947,9464,10532,6828,12801,5882.8,14885,12704,9806.6,9821.4,10723,8059,6280.4,8322.5,9248.4,5128,6196.6,9146.3,9812.4,13268,11505,10777,10633,9906.3,10484,10038,9699.1,14787,12255,15401,14893,14047,13620,12018,9646.6,11258,10588,10788,9511,10547,6271.1,3869.4,7677.6,11281,10627,12171,11212,11054,10861,10135,10444,7125.2,12617,6148.2,14737,12711,9585.8,9544.2,10165,9444.8,6636.2,8461.5,9075.8,7451.4,6021.4,8838.9,9470.3,14003,12400,11183,12147,11119,12072,10340,9187.7,10950,9862.4,6377,8966.2,11162,9849.6,9612.7,7643.7,11410,10073,6514.9,9101.1,12190,10427,9621.7,7738.9
14159,11725,16152,15692,13540,13268,12240,7969.6,9695.8,8870.1,9523.9,8546.5,10170,6890.7,3781.6,6160.1,11215,10989,10632,10961,11478,10944,9480.4,10564,6876.9,12766,5890.1,14905,12700,9786.9,9840,10736,8050.8,6237.5,8326.6,9241,5106.8,6171.3,9144,9817.2,13261,11507,10788,10675,9910.3,10483,10146,9719.6,14796,12258,15406,14902,14079,13623,12023,9668,11265,10629,10866,9558.3,10519,6259.6,3848.5,7688.3,11269,10640,12163,11219,11065,10845,10112,10434,7152.5,12616,6101.3,14736,12761,9579.5,9544.9,10205,9449.9,6681.6,8419.3,9108.3,7404.4,6023.9,8840.9,9466.6,14093,12419,11164,12121,11117,12067,10317,9217.4,10994,9894.6,6290.7,8940.6,11197,9921.4,9619.9,7627,11420,10059,6456.8,9078.7,12200,10378,9592.2,7719
14170,11694,16159,15690,13564,13293,12214,7971.1,9705.2,8887.4,9489.7,8560.7,10158,6891,3795.6,6129.9,11202,10968,10613,10952,11438,10953,9480.6,10522,6858.4,12770,5877.9,14873,12693,9748.1,9789.4,10704,8048.4,6182.4,8300.2,9224.6,5135.8,6176.9,9166.2,9820,13212,11513,10777,10672,9891.8,10448,10051,9726.9,14795,12246,15418,14897,14117,13624,12011,9660.7,11207,10645,10830,9533.7,10555,6250,3864.9,7676.9,11262,10612,12173,11231,11045,10853,10131,10428,7067.3,12619,6110.9,14748,12700,9561.6,9522.5,10185,9451.2,6686.3,8450.9,9077.7,7471.6,5953.9,8839.6,9476.3,14038,12403,11158,12092,11126,11982,10277,9236.5,10998,9877.1,6386.1,8948.3,11277,9873.2,9577.1,7643.2,11367,10082,6471.4,9090.9,12145,10433,9619.3,7726.7
14158,11682,16128,15712,13583,13288,12246,7975.7,9724.6,8886.3,9493.3,8552.6,10194,6862.7,3788.9,6146.6,11206,10995,10623,10965,11451,10953,9508,10549,6855.1,12758,5873.7,14875,12684,9765.9,9819.7,10737,8053.1,6210.1,8282.3,9232.3,5147.8,6157.7,9143.3,9838.8,13237,11508,10754,10676,9808.8,10463,10133,9759.4,14780,12238,15413,14901,14079,13605,12013,9655.8,11213,10624,10826,9513.7,10517,6212.6,3849.1,7706.5,11254,10632,12159,11229,11044,10866,10132,10431,7054.9,12630,6024.7,14702,12776,9589.8,9550.5,10224,9407.5,6690.5,8422.9,9101.8,7389.9,5988.2,8839.9,9499.9,13998,12395,11173,12119,11134,12034,10304,9238.1,11009,9861.9,6342.2,8967.9,11241,9814.4,9610.3,7647.7,11416,10092,6460.2,9128.5,12186,10363,9601.4,7733.5
14167,11699,16139,15697,13561,13264,12224,7962.6,9717.2,8872.3,9494.7,8543.7,10167,6822.8,3771.2,6132.2,11194,10998,10626,10981,11447,10962,9503.6,10571,6865,12786,5866.4,14897,12700,9774,9843.4,10694,8058.3,6213.4,8285.7,9252.9,5137.4,6160.5,9131.2,9830,13306,11507,10735,10687,9908.1,10453,10036,9778.1,14778,12276,15397,14898,14074,13591,12006,9662.9,11176,10622,10844,9521.3,10538,6189.7,3809.9,7674.2,11251,10612,12183,11235,11065,10875,10140,10463,7057.7,12612,6075.5,14703,12727,9578,9573.2,10204,9398.3,6659.1,8371.4,9119.3,7360.8,5974.1,8815.7,9501.6,14061,12394,11134,12064,11152,12008,10305,9223.7,10989,9899,6302.5,8978.6,11234,9900.8,9591.5,7622.7,11400,10105,6424,9078.4,12116,10386,9576.6,7716.5
14155,11694,16140,15689,13527,13221,12245,7962.8,9737.6,8854.5,9497.6,8553.8,10167,6879.8,3797.2,6129.9,11205,10974,10597,10978,11452,10955,9499.8,10558,6879.7,12744,5856.4,14890,12674,9764.6,9827.7,10744,8027.5,6169.6,8288.3,9243.4,5118.6,6169.7,9143.6,9832.4,13258,11516,10768,10676,9929.3,10476,10079,9770.5,14771,12243,15421,14886,14117,13601,12011,9654.3,11217,10619,10836,9546.8,10534,6203.8,3827.8,7682.5,11271,10635,12174,11233,11061,10873,10153,10398,7067.4,12585,6084.4,14719,12722,9567.7,9559.8,10190,9430.2,6686.3,8418.1,9096,7350.5,5960.4,8839,9487.4,14017,12372,11150,12129,11140,12056,10323,9246.2,11000,9832.1,6411.1,8959.6,11163,9891.5,9608.2,7644.6,11403,10097,6426,9074.5,12120,10379,9610.6,7726.6
14144,11680,16128,15697,13555,13278,12250,7965.1,9684.1,8853.9,9480.8,8536.4,10156,6905.1,3807.1,6116.1,11209,10978,10611,10966,11423,10947,9487.7,10565,6847.8,12746,5822.4,14851,12685,9776.1,9825.8,10716,8006.9,6208.9,8309.5,9239.7,5095.7,6160.2,9113.6,9813.3,13298,11521,10782,10645,9975.4,10492,10064,9776.1,14781,12254,15407,14881,14066,13581,12007,9641.1,11124,10596,10871,9523.9,10541,6158.4,3828.6,7672.1,11249,10642,12164,11230,11054,10865,10136,10411,7041.2,12623,6117.7,14759,12755,9576.1,9554,10232,9446,6678.9,8473.3,9107.8,7357.3,6017.8,8844,9510.8,14052,12391,11171,12110,11135,11967,10316,9232.2,10958,9842.8,6316.2,8953,11083,9849,9589.4,7638.7,11440,10094,6510.3,9092.6,12109,10393,9605.9,7734.8
14153,11737,16121,15701,13519,13236,12233,7949.5,9719.1,8865.1,9521.1,8529.4,10151,6844.1,3766,6111.2,11196,10976,10588,10975,11423,10941,9484.7,10543,6822.7,12784,5808.1,14881,12687,9773.7,9830.1,10740,7996.7,6213.8,8313.4,9264.3,5119.4,6166.8,9139.2,9818.8,13286,11505,10810,10684,9875,10458,10078,9779.7,14782,12257,15433,14892,14033,13598,12022,9635.8,11182,10604,10836,9512.7,10512,6198.9,3831.2,7663.9,11241,10629,12183,11217,11067,10865,10145,10457,7075.9,12616,6064.2,14730,12748,9589.2,9558.7,10199,9393.4,6686.7,8453.9,9123.1,7339.1,5964.4,8840.3,9517.5,14024,12394,11210,12117,11108,12024,10328,9224.7,11053,9831.4,6433.5,8968,11110,9836.9,9591.1,7624.4,11390,10135,6480.7,9085.4,12214,10316,9564.5,7719
14158,11722,16135,15677,13545,13237,12227,7970.2,9674.4,8838.7,9510,8552.1,10164,6904,3761.5,6135.4,11179,10961,10598,11000,11433,10928,9485.3,10556,6877.4,12769,5832.2,14877,12658,9742.2,9802.8,10719,8078.3,6191.2,8297,9257.6,5152,6149.3,9137.2,9835.2,13278,11528,10814,10703,9892.1,10454,10142,9784.7,14787,12284,15438,14888,14089,13627,12030,9633.1,11218,10630,10822,9521.6,10527,6289.7,3840.3,7621.9,11245,10615,12172,11249,11094,10860,10143,10455,7092.3,12605,6084.5,14768,12749,9574.5,9559.8,10198,9398.9,6695.7,8406.7,9123.6,7358.2,5985.3,8814.1,9508.1,14011,12393,11219,12112,11162,11968,10310,9246.6,11053,9857.5,6327.9,8961,11136,9873.5,9583.8,7627.5,11424,10092,6515.5,9074.4,12027,10415,9610,7711.4
14172,11704,16132,15667,13563,13272,12219,7975.3,9681.6,8892,9503,8536,10190,6884.2,3800.8,6111.1,11171,10950,10601,10997,11429,10920,9495.4,10551,6871.3,12751,5904.5,14879,12745,9761.8,9825.1,10695,8067.9,6252.7,8332.9,9248.6,5165.4,6145,9154.3,9807.4,13233,11512,10788,10689,9918.8,10494,10095,9778.8,14800,12237,15439,14885,14098,13626,12010,9644.6,11200,10614,10797,9526.6,10540,6241.5,3822.9,7650.3,11229,10609,12192,11257,11086,10839,10142,10446,7039.9,12631,6051.7,14752,12728,9576.8,9568,10205,9423.1,6710.2,8428.6,9102.8,7413.9,5993.7,8819.7,9515.7,14033,12375,11173,12187,11199,12004,10295,9238.6,11056,9848.9,6430.3,8928.2,11258,9874.1,9576.8,7645.1,11437,10077,6467.5,9115.4,12056,10392,9619.2,7733.1
14192,11712,16139,15681,13542,13249,12198,7957.6,9693.4,8869.8,9469.5,8522.8,10161,6888.7,3790.6,6114.3,11151,10948,10581,10970,11458,10902,9480.3,10509,6831.7,12735,5892.7,14891,12732,9769.6,9809.6,10707,8055.4,6196.4,8279.4,9235,5191.5,6138.8,9150.8,9806.9,13254,11547,10775,10676,9883.5,10473,10026,9752.7,14800,12284,15439,14872,14099,13641,12001,9632.1,11191,10615,10853,9532.6,10545,6220.1,3843.5,7631.6,11209,10606,12172,11240,11107,10837,10143,10433,7062.6,12612,6049.4,14728,12744,9569.2,9586.8,10201,9407.9,6697.9,8449.1,9097.4,7403.3,5965.3,8835.4,9489.6,14052,12378,11172,12107,11153,11978,10279,9214.9,11046,9861.4,6321.8,8952.3,11218,9871.1,9612.8,7642.2,11491,10083,6444.3,9114.3,12193,10389,9614.1,7713.3
14162,11727,16144,15670,13567,13256,12217,7950.1,9687.9,8860.8,9435,8533.5,10163,6885.9,3775.1,6087.1,11152,10952,10602,11013,11458,10908,9478,10580,6833.1,12802,5866.5,14899,12718,9755.5,9831.6,10745,8023.9,6185.6,8223.6,9244.6,5126.3,6147.7,9157.4,9832.4,13282,11497,10796,10683,9805.1,10410,10094,9766.5,14786,12281,15434,14881,14058,13611,12011,9627.5,11162,10597,10804,9532.7,10547,6243.7,3800.3,7640.2,11234,10639,12206,11248,11091,10841,10126,10456,7057.9,12611,6011.8,14754,12768,9593,9599.5,10228,9401.6,6668.3,8370.1,9093.2,7339.5,6001.3,8846.6,9492.8,13959,12383,11171,12172,11186,12009,10287,9236.2,11019,9863.5,6381.4,8975.9,11129,9888.8,9614.7,7643.5,11407,10076,6444.2,9073,12196,10337,9585.4,7711.2
14155,11694,16167,15684,13551,13255,12236,7956.6,9681,8838.8,9483.6,8539.7,10155,6873.6,3781,6094.1,11160,10949,10568,10992,11436,10916,9485,10555,6877.7,12799,5854.8,14886,12731,9790.1,9839.5,10736,8012.7,6223.4,8255.3,9215.1,5149.5,6167.1,9136.2,9799.2,13284,11503,10820,10726,9882.5,10446,10019,9769.2,14774,12246,15457,14883,14057,13605,12023,9634.5,11183,10574,10810,9534.3,10522,6226.6,3807,7643.3,11227,10596,12174,11234,11109,10837,10127,10441,7030,12643,6077,14736,12760,9573.9,9589.1,10216,9395.9,6641.2,8366.7,9080.2,7345.8,5991.9,8798,9494.5,14061,12366,11144,12123,11194,11973,10332,9249.3,10989,9848.6,6369.9,8941.5,11162,9849.2,9592.8,7645,11499,10083,6521.6,9097.3,12083,10387,9587.8,7700.1
14148,11671,16165,15669,13532,13269,12224,7947.5,9659.5,8898.5,9446.9,8532.8,10175,6881.1,3737.8,6103.1,11153,10942,10585,11006,11467,10902,9480.5,10556,6773.8,12807,5844.3,14896,12707,9800.3,9851.2,10716,8005.5,6198.8,8314.3,9237.7,5108.3,6144.7,9120.7,9811.3,13331,11534,10823,10656,9892.2,10459,10134,9768.6,14770,12282,15446,14860,14039,13600,12028,9629.9,11231,10619,10801,9512.5,10544,6213.2,3814.4,7621.1,11224,10613,12181,11280,11123,10836,10132,10439,6995.8,12668,6034.2,14715,12753,9583.1,9588.8,10240,9361.2,6639.9,8447.7,9116.2,7331.2,5963.9,8828.3,9487.1,14057,12377,11178,12124,11187,12019,10316,9233.6,10977,9854.2,6400.3,8961.5,11184,9862.9,9631.4,7634.3,11443,10060,6381.3,9091.2,12204,10382,9609.6,7739.1
14149,11692,16133,15670,13576,13262,12222,7939.6,9668.9,8873.9,9461.4,8503.7,10162,6841.4,3763.6,6103.4,11159,10951,10592,11047,11450,10905,9484.6,10600,6812.1,12810,5822.5,14885,12744,9793.9,9826.8,10730,7975.1,6184.9,8261.8,9239.1,5108.8,6133.9,9157.6,9826.3,13324,11534,10886,10632,9907.3,10453,10072,9770.1,14766,12276,15432,14857,14016,13634,12036,9625.3,11141,10625,10768,9521.7,10536,6219.4,3809.5,7644,11226,10605,12232,11285,11102,10831,10126,10469,6947.9,12700,5967.3,14716,12753,9583.6,9611,10245,9366.9,6666.1,8372.1,9102.8,7310.9,5974.3,8837.1,9485.7,14085,12419,11177,12151,11254,11981,10356,9269.8,11066,9884.8,6374.7,8956.9,11224,9847.2,9563.6,7641.6,11445,10156,6516.3,9128.6,12212,10406,9576.2,7706.7
14133,11700,16132,15691,13556,13263,12260,7957.4,9685.2,8878.8,9438.7,8515.6,10177,6852.5,3783.5,6118.1,11186,10964,10608,11042,11426,10900,9467.6,10567,6795.7,12812,5859,14859,12728,9814.2,9825.4,10741,7963.9,6181,8236.8,9272.4,5126,6147,9153.9,9825.1,13336,11545,10846,10691,9906.3,10487,10140,9764.2,14748,12302,15445,14883,14028,13645,12045,9632.4,11215,10598,10729,9493.3,10537,6171.7,3804.7,7642.7,11252,10617,12230,11296,11107,10835,10126,10489,6974.9,12693,6036.3,14695,12743,9575.6,9583.8,10256,9357.4,6660.4,8383.9,9087,7340.2,5942.8,8808.1,9485.4,14114,12444,11212,12130,11148,12017,10366,9232.7,11055,9897.3,6340.1,8959.6,11137,9876.1,9602.5,7625.2,11370,10156,6505.3,9094.4,12204,10403,9570.6,7709.2
14101,11721,16108,15693,13521,13249,12252,7959.3,9704.5,8855.6,9427.6,8518.1,10182,6817.9,3780.9,6131.5,11170,10969,10635,11044,11438,10898,9488.8,10600,6806.4,12837,5880,14835,12732,9780.9,9816.6,10797,7940.2,6162.4,8269,9233.5,5120.8,6156.7,9131.6,9829.3,13316,11519,10837,10719,9890.8,10465,10080,9761.5,14750,12310,15426,14879,14023,13641,12065,9641.8,11142,10602,10744,9495.9,10550,6193.8,3824.6,7657.1,11231,10656,12211,11302,11135,10856,10141,10463,6979.9,12682,6033.5,14684,12769,9583.5,9612.6,10265,9360.3,6638.9,8408.4,9078.3,7357.3,5981.3,8858.1,9495.8,14194,12423,11175,12174,11144,12011,10351,9262.8,10983,9868.9,6329.4,8937.6,11339,9862.7,9651.3,7632.5,11393,10090,6507,9076.9,12232,10395,9601.7,7710.5
14122,11749,16128,15706,13531,13242,12249,7964.2,9726.9,8854,9443.1,8516,10207,6809.4,3796.8,6129.9,11169,10966,10638,11044,11450,10893,9478,10583,6760.8,12836,5816.2,14827,12719,9784.8,9822.8,10746,7981.9,6166.6,8284.3,9246.6,5108,6163.4,9123.1,9808.2,13386,11562,10817,10703,9923.4,10483,10080,9746,14784,12317,15437,14890,14095,13638,12049,9641.8,11223,10586,10823,9521.1,10527,6216.9,3849,7661.5,11246,10646,12264,11327,11106,10829,10131,10469,6955.7,12713,5989.1,14730,12820,9606.4,9602.1,10240,9379.1,6620.3,8437.8,9103.5,7317.5,5989.7,8840.2,9503.1,14167,12434,11175,12133,11189,12031,10362,9237.3,11031,9846.1,6320.4,8947.3,11268,9927.6,9597.3,7645.6,11424,10101,6549.1,9104.4,12192,10346,9579.1,7727
14100,11739,16128,15683,13530,13258,12251,7954.8,9726,8846.7,9449.7,8493.4,10183,6826.8,3769,6099,11173,11006,10642,11078,11445,10903,9487.9,10603,6779.3,12832,5786.1,14851,12789,9776.8,9832.3,10779,7955,6178.4,8311.4,9249.8,5123,6164.9,9138.3,9824.1,13369,11564,10826,10719,9880.2,10479,10083,9753.7,14770,12271,15426,14900,14075,13633,12056,9634.7,11160,10607,10746,9545.8,10547,6187.8,3835.2,7674.7,11252,10636,12270,11318,11140,10842,10123,10485,7006.1,12724,5991.1,14733,12753,9603.6,9604.3,10268,9378.5,6645.4,8335.9,9115,7375.9,6001.7,8831.3,9507.7,14100,12445,11196,12175,11148,11996,10358,9229.1,11056,9880.2,6363.4,8948.8,11289,9893.9,9613.3,7638.9,11392,10126,6431.4,9104.4,12176,10398,9588,7706.1
14107,11758,16108,15694,13588,13257,12251,7941.6,9696.4,8882.2,9472.6,8507.5,10236,6828.3,3780.6,6142.1,11166,11024,10649,11092,11461,10900,9488.7,10622,6780.3,12835,5818,14786,12754,9774.9,9829.3,10844,7983,6245.4,8245.2,9260.6,5142.3,6153.9,9172.1,9820,13315,11540,10841,10704,9875.2,10444,10171,9761.1,14774,12302,15429,14895,14053,13646,12073,9640.8,11160,10599,10740,9509.3,10536,6250.2,3844.5,7679.1,11239,10654,12248,11323,11132,10849,10131,10498,7017.3,12718,6054.8,14706,12815,9609.2,9607.8,10298,9400.9,6683.4,8419,9098.6,7373.7,6000.7,8823.6,9514.9,14162,12440,11159,12172,11157,12085,10344,9246.4,10993,9859.5,6314.1,8958.3,11183,9928.9,9645.1,7630.9,11410,10084,6423.2,9092.3,12153,10422,9592.5,7706.4
14098,11713,16087,15700,13587,13250,12248,7950.3,9689,8891.3,9443.6,8524.6,10204,6849,3800,6142.4,11185,11002,10672,11090,11461,10903,9492.2,10644,6755.4,12817,5837.5,14810,12762,9812.5,9814.8,10802,8007.8,6210.2,8244.7,9246,5134.2,6157.5,9146.2,9837.7,13313,11510,10844,10699,9957.4,10426,10017,9770.3,14780,12284,15433,14894,14099,13641,12068,9637.7,11194,10613,10692,9503,10514,6203.6,3825.8,7658.5,11228,10633,12233,11310,11134,10851,10133,10500,6983.6,12693,5978,14738,12797,9643.7,9584.8,10278,9401.5,6670.9,8361.1,9128.8,7357.1,5962.8,8812.6,9523.7,14127,12430,11213,12211,11117,12092,10364,9224.3,10976,9824.6,6338.6,8984,11186,9880.9,9609.1,7614.4,11405,10085,6419.1,9129.5,12154,10377,9617.4,7704.4
14107,11723,16110,15690,13577,13296,12253,7934.8,9667.3,8872.1,9455.4,8505.8,10238,6855.9,3786.3,6134.1,11165,10997,10655,11100,11445,10910,9488.4,10631,6795.8,12834,5856.4,14838,12767,9790.1,9814,10781,7974.6,6183.9,8258.4,9243.6,5135.9,6146.8,9134.9,9829.8,13349,11562,10880,10711,9898.4,10442,10187,9755.7,14785,12270,15436,14913,14122,13687,12068,9617.2,11135,10578,10749,9506.9,10503,6213.1,3830.4,7651.2,11239,10632,12263,11326,11140,10856,10128,10519,6978.8,12664,5978.4,14721,12795,9614,9598.7,10306,9380.3,6657.8,8389.7,9113.8,7362.9,5994.9,8836.3,9513.3,14136,12424,11192,12222,11163,12040,10345,9247.9,10946,9864,6345.8,8951.6,11209,9826.2,9570.2,7617.3,11395,10083,6456.2,9131,12233,10352,9625.1,7694
14124,11717,16117,15690,13584,13267,12255,7957.1,9666.9,8887.4,9456.3,8498.1,10213,6877.3,3794.1,6129.6,11173,10984,10659,11053,11471,10901,9477.7,10626,6794,12855,5838.2,14826,12739,9796.1,9809.8,10787,8002.4,6161.6,8301.9,9257.2,5128,6178.8,9139.5,9824.5,13364,11506,10875,10713,9890.7,10520,10028,9759.7,14794,12281,15437,14898,14144,13672,12074,9614.6,11172,10632,10733,9512.9,10512,6220.2,3803.5,7664.1,11242,10638,12229,11304,11131,10851,10127,10511,7000.7,12697,6104.7,14713,12816,9616.4,9616.1,10318,9415.5,6663.1,8373.4,9090.8,7361.5,5987.6,8830.8,9513.8,14157,12473,11173,12113,11160,12023,10317,9259.8,10939,9802.7,6308.4,8964.4,11148,9841.9,9575.8,7640.7,11376,10044,6584,9078.5,12120,10371,9598.1,7704.8
14132,11722,16131,15690,13549,13277,12258,7948.8,9704.1,8840.2,9447.5,8525,10212,6893.5,3803.9,6123.7,11168,10999,10662,11082,11452,10920,9498.4,10605,6767.1,12836,5829.5,14853,12759,9822.9,9811.7,10798,8009.4,6169.3,8253.1,9237.2,5149.5,6150.3,9156.4,9823.4,13303,11499,10882,10705,9886.5,10461,10096,9773.7,14811,12292,15449,14903,14114,13649,12072,9610.9,11196,10586,10702,9531.9,10507,6245.1,3840.2,7658.9,11212,10636,12213,11309,11142,10852,10142,10482,7019.5,12708,6000.5,14733,12789,9608.1,9610.8,10274,9418.9,6688.2,8322.7,9092.1,7317.7,5983.5,8812.3,9528.4,14116,12445,11150,12135,11183,12018,10365,9279.5,10955,9796.6,6264.2,8945.5,11149,9829.1,9600.7,7629.2,11367,10027,6461.7,9091.5,12139,10331,9575.5,7719.7
14133,11725,16150,15714,13600,13320,12248,7943.8,9642,8845.7,9427.4,8518.8,10227,6824.8,3769.3,6121.3,11142,11028,10679,11070,11462,10926,9496.7,10603,6722.5,12840,5760.7,14842,12768,9814.6,9810,10782,8000.1,6189.2,8250.7,9243.5,5179.1,6154.9,9132.2,9831.1,13366,11499,10812,10677,9905.8,10488,10153,9785.5,14814,12258,15447,14899,14091,13662,12064,9619.7,11217,10558,10764,9517,10517,6218.6,3853.7,7656,11210,10632,12202,11331,11168,10858,10160,10484,6970.2,12706,5998.4,14718,12797,9618.6,9604.5,10276,9398.4,6636.1,8411.8,9111.9,7343.7,5972.2,8813.2,9534,14136,12426,11154,12106,11153,12028,10320,9261.6,10901,9882.1,6339.4,8980.1,11098,9815,9593.5,7627.3,11298,10045,6499.1,9078.8,12250,10315,9587.7,7721.8
14138,11718,16153,15726,13598,13297,12256,7947.1,9701.2,8886.3,9414.2,8517.3,10198,6846.3,3780.2,6135.8,11152,11004,10637,11080,11485,10931,9491.8,10627,6711.2,12834,5767.9,14841,12739,9826.5,9806.9,10778,8011.3,6197,8253.3,9233.4,5136.1,6116.8,9117,9829.3,13336,11487,10836,10711,9908.8,10464,10078,9803.9,14823,12263,15458,14909,14111,13652,12062,9614.6,11143,10562,10793,9528.8,10524,6268.2,3841.3,7665.5,11210,10629,12200,11305,11151,10861,10145,10504,6965.6,12701,6023.1,14691,12783,9635.1,9599.2,10230,9389.8,6626.8,8400.8,9128,7304.7,5957.2,8806.2,9530.5,14173,12389,11156,12143,11201,12055,10316,9268.9,10949,9840.5,6313.9,8956.3,10998,9850.8,9556.5,7642.1,11302,10092,6491.5,9091.2,12165,10273,9549.3,7708.1
14133,11717,16152,15705,13578,13270,12248,7958.8,9685.7,8846.5,9385.9,8548.2,10173,6873.9,3785.9,6133.1,11167,11026,10613,11030,11478,10932,9491.9,10561,6755.8,12823,5822.9,14837,12741,9812.7,9797.6,10736,7995.9,6197.4,8273,9236.7,5117.8,6176.7,9120.9,9818.1,13303,11537,10830,10743,9937.7,10543,9988.3,9782.3,14820,12280,15487,14931,14102,13650,12078,9620.8,11113,10584,10800,9544.2,10496,6283.8,3820.1,7651.1,11224,10635,12211,11328,11178,10847,10129,10478,7024.4,12687,6043.1,14708,12781,9640.2,9562.2,10245,9356.4,6684.9,8356.6,9086.7,7310.5,5984.7,8788.6,9523.8,14157,12402,11171,12138,11176,12012,10272,9276.4,10931,9829,6368.9,8937.3,11252,9888.7,9616.3,7648.3,11354,10065,6487.6,9094.9,12044,10316,9579,7705
14138,11695,16140,15701,13617,13307,12238,7934.3,9683.6,8862.5,9452.1,8510.3,10183,6877.1,3795.8,6129.3,11160,11012,10643,11084,11481,10922,9489.6,10583,6771.5,12829,5874.1,14859,12730,9810.3,9809.1,10783,8014.2,6178.6,8262.6,9220.4,5149,6151,9129.6,9839.1,13321,11496,10763,10677,9895.4,10473,10012,9781,14835,12283,15454,14916,14088,13691,12075,9632.4,11168,10608,10804,9516.9,10497,6249.8,3824,7647.1,11219,10621,12195,11298,11161,10856,10151,10494,6985.4,12663,5928.8,14739,12775,9636.5,9590.8,10228,9371.7,6621.9,8429.5,9094.1,7310.7,6007.5,8815.4,9528.7,14049,12444,11195,12104,11171,12080,10341,9261.3,10883,9846.4,6388.3,8973.7,11079,9862.4,9571.9,7626.8,11326,10062,6449.9,9080.4,11954,10334,9593.4,7728
14148,11705,16147,15717,13593,13294,12241,7939.3,9662.6,8862.2,9436.1,8514.7,10199,6865.6,3795.3,6124,11154,10987,10667,11067,11469,10926,9501.1,10542,6744.8,12837,5776,14868,12712,9797.5,9809.1,10761,8006.6,6179.6,8216.4,9216.1,5125.4,6147.9,9130.6,9821.7,13317,11469,10846,10694,9907.7,10477,9994.9,9785,14826,12296,15459,14926,14146,13663,12062,9609.9,11187,10609,10793,9510.2,10524,6262.3,3862.6,7645.9,11227,10595,12212,11325,11198,10865,10140,10481,7018.9,12677,6042.3,14737,12753,9640.1,9586.3,10250,9398.1,6636.6,8445.5,9096.1,7369.8,5988,8809.5,9515.4,14175,12406,11202,12145,11178,12010,10307,9280.7,10878,9820.4,6213.8,8955.7,11112,9779.1,9611.1,7631.9,11304,10020,6489.9,9091.7,12010,10309,9570.2,7717.2
14136,11724,16152,15710,13582,13283,12258,7946.3,9683.3,8856.6,9392.8,8541.1,10202,6896.6,3808.9,6151.4,11164,10995,10628,11057,11480,10926,9482.1,10582,6720.1,12852,5819.7,14876,12774,9839.9,9792.4,10752,7998.7,6184.2,8267.3,9222.3,5117.1,6159.4,9147.5,9827.1,13369,11504,10841,10710,9924,10452,10055,9813.8,14825,12271,15457,14917,14078,13695,12073,9600.6,11074,10602,10782,9529.7,10530,6288.1,3861.4,7654.4,11218,10582,12145,11306,11179,10846,10143,10467,7038.7,12696,6028.6,14710,12753,9633.9,9596.9,10245,9387.1,6610.5,8404,9105,7359.2,6034.8,8839.7,9532.7,14136,12397,11144,12104,11152,12065,10296,9274.3,10860,9809.3,6350.1,8940.3,11131,9806.4,9609.3,7635.7,11345,10055,6505.5,9075.5,12040,10310,9588.7,7728
14162,11732,16152,15711,13635,13279,12260,7961.9,9699.9,8854.1,9461,8550.1,10208,6898.6,3802.3,6141.3,11166,10970,10624,11059,11505,10924,9495.4,10540,6776.1,12803,5818.2,14856,12732,9837.4,9807.5,10772,8045.5,6158.4,8288.5,9235.9,5095.9,6158.8,9145.2,9819.1,13343,11524,10791,10733,9912.4,10439,10088,9793.3,14839,12296,15457,14908,14122,13641,12069,9639.9,11175,10617,10762,9540.7,10541,6254.1,3851.1,7637.5,11222,10594,12159,11307,11189,10850,10153,10480,7041,12696,6078.6,14752,12763,9661.7,9578.2,10252,9416.1,6611.5,8465.1,9088.1,7369.4,6011.7,8810.1,9543.4,14111,12397,11176,12139,11176,12033,10292,9279.2,10867,9815.3,6345.6,8988.3,11154,9771.1,9603.7,7651.8,11266,10043,6491.4,9079.7,11974,10375,9578.6,7706.8
14159,11719,16169,15718,13628,13276,12268,7953.8,9714.7,8835.9,9439.7,8541.4,10172,6869.9,3784.9,6128.8,11158,10983,10622,11049,11494,10934,9483.9,10555,6805.6,12823,5857.7,14835,12728,9825.6,9802.6,10720,8018.8,6220.7,8251.2,9259.8,5093.8,6143.6,9129.9,9836.7,13369,11493,10812,10680,9891.6,10468,10124,9794.6,14823,12277,15460,14931,14123,13635,12074,9647.6,11161,10624,10780,9537.6,10559,6292.5,3812.8,7621.7,11232,10590,12150,11287,11179,10856,10161,10479,7028.7,12687,6047.6,14723,12735,9645.2,9578.3,10227,9384,6623.8,8420.2,9093.1,7386.1,6023.7,8814.1,9534.5,14111,12383,11150,12142,11145,11997,10338,9284.1,10893,9811,6410.5,8979.8,11042,9758.5,9619.5,7603.3,11278,10041,6454.8,9065.3,12110,10262,9569.1,7699.4
14157,11726,16161,15714,13580,13290,12265,7964.3,9710.2,8852.4,9450.7,8531,10197,6853.6,3759.9,6146.6,11173,10998,10614,11064,11513,10947,9505.3,10582,6716.7,12861,5795.4,14834,12703,9862.5,9809.7,10760,8012.3,6163.7,8251.7,9238.4,5118.3,6155.1,9164.9,9839.7,13290,11528,10762,10678,9907.5,10443,10105,9792.7,14811,12261,15444,14932,14090,13607,12074,9643.5,11120,10615,10775,9520.5,10531,6261.1,3836.3,7651.5,11216,10589,12121,11318,11179,10847,10147,10503,7010.4,12684,6065,14675,12739,9628.8,9608.8,10239,9393.2,6651.9,8469.5,9113.2,7358.5,5964.5,8819,9542.4,14161,12393,11167,12149,11186,12031,10280,9286.3,10887,9817.3,6408.9,8943.7,11114,9769.2,9587.3,7616.4,11325,10047,6433,9061.9,11991,10231,9530.3,7712.7
14150,11712,16155,15722,13632,13302,12268,7965.3,9711.9,8881.1,9463.4,8534.4,10222,6865.7,3814.3,6144.9,11175,11009,10617,11055,11508,10949,9489.8,10574,6739.4,12850,5872.7,14835,12707,9835.6,9810,10777,8056.5,6227.9,8301.8,9229.8,5096.2,6153.6,9150.2,9836.1,13304,11491,10790,10727,9887.1,10446,10104,9794.4,14833,12266,15468,14936,14130,13653,12066,9630.8,11157,10631,10823,9543.4,10541,6223.7,3838.3,7656.7,11213,10571,12119,11299,11187,10851,10153,10473,7013.3,12688,6041.5,14676,12737,9602.8,9580.9,10249,9407.5,6650,8360.6,9112.6,7406.1,5960.6,8813.8,9532.9,14055,12356,11158,12128,11151,12038,10317,9278.1,10849,9783.6,6319.7,8965.5,11056,9777.3,9572.3,7628.9,11281,9991.4,6490.8,9095.7,12114,10293,9576.1,7728.6
14173,11733,16170,15693,13668,13299,12255,7961.5,9697,8872.2,9415.2,8546.4,10221,6918.4,3804.4,6112.3,11159,10994,10625,11039,11492,10925,9471.4,10534,6789.7,12843,5785.6,14840,12709,9822.3,9802.2,10759,8065.2,6211,8242.8,9238.1,5161.2,6158.7,9146.5,9824.1,13303,11481,10809,10688,9908.7,10468,10063,9769.7,14834,12306,15455,14923,14136,13660,12068,9631.6,11178,10621,10825,9548.3,10519,6228.3,3861.4,7630.6,11215,10583,12138,11297,11181,10842,10140,10486,7003.7,12686,6059.5,14688,12756,9648,9576.5,10233,9407.5,6654.3,8460.7,9091,7392.7,5965.7,8814.9,9531.2,14095,12364,11139,12064,11173,12069,10325,9269.7,10927,9832.1,6329.6,8960.8,11141,9780.3,9602.3,7629.5,11393,10044,6506.4,9104.3,12032,10357,9586.9,7713.2
14178,11711,16194,15721,13665,13330,12263,7958.9,9719.8,8885.2,9472.9,8547.6,10234,6891.7,3809.9,6119.1,11146,10982,10606,11049,11516,10940,9482.2,10541,6811.9,12847,5838.1,14825,12729,9835.8,9797.2,10686,8051.4,6199.5,8283,9242.7,5151.8,6153,9133.7,9815.6,13291,11507,10794,10684,9879.3,10489,10031,9772.2,14830,12260,15449,14925,14181,13634,12057,9633.1,11225,10577,10791,9529.8,10532,6272,3846.5,7635.6,11221,10570,12105,11299,11165,10827,10146,10480,7045.5,12670,6066.7,14676,12672,9633.1,9563.7,10197,9381.5,6625.5,8443.2,9095.9,7415.6,5974.6,8820.1,9518.7,14050,12373,11141,12088,11064,11991,10310,9284.8,10889,9801.8,6353.6,8920.4,11190,9838.6,9596.9,7615.1,11273,10036,6516.9,9039.2,12035,10277,9555.6,7706.1
14182,11722,16188,15719,13661,13355,12257,7987.6,9732.1,8842.1,9450.3,8543.9,10233,6879.2,3835.7,6127.2,11152,10957,10587,11049,11522,10939,9489.6,10529,6725.6,12830,5868.4,14857,12710,9839.2,9786.9,10738,8072.8,6207.9,8288.6,9239.9,5142.6,6192.8,9130,9837.2,13299,11488,10804,10698,9921.4,10455,10115,9757.5,14839,12257,15454,14950,14155,13625,12058,9649.7,11166,10587,10800,9536,10537,6270.2,3857.2,7648.3,11214,10544,12137,11282,11181,10836,10137,10418,7022.5,12633,6059.9,14680,12703,9613.4,9564.1,10199,9393.6,6653.6,8369.3,9096.6,7429.3,6006.7,8816.6,9516.5,14072,12374,11182,12067,11180,12005,10254,9268.3,10940,9827.5,6379.3,8969.2,11058,9793,9597.6,7603.1,11317,10039,6542,9076.2,11992,10311,9607.4,7702.3
14186,11685,16161,15705,13662,13341,12250,7966.3,9745.4,8843.4,9456.2,8551.4,10215,6873.1,3810.8,6142.6,11145,10980,10607,11054,11546,10950,9491.6,10568,6762.1,12809,5817.1,14854,12729,9826.1,9800.5,10746,8085.7,6202.8,8276.3,9249,5181,6180.8,9136.5,9841,13279,11454,10767,10677,9929.8,10461,9984.5,9748.6,14827,12262,15433,14933,14107,13636,12055,9672.2,11191,10590,10868,9534.4,10526,6229.4,3831,7650.3,11218,10566,12143,11282,11173,10832,10163,10490,7081.5,12627,6096.3,14680,12752,9629.7,9562.7,10203,9407.9,6657.4,8411.4,9089,7382.6,5957,8802,9534.7,14090,12365,11129,12078,11101,12057,10268,9267.9,10880,9869.5,6262.2,8984.1,11092,9798.3,9592.3,7618.9,11340,10033,6434.8,9077.2,12063,10352,9564.2,7713.4
14162,11699,16158,15736,13666,13320,12238,7965.3,9728.1,8895.9,9402,8554.7,10228,6856.9,3779.4,6154.4,11174,10991,10626,11064,11528,10957,9491.7,10557,6821.6,12771,5834.8,14845,12694,9816.3,9802.7,10744,8047.2,6194.3,8281,9237.6,5131.2,6162.8,9173.4,9809.1,13268,11511,10812,10713,9885.1,10446,10023,9737.7,14818,12263,15439,14943,14133,13670,12059,9651.1,11198,10622,10861,9559.7,10552,6200.7,3848.3,7665.5,11225,10563,12177,11287,11164,10825,10141,10440,7055.9,12639,6069.7,14663,12699,9610.2,9565.2,10210,9404,6627.2,8423.7,9107.3,7343.4,5976.8,8834.2,9518.2,14057,12357,11166,12106,11099,12022,10331,9258.7,10938,9855.7,6348.3,8965.2,10965,9805.2,9649.2,7617.1,11316,10048,6479.8,9084.4,12118,10291,9585.6,7694.4
14172,11719,16180,15719,13711,13349,12246,7985.9,9691.4,8887.1,9444.2,8554.2,10238,6865.2,3807.4,6132.5,11142,10982,10627,11037,11507,10942,9479.6,10557,6833.6,12828,5887.2,14848,12697,9820.2,9804.4,10733,8059.7,6218.4,8278.4,9239.1,5123.1,6160.5,9142.4,9809.7,13307,11499,10807,10681,9885.4,10501,10034,9748.5,14835,12247,15420,14945,14142,13631,12051,9644.1,11225,10593,10832,9555.3,10567,6265.7,3872.1,7664.8,11219,10559,12158,11290,11113,10822,10140,10431,7050.4,12647,6094.9,14660,12729,9621.1,9570.3,10194,9386.3,6663.4,8392.1,9100.8,7403.4,5994.9,8802.9,9504.9,14140,12358,11129,12075,11161,11968,10283,9261.5,10975,9864.8,6364.6,8930.6,11229,9886.6,9589.6,7624.9,11326,10059,6437.1,9048.4,12156,10322,9593.8,7717
14181,11720,16167,15708,13676,13332,12246,7979.9,9675.9,8911.3,9471,8574.7,10247,6867.1,3778.7,6129.4,11161,10989,10611,11053,11521,10954,9486.2,10534,6805.2,12819,5882.1,14865,12722,9830.6,9818.4,10743,8046.6,6203.9,8320.7,9240.2,5122.3,6154,9131.1,9827.4,13267,11543,10837,10724,9887.9,10475,10017,9757.7,14818,12262,15421,14889,14151,13655,12066,9644.3,11197,10618,10852,9555.3,10573,6261.6,3844.9,7654.7,11242,10553,12164,11294,11138,10831,10138,10432,7035.3,12632,6054.9,14676,12731,9620.8,9575.1,10222,9388.7,6666.9,8444.4,9080.4,7415.5,5969.2,8827,9497.8,14064,12375,11192,12155,11080,11985,10279,9255.4,10969,9858.6,6337.4,8966.5,11182,9833.6,9606.3,7621.2,11430,10066,6557,9053.1,11998,10383,9595.8,7711.9
14184,11710,16179,15724,13644,13304,12261,7974.6,9729.9,8893.2,9501,8554.9,10209,6936.9,3804.6,6131.5,11172,11018,10587,11047,11512,10943,9504.6,10522,6785.8,12821,5862.2,14833,12746,9833.7,9809.6,10753,8040,6248,8219.2,9218.2,5204.1,6153,9134.3,9810.5,13336,11498,10797,10707,9921.1,10485,10078,9749.8,14814,12240,15408,14911,14071,13632,12055,9633.7,11279,10611,10811,9531.8,10566,6285.7,3847.3,7660.5,11220,10572,12149,11252,11079,10806,10148,10431,7045.2,12640,6085.3,14678,12752,9626.9,9567.2,10199,9412.9,6697.9,8409.7,9078.4,7421,6001.3,8810.3,9495,13973,12331,11188,12072,11202,12065,10252,9235.2,10970,9865.4,6395.5,8939.1,11165,9816.9,9612,7598,11357,10072,6445.3,9069.5,12155,10397,9601.7,7681.2
14186,11693,16190,15722,13676,13306,12273,7971.5,9704.9,8838.5,9480.6,8540.1,10198,6864,3817.2,6082.7,11177,11010,10600,11033,11490,10955,9509,10482,6837.4,12830,5892.6,14854,12719,9809.9,9802,10742,8004.4,6222,8240.6,9210.1,5145,6170.8,9146.7,9805.1,13275,11511,10813,10722,9893.6,10506,10009,9761.1,14819,12232,15429,14898,14057,13638,12061,9628.4,11232,10612,10802,9531.4,10558,6239.7,3820.1,7661.9,11242,10583,12138,11247,11079,10810,10153,10426,7087.7,12643,6100.3,14696,12724,9603,9547.8,10209,9376.6,6667.2,8384.1,9098,7362.6,5969.6,8803.8,9485,13905,12362,11183,12126,11171,11983,10289,9230.6,10967,9857.6,6289.4,8988.3,11219,9833.3,9603.1,7605.8,11380,10065,6539.6,9094,12086,10375,9617.8,7699.3
14207,11710,16166,15714,13636,13307,12281,7971.9,9658.9,8872.7,9477.9,8554.9,10209,6854.6,3779.2,6113.5,11183,10986,10599,11047,11484,10957,9498.2,10491,6862,12797,5892.8,14860,12726,9786.9,9807.7,10708,8044.9,6187.9,8277.5,9237.9,5148.3,6196.8,9144.2,9811.3,13238,11495,10814,10689,9874.6,10481,10064,9747.1,14820,12244,15425,14912,14050,13638,12078,9634.7,11261,10618,10791,9519.1,10552,6269.7,3831.3,7680.1,11249,10568,12177,11249,11045,10803,10148,10427,7086.9,12664,6092.9,14679,12690,9612.3,9545.4,10193,9376.2,6676.5,8396.1,9095.3,7344,5977.6,8833.3,9496.2,13966,12371,11140,12108,11114,11998,10349,9212.7,11014,9829.9,6291.2,8933.9,11102,9832.6,9630.2,7631.7,11299,10090,6476.7,9052.4,12130,10352,9610,7708.6
14171,11693,16148,15710,13646,13326,12286,7948.4,9687.8,8872.7,9458.6,8549.3,10244,6868,3795.9,6127,11191,11017,10609,11060,11469,10953,9501.8,10509,6839.1,12816,5903.9,14840,12728,9812.3,9815.5,10785,8028,6197.3,8310,9247.5,5171.3,6180.6,9131.9,9822.2,13298,11538,10819,10667,9873.7,10514,10039,9751.9,14791,12276,15398,14891,14014,13612,12076,9638.5,11190,10620,10812,9536.3,10552,6263.9,3835.9,7673.9,11258,10567,12144,11231,11055,10804,10149,10415,7080.8,12690,6110.2,14674,12700,9580.4,9547.5,10264,9391.2,6668.3,8421.6,9095.3,7377.1,6008.6,8823.5,9498.5,14019,12406,11201,12170,11164,11987,10258,9221.3,11003,9848.2,6244.4,8947.7,11182,9859.8,9592.1,7640.7,11345,10061,6540.6,9074.1,12036,10379,9661.1,7705.7
14182,11693,16154,15698,13604,13281,12273,7947.3,9726.1,8905.1,9488.1,8542.4,10209,6876.2,3818.7,6137.1,11212,11009,10595,11058,11478,10943,9504.1,10540,6797.8,12803,5877.4,14858,12717,9845.5,9817.4,10759,8017.4,6199.1,8279.1,9223.3,5138,6179.1,9118.9,9824.1,13271,11529,10849,10702,9906.4,10506,10034,9758,14794,12294,15405,14880,14031,13576,12081,9631,11230,10642,10818,9557.9,10558,6227.4,3846.6,7659.6,11272,10569,12154,11244,11056,10797,10157,10435,7128.4,12671,6095.6,14678,12692,9587.8,9539.2,10232,9413,6660.5,8412.1,9107.4,7360.5,5979,8817.7,9491.2,13995,12420,11202,12153,11120,12022,10295,9216.8,10933,9898.5,6299.8,8946.6,11110,9839.7,9616.8,7616.4,11330,10108,6421.9,9068.2,12133,10356,9655.7,7704.1
14169,11719,16145,15686,13593,13293,12293,7950.6,9704.2,8924.8,9474.7,8542.2,10229,6856.2,3804.4,6149.4,11221,11012,10611,11057,11477,10965,9513.9,10555,6842.1,12846,5819.2,14858,12729,9823,9825,10788,8006.6,6212.1,8291.4,9237.4,5164.2,6154.6,9131.4,9851.8,13289,11541,10850,10737,9902.6,10491,10134,9804.4,14774,12252,15403,14877,14033,13597,12100,9630.7,11202,10641,10814,9532.3,10561,6244.9,3857.8,7672.8,11262,10580,12162,11247,11054,10816,10172,10470,7162.3,12683,6156.8,14712,12735,9562.9,9563.6,10288,9395.3,6693.5,8457.4,9126.5,7316.7,5985.8,8826.2,9505.3,13975,12412,11176,12171,11129,12015,10332,9267.7,10942,9887.4,6310.1,8926,11079,9861.6,9628.2,7638.6,11412,10051,6436.1,9054.6,12067,10411,9631,7719.7
14184,11719,16145,15703,13588,13280,12295,7959.6,9694.4,8869.3,9472.5,8537.1,10215,6915.6,3839.1,6124.6,11224,11023,10601,11046,11469,10961,9488.6,10523,6873.3,12847,5849.5,14822,12714,9835.2,9822.8,10770,7992.4,6205.3,8272,9222.4,5150.5,6175.7,9142.4,9810.2,13206,11540,10858,10702,9887.9,10517,10106,9754.6,14782,12264,15408,14876,14010,13588,12084,9648.5,11282,10638,10762,9525.3,10573,6267.3,3842.3,7668.1,11273,10553,12173,11228,11044,10793,10142,10438,7099.3,12684,6131.3,14705,12695,9562.6,9554.5,10311,9430.6,6615.3,8490.1,9112.1,7391,5997.6,8803.9,9487.8,14017,12408,11159,12128,11202,12043,10315,9242.5,11005,9883.8,6317.4,8948.2,11045,9826.7,9638.4,7610.3,11395,10099,6522.7,9086.9,12205,10394,9617.1,7707.7
14156,11667,16143,15702,13529,13255,12304,7955.6,9709.4,8885.9,9449.3,8545.2,10187,6939.9,3807.3,6128.8,11223,11030,10605,11016,11471,10962,9496.4,10582,6844.1,12834,5900,14862,12756,9833.1,9843.1,10777,8002.9,6172.6,8313.2,9237.8,5140.4,6132,9147.4,9837.7,13236,11546,10855,10765,9945.8,10518,10009,9772.4,14768,12240,15408,14869,13994,13599,12096,9656.7,11276,10638,10789,9535.4,10561,6228,3843.4,7672.1,11287,10560,12162,11225,11040,10810,10130,10488,7148.2,12680,6162.9,14711,12714,9611,9560.5,10295,9408.1,6641.6,8399.1,9092.8,7394.8,5972,8814.5,9506.7,13958,12411,11238,12107,11140,12086,10265,9246.4,10982,9865,6295,8943.4,11084,9829.6,9633.9,7619.2,11384,10070,6476.7,9084.1,12038,10371,9647.2,7700.8
14179,11707,16153,15692,13558,13289,12295,7969.1,9692.1,8886.8,9499.8,8564,10187,6867.1,3813.5,6107.2,11226,10997,10584,11020,11478,10953,9508.2,10559,6919.9,12833,5852.5,14846,12671,9827.9,9815.1,10787,8016.9,6211,8285.7,9254.4,5205.2,6136.8,9133.1,9847.2,13275,11545,10865,10732,9943.5,10512,10096,9783.6,14761,12242,15399,14867,14010,13546,12106,9638.1,11201,10670,10816,9552.7,10576,6245.5,3826.6,7652.4,11283,10583,12148,11216,11075,10811,10152,10482,7176.5,12713,6162.3,14706,12717,9581.1,9531.9,10287,9398.6,6653.9,8419.6,9089.9,7319.6,5986.6,8800,9509.6,14003,12451,11225,12198,11150,12108,10332,9239.1,10958,9860.7,6400.3,8961.7,11153,9821.7,9610.7,7617.5,11271,10080,6511.1,9072.3,12072,10368,9613.1,7684.7
14164,11713,16155,15689,13553,13256,12308,7952.5,9700.4,8894.4,9476.4,8567.1,10219,6851.3,3795.3,6122.3,11235,11000,10566,10997,11450,10941,9490.7,10571,6889.7,12841,5926.8,14820,12679,9828.3,9810.5,10792,8049.5,6167,8304.9,9244.5,5155.7,6126.8,9140.4,9833.2,13284,11567,10880,10700,9954.6,10491,10085,9799.8,14763,12279,15409,14859,14023,13567,12106,9663.2,11217,10654,10855,9543.5,10583,6235.3,3831.3,7635.8,11290,10582,12155,11204,11050,10807,10134,10471,7114.5,12701,6163.7,14688,12721,9568.7,9534,10304,9387.4,6668.1,8464.1,9103.7,7345.7,6009.5,8800.9,9522.4,13914,12474,11229,12189,11173,12081,10305,9249.2,10960,9826.5,6249.1,8961.3,11126,9801.9,9632,7637.5,11355,10087,6497.4,9073.2,12258,10380,9600.4,7683.3
14165,11727,16147,15691,13584,13263,12311,7962.5,9745.6,8910.8,9540.9,8562.1,10221,6895,3774.2,6126.7,11244,10948,10560,11017,11478,10931,9478,10576,6876.2,12861,5927.6,14860,12654,9854,9809.3,10804,8031.1,6188.6,8330.2,9243.7,5155.5,6180.8,9123.6,9817.7,13304,11581,10854,10729,9956,10499,10127,9774.2,14763,12248,15412,14875,14031,13609,12110,9665.5,11213,10667,10830,9535.4,10559,6242.9,3853.2,7641.2,11307,10603,12166,11239,11070,10806,10116,10504,7164.3,12700,6152.5,14701,12737,9586,9552.5,10300,9406.6,6641.1,8433.9,9120.6,7312.1,5976.1,8785.8,9512.3,14096,12488,11250,12179,11145,12158,10351,9215.1,10995,9859.7,6331.4,8950.1,11190,9806.4,9614.8,7626.4,11337,10097,6445.3,9089.3,12128,10386,9625.2,7686.2
14161,11730,16158,15659,13600,13259,12308,7993.1,9748,8915.5,9541.9,8562.1,10226,6919.7,3785.9,6076.9,11241,10961,10580,10986,11487,10935,9493.5,10590,6884.9,12843,5923.9,14845,12691,9827.9,9794.7,10829,8020.4,6167.2,8312.1,9244.5,5142.9,6149.8,9121.4,9828.4,13282,11540,10881,10721,9904.1,10507,10111,9781.5,14749,12235,15408,14844,14031,13557,12111,9665,11289,10666,10837,9541.6,10596,6233.5,3823.2,7655.8,11304,10562,12161,11220,11061,10812,10114,10507,7114.4,12707,6157.5,14723,12721,9625.8,9534.3,10250,9427.5,6687.3,8479.9,9108.9,7381.5,5961.9,8829.5,9514.4,14018,12458,11208,12189,11184,12090,10318,9251.7,10963,9847.9,6348.1,8923.8,11281,9783.3,9636.8,7617,11295,10109,6508,9058.7,12061,10356,9621.4,7699.8
14167,11707,16166,15669,13577,13286,12309,7992.4,9737.5,8895.3,9490.2,8555.7,10224,6846.3,3795.5,6102.6,11244,10973,10579,11011,11453,10941,9482.2,10601,6863.1,12835,5885.6,14879,12677,9824.8,9814.9,10776,8050.7,6165.2,8342.7,9253.1,5131.1,6120.2,9120.4,9838.1,13307,11549,10830,10726,9886.8,10460,10086,9774.8,14754,12253,15418,14861,14041,13608,12104,9657.1,11271,10617,10856,9555.6,10579,6256.1,3847.2,7650.9,11283,10584,12145,11252,11059,10826,10133,10487,7190.9,12673,6234.6,14699,12723,9589,9560.1,10283,9408.2,6678.2,8490.2,9117.1,7329.3,5992,8829.1,9507.5,13969,12441,11247,12143,11199,12086,10323,9237.6,11014,9858.5,6392.1,8952.5,11070,9852.8,9640.5,7630.6,11362,10053,6467.5,9104.7,12162,10359,9623.2,7708.6
14169,11699,16155,15669,13581,13302,12304,7991.3,9767.1,8855.7,9473,8557.9,10184,6897.1,3790.8,6130.5,11230,10972,10576,10992,11458,10947,9486.1,10587,6853.5,12825,5866.7,14886,12704,9864,9813.7,10815,8054.7,6229.5,8278.5,9259.5,5147.1,6144.4,9106.1,9827.6,13306,11565,10850,10713,9904.7,10496,10103,9797.5,14762,12256,15406,14866,14079,13591,12081,9657.2,11211,10639,10851,9544,10586,6273.2,3851.1,7641.1,11283,10590,12150,11214,11097,10818,10128,10497,7129.4,12661,6159.6,14722,12720,9613.3,9565.6,10293,9395.9,6663.6,8433.1,9118.4,7335.8,5967.2,8783.2,9530.4,14056,12453,11197,12163,11136,12082,10328,9255.9,11014,9835.7,6319.9,8965,11152,9896,9623.9,7628.1,11444,10055,6467.4,9086.7,12114,10269,9595.2,7694.7
14175,11718,16157,15699,13585,13274,12303,7989.2,9750.3,8881.7,9503.5,8532.3,10225,6876.2,3814.7,6116.6,11212,10965,10556,10986,11463,10938,9480.3,10594,6883.4,12801,5869.3,14894,12699,9806.6,9813,10826,8038.8,6215,8279.3,9250.7,5117.6,6137.5,9113.2,9826.6,13228,11511,10829,10727,9970.6,10506,10158,9809.7,14773,12248,15412,14867,14031,13589,12088,9645.9,11290,10628,10814,9544.7,10554,6221.2,3847,7628,11281,10576,12141,11225,11084,10823,10123,10507,7201.6,12663,6171.6,14734,12734,9581.5,9537.7,10256,9424.5,6646,8437.9,9116,7421.9,5949.7,8809.7,9518,13975,12436,11211,12155,11167,12101,10377,9244.4,10975,9843.2,6256.2,8970.2,11185,9887.7,9594.2,7644.7,11373,10094,6468.4,9111.7,12194,10321,9621.1,7710.8
14175,11674,16179,15683,13620,13270,12282,7996.6,9697.1,8897.7,9491.3,8564.7,10212,6859.8,3814.3,6138.3,11203,10961,10560,10970,11431,10933,9495.1,10594,6915.9,12813,5926,14898,12721,9797,9795.3,10795,8057.1,6176.6,8268.6,9221.9,5119.8,6146.8,9138.9,9821.8,13246,11556,10833,10731,9967.9,10492,10179,9800.6,14781,12280,15433,14842,14064,13564,12073,9648.5,11187,10621,10847,9555.7,10519,6272,3832.7,7653.7,11275,10597,12171,11214,11081,10833,10140,10457,7223.3,12693,6181.5,14726,12722,9583.4,9541.2,10278,9400.6,6651.3,8433.9,9116.5,7372.6,5997.9,8808.4,9504.5,14000,12440,11210,12173,11209,12017,10352,9261.3,11005,9818.8,6340.7,8944.1,11190,9804.7,9609.3,7620.7,11426,10090,6492.8,9115.1,12254,10312,9608.5,7733.3
14174,11709,16160,15696,13602,13312,12274,7982.2,9728.5,8853.1,9482.3,8556.3,10209,6860.5,3771.6,6117.9,11203,10930,10541,10972,11454,10932,9488.8,10573,6888.7,12805,5921.1,14863,12686,9801.5,9794.1,10712,8050,6191,8310.5,9237,5136.9,6169.4,9100.1,9819.4,13290,11551,10803,10692,9952.4,10479,10061,9789.6,14760,12258,15424,14852,14042,13577,12057,9658.6,11197,10612,10870,9580,10567,6258.5,3815.5,7639,11269,10581,12124,11173,11081,10816,10121,10458,7138.5,12619,6140.3,14728,12715,9587.1,9535.4,10216,9407.6,6655.9,8442.3,9083.6,7302,5958.7,8793.3,9503.5,13989,12410,11153,12154,11056,12056,10328,9247.9,10979,9848.3,6262.4,8958.4,11196,9805.5,9597.9,7631.4,11419,10103,6494.4,9091.9,12147,10378,9593.1,7743.6
14164,11701,16149,15669,13617,13323,12262,7990.9,9728.1,8885.8,9498.2,8538.4,10213,6898.1,3795.4,6120.5,11194,10928,10549,10971,11461,10899,9477.2,10559,6879.6,12779,5881.3,14869,12703,9780.2,9778.3,10746,8047.5,6150.4,8324.5,9224.4,5106.6,6154,9113.3,9833.9,13257,11516,10821,10695,9959.3,10472,9997.3,9787.1,14768,12264,15397,14876,14061,13575,12053,9640.2,11171,10632,10830,9524.5,10562,6190.6,3850.9,7612.5,11261,10576,12126,11193,11066,10824,10138,10466,7202.9,12649,6150.7,14722,12719,9605.5,9509.8,10252,9407,6627.6,8385.6,9104.8,7370.9,5986.4,8801.9,9516.4,14078,12433,11187,12140,11184,12068,10335,9222.9,10991,9862.8,6357.8,8954.4,11061,9823.7,9592.7,7636.5,11407,10126,6489.1,9084.8,12066,10443,9633.4,7713.9
14165,11692,16165,15667,13565,13281,12263,7997.9,9706,8877.7,9491.2,8550.1,10196,6903.8,3802.5,6098.5,11181,10927,10547,10981,11449,10914,9481.2,10553,6880.5,12788,5873.1,14879,12671,9795.6,9787.2,10717,8022.1,6179.9,8292,9229.5,5151.3,6147.1,9114.8,9833.8,13296,11514,10822,10687,9920,10511,10131,9775.7,14769,12237,15415,14866,14044,13580,12051,9660,11202,10618,10810,9560.8,10552,6254.7,3828,7637.8,11238,10573,12124,11180,11061,10821,10129,10442,7198.4,12656,6190.4,14720,12751,9599.8,9535.3,10244,9438,6633.9,8407.5,9110.4,7375,5983.2,8813.6,9521.2,14002,12368,11226,12086,11163,12019,10299,9254.1,11002,9854.4,6404.4,8971.8,11183,9823.3,9615.3,7640.9,11414,10112,6473,9059.7,12110,10412,9620.5,7715.9
14156,11675,16165,15679,13602,13284,12271,7973.7,9669.6,8882.6,9470.5,8551.9,10192,6851.1,3752.9,6113.2,11185,10951,10563,10982,11446,10923,9477.9,10508,6882.5,12793,5827.3,14866,12692,9792.2,9789.2,10709,8048.7,6203.4,8290.4,9226.3,5120.1,6145.5,9135.4,9855.2,13230,11512,10815,10697,9863.6,10496,10036,9802.5,14773,12239,15405,14868,14021,13579,12057,9652.5,11258,10602,10825,9555.3,10553,6264.3,3832.5,7675.8,11258,10559,12136,11180,11046,10837,10124,10470,7117,12632,6139,14693,12719,9559.5,9535.3,10233,9425.3,6653.7,8452.8,9089.7,7352.3,5961.8,8817.7,9490,14035,12390,11199,12090,11141,11975,10287,9243.5,11006,9893,6387.3,8948.7,11157,9898.4,9638.9,7644.3,11413,10083,6494,9121.4,12157,10367,9592.4,7722.6
14155,11679,16160,15706,13616,13291,12281,7989.9,9725.9,8873.3,9493.5,8550.1,10170,6865.3,3772.5,6099.7,11208,10978,10581,10959,11452,10951,9510.8,10498,6886.1,12787,5890.8,14882,12681,9776.8,9776.9,10745,8042.3,6186.7,8272.3,9236.5,5136.7,6127.5,9125.1,9840.4,13293,11474,10808,10675,9915.5,10491,10035,9781.2,14768,12239,15417,14875,14002,13564,12072,9639.9,11196,10611,10861,9552.2,10550,6251.1,3864.3,7650.8,11247,10588,12141,11190,11078,10842,10156,10454,7164.4,12670,6168.6,14695,12760,9601.4,9521.6,10223,9406,6698.4,8416.6,9098.1,7393.9,5990.3,8805.3,9515.3,14017,12386,11177,12198,11154,12040,10310,9258.5,10974,9847.7,6332.4,8984.8,11254,9819.8,9622,7667.3,11442,10031,6519.7,9087,12147,10296,9627.5,7720.1
14196,11695,16196,15698,13599,13301,12241,7983.5,9705,8849.7,9480,8561.7,10206,6902.8,3795,6117.9,11187,10979,10571,10972,11463,10960,9529.9,10541,6919.1,12781,5945.8,14901,12703,9836.4,9779,10769,8062.3,6188,8241.5,9244.8,5170.7,6145.8,9117.1,9851.5,13240,11516,10808,10669,9870.7,10461,10075,9822,14800,12230,15414,14886,14047,13596,12058,9656,11212,10668,10829,9546.5,10554,6274.5,3858.6,7642.3,11231,10576,12111,11192,11079,10841,10160,10474,7144.4,12643,6152,14736,12767,9593,9498.7,10216,9403,6686.5,8513.6,9099.4,7373.7,5954.7,8822.8,9531.4,14069,12360,11190,12069,11208,12067,10345,9250,11030,9837.5,6217.3,8981,11105,9813.1,9610.9,7631.6,11427,10111,6486.1,9065.4,12092,10352,9586.3,7717.1
14215,11708,16166,15692,13572,13314,12245,7972.6,9660,8871.1,9552.6,8553.4,10163,6854.1,3810,6094,11176,10970,10565,10954,11461,10943,9514.6,10578,6858.1,12791,5910.8,14867,12686,9834,9772.4,10776,8061.1,6206.1,8274.3,9240.3,5132.6,6138.1,9100.7,9864.5,13279,11477,10779,10693,9898.5,10422,10134,9805.6,14789,12232,15427,14871,14082,13591,12032,9651.8,11212,10619,10835,9544.5,10540,6265.4,3853.5,7648.5,11223,10553,12108,11175,11070,10851,10168,10503,7114,12629,6092.5,14738,12753,9567.8,9476.8,10208,9422.3,6639.2,8432.6,9100.7,7402.7,6022.1,8833.7,9525,14128,12390,11145,12171,11136,12039,10289,9256.9,11051,9876.9,6299.9,8951.7,11113,9907.2,9611.5,7623.3,11459,10103,6464.8,9096.9,12033,10363,9604.2,7706.7
14164,11675,16172,15676,13600,13272,12260,7966.7,9707.2,8865.2,9475.4,8553.7,10154,6872.7,3792.3,6082.9,11184,10951,10544,10987,11438,10946,9500.1,10592,6851.7,12790,5887.8,14866,12666,9794.8,9744.3,10745,8022,6176.4,8296.9,9240,5131,6140.6,9106.7,9837.7,13358,11481,10779,10678,9877.3,10452,10069,9808.1,14777,12214,15426,14873,14081,13594,12051,9624.6,11223,10593,10827,9549.5,10549,6249.3,3836.5,7687.5,11232,10577,12146,11202,11054,10861,10174,10502,7147.6,12670,6125.4,14712,12722,9576,9489.9,10187,9352.2,6657.8,8412.7,9116.7,7413.3,5993.5,8830.3,9497.9,14057,12363,11148,12106,11117,12009,10351,9265.1,11064,9826.6,6402.2,8923.6,11195,9892.8,9605.6,7633,11441,10057,6454.1,9067.3,12181,10325,9618.8,7701.8
14184,11696,16170,15710,13591,13282,12244,7981.8,9703.8,8867.8,9442.7,8557,10184,6884.7,3776.6,6101.3,11161,10976,10560,10965,11454,10955,9505.7,10551,6871.1,12797,5899.2,14869,12691,9746.3,9754.4,10763,8042.7,6126.9,8305.5,9234.6,5140,6161.3,9127.8,9836.4,13252,11486,10764,10630,9909.7,10467,10057,9794.5,14787,12212,15423,14889,14084,13573,12054,9629.3,11213,10629,10789,9546.3,10554,6271,3830.9,7650.2,11229,10596,12145,11211,11057,10848,10161,10450,7178.4,12620,6116.6,14732,12652,9552.9,9483.4,10183,9391.6,6642.6,8471,9099.5,7357.4,5974.4,8820.8,9518,14027,12358,11154,12109,11139,12008,10282,9267.1,11017,9849.5,6304.8,8942.4,11224,9854.4,9605.1,7624.4,11405,10102,6477.2,9083.8,12077,10368,9562.6,7683.1
14171,11690,16170,15685,13569,13260,12261,7983,9648.2,8878.9,9455.2,8573.2,10170,6873.8,3779.8,6097.2,11185,10982,10544,10959,11451,10947,9512.3,10543,6897.4,12784,5868.5,14863,12720,9783.6,9759,10760,8068.2,6210.1,8313,9247.7,5129.6,6155.6,9117.1,9838.2,13289,11480,10776,10697,9923.4,10511,10076,9809.6,14773,12234,15441,14878,14071,13593,12035,9666,11189,10615,10812,9540.6,10532,6227.8,3819,7656.6,11248,10589,12124,11179,11064,10864,10182,10451,7144.7,12630,6183.6,14717,12712,9594.5,9465.9,10199,9404.8,6670.5,8444.5,9069.4,7308.8,5993.1,8804.4,9514.3,14072,12364,11174,12050,11145,12021,10318,9294,10970,9840.3,6336.4,8928.8,11207,9811.2,9603.3,7615.4,11444,10089,6476.2,9092.8,12225,10305,9594.2,7714.3
14173,11673,16183,15673,13542,13261,12259,8005.3,9669,8861.5,9523.7,8574,10188,6875.3,3786.4,6127.8,11185,10990,10561,10983,11433,10963,9512.2,10595,6894.7,12799,5862.8,14878,12675,9770.3,9748.4,10727,8043.3,6172,8322.6,9235.4,5144.5,6137,9096,9838.5,13272,11490,10777,10703,9854.3,10489,10005,9822.9,14792,12201,15447,14878,14034,13579,12048,9643.7,11234,10637,10837,9560.4,10553,6252.3,3844.8,7666.6,11246,10638,12156,11200,11073,10883,10177,10483,7150.7,12614,6142.2,14754,12678,9574.3,9494.8,10167,9398.8,6668.8,8400.6,9071.7,7355.9,6010.7,8824,9509.2,14073,12362,11183,12134,11073,11922,10303,9280.1,11026,9833.6,6279.6,8943.1,11228,9822,9598.6,7623.2,11458,10087,6405.9,9075.7,12268,10374,9630.8,7717.3
14162,11693,16170,15681,13557,13300,12246,7981.1,9723.3,8848.4,9460.7,8545.3,10180,6872.4,3805,6109.9,11176,10996,10602,10990,11448,10971,9507.1,10551,6865.5,12787,5901.8,14865,12684,9790,9754.8,10738,8038.7,6193.6,8349.2,9244.5,5159.3,6182.9,9126.8,9852.8,13354,11489,10812,10681,9921.9,10435,10078,9813.2,14817,12239,15426,14882,14049,13610,12046,9644.9,11214,10622,10854,9560.6,10555,6249.3,3858.3,7679.9,11237,10629,12176,11211,11081,10873,10179,10459,7152.2,12630,6096.7,14733,12687,9545.5,9487,10188,9388.1,6650.5,8445.8,9099.4,7339.1,5962.1,8824.8,9514.2,14152,12347,11143,12157,11153,12031,10267,9284.7,11010,9869.6,6291.8,8942.4,11331,9839,9585.5,7632.5,11415,10091,6452.1,9099.8,12172,10371,9602.6,7719
14177,11675,16164,15697,13601,13278,12239,8004.4,9682.2,8900.2,9482.9,8576.1,10201,6851.5,3797,6142,11152,11009,10592,11001,11440,10957,9518.9,10568,6793.2,12736,5898.6,14846,12668,9751.5,9725.7,10708,8049.2,6174.6,8268.2,9262.9,5112.3,6134.5,9135.9,9856.6,13316,11536,10823,10749,9947.5,10450,10099,9804.7,14799,12263,15410,14889,14074,13614,12042,9646,11178,10578,10812,9545.1,10547,6204.2,3832,7674.5,11229,10611,12165,11223,11085,10860,10173,10435,7139.3,12664,6148.7,14712,12698,9558.1,9474.5,10202,9416,6644.3,8379.8,9085.7,7328.4,5953.6,8803.7,9521.7,14031,12395,11105,12123,11063,12008,10275,9262,10992,9863.3,6367.1,8963.5,11196,9807,9606.3,7635.3,11431,10090,6453.4,9106.4,12039,10415,9531.2,7694.2
14173,11671,16167,15699,13611,13283,12231,7994.4,9685.4,8867.1,9481.9,8545.4,10183,6920.6,3802.6,6126.2,11156,10979,10558,10963,11416,10936,9482.9,10558,6819.4,12753,5869.5,14846,12679,9751,9703.1,10707,8062.7,6179.6,8263.8,9239.2,5134.7,6129.9,9118.5,9813.3,13285,11470,10779,10702,9869.5,10473,9951,9790.5,14787,12223,15427,14852,14069,13612,12005,9645.6,11164,10619,10833,9535,10534,6200.9,3835.9,7639.8,11217,10586,12161,11180,11050,10840,10145,10448,7117.2,12609,6151.9,14713,12705,9538.6,9447.4,10129,9405.3,6638,8420.6,9089.3,7365,5974.6,8822.1,9486.7,14012,12391,11145,12094,11094,11983,10318,9258.9,10988,9850.8,6380,8935.4,11131,9850,9587,7649.2,11418,10084,6449,9085.6,12100,10360,9593.1,7701.9
14175,11658,16150,15669,13582,13316,12228,8006.7,9688.7,8878.8,9469.4,8559.5,10192,6945.8,3769.7,6099.1,11141,10975,10558,10948,11450,10930,9494.4,10552,6867.4,12774,5881.5,14832,12678,9773.5,9720,10692,8038.4,6180.3,8286.7,9228.2,5078.8,6174.3,9092.1,9794.2,13273,11501,10779,10677,9856.8,10487,9989.2,9783.2,14807,12270,15409,14862,14088,13570,12009,9661.2,11186,10593,10838,9545.1,10555,6245,3845.2,7638.2,11222,10615,12149,11186,11054,10848,10170,10452,7098.2,12608,6128.2,14686,12677,9548.3,9472,10207,9413.4,6665.2,8370.9,9076.7,7368.8,5949.8,8808.1,9515.1,14015,12340,11131,12093,11099,11970,10232,9253.6,10999,9865.1,6327.8,8947.4,11194,9858.1,9597.6,7664.5,11398,10066,6432.4,9078.5,12135,10310,9593,7711.2
14178,11682,16166,15693,13566,13282,12237,7995.7,9666.6,8839.7,9472.9,8566.2,10220,6896.2,3784.9,6112.1,11155,10987,10558,10975,11475,10946,9485.4,10544,6854.5,12765,5862.9,14851,12700,9784.1,9729.2,10722,8042.5,6155.8,8293.9,9223.1,5089.4,6158.4,9116.5,9811.1,13277,11494,10738,10687,9900.3,10475,10039,9777.3,14790,12245,15405,14878,14051,13582,12027,9643.7,11201,10616,10860,9543.7,10567,6204.1,3818.1,7653.7,11226,10595,12128,11190,11079,10862,10160,10429,7078.9,12619,6081.4,14679,12689,9544.8,9485.8,10181,9421.3,6641.9,8436,9081.1,7356.3,5981.3,8818.8,9505,14076,12340,11154,12132,11132,12025,10301,9265.8,10990,9867.9,6349.1,8959.5,11153,9789.9,9570.5,7645.2,11444,10118,6499.5,9081.1,12144,10377,9579.6,7706.5
14172,11686,16168,15693,13590,13283,12250,7985.8,9737.4,8893,9476.9,8566.8,10219,6886.9,3779,6108.5,11164,11012,10592,10988,11472,10955,9498.7,10576,6853.9,12762,5888.8,14848,12684,9801.7,9751.4,10728,8033.2,6193.5,8277.1,9225.5,5135.2,6129.2,9099.7,9839.5,13293,11510,10768,10648,9849,10463,10005,9820.8,14809,12236,15417,14895,14071,13616,12012,9668.4,11248,10563,10793,9563.1,10536,6228,3839.5,7653.6,11230,10603,12125,11187,11088,10868,10176,10435,7091.5,12645,6130.9,14702,12718,9541.4,9499.5,10209,9386.5,6651,8397.7,9124.7,7350,5988.4,8800.6,9545,14108,12356,11142,12115,11120,11963,10291,9297.3,11050,9858,6355.9,8961.2,11329,9859.9,9594.2,7637,11437,10108,6484,9093.2,12319,10305,9595.7,7696.9
14188,11693,16164,15702,13613,13294,12237,7988.3,9701.5,8829.5,9433.7,8556.1,10194,6821.4,3788.1,6078.1,11155,11014,10563,10984,11459,10951,9479.8,10566,6821,12836,5905.2,14854,12687,9776.6,9778.6,10734,8020.5,6243.7,8246.8,9232.5,5135.8,6125.4,9118.2,9829.8,13261,11501,10731,10694,9864.9,10470,9997.2,9816.5,14826,12257,15440,14895,14070,13623,12014,9656.5,11210,10627,10820,9560,10569,6245.3,3840.2,7649.9,11227,10639,12134,11226,11095,10864,10172,10438,7071.8,12621,6076.4,14715,12688,9552.8,9507,10210,9400.5,6605.3,8319.1,9113,7354.6,5984.2,8833.4,9537,14079,12354,11152,12058,11122,11972,10297,9276.8,11087,9902.2,6346.1,8932.3,11232,9797.2,9586.5,7634.4,11480,10107,6431.2,9067.6,12159,10281,9575.3,7715.9
14175,11675,16141,15686,13580,13301,12216,7985.8,9686.1,8833.3,9441.3,8567.3,10194,6878.6,3810.9,6127.4,11159,10974,10528,10961,11455,10936,9469.4,10541,6829.9,12781,5875.9,14840,12659,9780.5,9763.2,10695,8035.8,6215.7,8284,9233,5101.9,6124.9,9081.7,9822.3,13262,11456,10737,10684,9834.5,10474,9990.5,9777.3,14826,12234,15424,14914,14076,13586,12020,9639.4,11175,10615,10835,9558.6,10525,6215.5,3833.1,7644.6,11218,10614,12139,11204,11077,10848,10154,10447,7080.8,12599,6135.2,14718,12731,9574.7,9496.4,10179,9436.7,6613.6,8396.5,9102.8,7318.9,5979.6,8832.7,9518.4,14092,12354,11165,12131,11104,12013,10333,9256.8,11052,9866.1,6378.4,8927.8,11190,9848.2,9596.1,7644.9,11457,10072,6448.9,9110.9,12245,10341,9575.3,7724.3
14169,11692,16167,15690,13605,13272,12205,7975.9,9692.4,8841.2,9497.5,8553.2,10193,6862.1,3774.6,6086.8,11142,10972,10535,10958,11464,10917,9457,10541,6851.7,12797,5870.7,14835,12691,9791.2,9757.1,10692,8056.2,6204.8,8278.8,9238.8,5101.6,6110.4,9082.3,9812.5,13302,11478,10754,10726,9890.9,10459,10074,9751.5,14810,12268,15410,14902,14121,13630,12004,9629.7,11182,10568,10812,9520.8,10520,6258.4,3839.4,7632.9,11212,10588,12080,11175,11064,10813,10125,10438,7098.4,12588,6105.7,14692,12727,9544.3,9480,10163,9402.9,6668,8408.2,9092.1,7384.4,5987.9,8809.8,9491.8,14079,12342,11068,12137,11058,12003,10308,9247.6,11077,9864.9,6363.1,8941.1,11150,9840.6,9634.3,7619.9,11427,10071,6503.4,9065.9,12211,10377,9576.3,7720.4
14187,11664,16173,15714,13620,13315,12227,7972.9,9670,8868,9489.8,8570.4,10197,6853,3785.9,6079.2,11155,10952,10547,10957,11490,10932,9469.8,10579,6851.8,12800,5879.9,14845,12678,9793.2,9761.1,10678,8046.2,6208.2,8264.3,9253.4,5088.2,6137.5,9110.6,9815.5,13246,11488,10771,10691,9846.5,10454,10135,9789.4,14831,12237,15429,14932,14120,13632,12012,9629.2,11179,10595,10830,9542.5,10514,6231.9,3829.2,7625.6,11228,10607,12103,11185,11095,10843,10125,10481,7128.8,12643,6109.3,14708,12693,9551.8,9477.8,10168,9426.1,6598.1,8373.3,9108,7366.3,5981.4,8802.1,9509.4,14062,12348,11138,12087,11104,11998,10317,9243.3,10992,9879.9,6330.2,8936.9,11192,9945.2,9588,7631.3,11466,10084,6531.3,9090.9,12220,10367,9660.7,7716.1
14181,11679,16180,15726,13598,13290,12236,7985.6,9655.5,8857.5,9441.3,8566.9,10227,6876.7,3787.1,6112.7,11171,10989,10571,10991,11502,10944,9461,10539,6815.8,12785,5869.3,14798,12626,9764.3,9753.2,10707,8056,6173.5,8263.1,9227.8,5098.7,6152.7,9104.3,9830.4,13300,11492,10761,10682,9947.4,10443,10066,9769.3,14817,12246,15423,14924,14098,13601,12008,9629.8,11157,10612,10835,9540.6,10529,6223.6,3818.8,7596.8,11236,10614,12107,11203,11090,10843,10129,10457,7043.3,12610,6067.6,14690,12695,9546,9514.3,10171,9409.1,6660,8391.7,9087.6,7301.1,5967.2,8798.3,9506,14107,12337,11142,12114,11139,12004,10278,9257.3,11009,9885.8,6349.7,8938.1,11266,9838.6,9598.1,7648.8,11427,10090,6490.7,9100.5,12094,10397,9612.4,7704.8
14181,11681,16187,15716,13631,13294,12228,7958,9695,8841.9,9487.8,8574.8,10183,6846.6,3812.3,6093.2,11150,10995,10577,10976,11489,10951,9447.9,10536,6854.3,12793,5883.8,14836,12635,9764.3,9773.4,10668,8035.8,6146.6,8271.4,9225.2,5094.2,6141,9101.5,9794.9,13281,11498,10768,10700,9935.2,10477,10054,9772,14806,12193,15427,14925,14121,13626,11999,9620.3,11166,10614,10764,9538.5,10531,6223.3,3814.7,7629,11248,10581,12122,11184,11089,10853,10119,10404,7071,12595,6061.7,14673,12690,9556.8,9500.7,10142,9379.3,6663.4,8452.4,9096.4,7337.7,5984.5,8796.4,9512,14104,12342,11172,12058,11124,11927,10272,9230.6,11000,9829.1,6387.4,8947,11156,9857.1,9610.8,7641.2,11387,10070,6458.5,9120.4,12178,10420,9630.2,7729.8
14183,11648,16179,15729,13599,13305,12224,7979.6,9656,8840.3,9468.5,8582.6,10208,6896,3803.3,6068.7,11152,10988,10565,10991,11491,10936,9478,10540,6767.5,12827,5824.7,14844,12696,9794.3,9767.9,10640,8037.9,6149,8264.3,9229.8,5098.6,6122.1,9083.6,9843.7,13332,11484,10757,10647,9896.5,10407,10046,9789.4,14817,12257,15439,14923,14110,13581,12022,9634.4,11259,10577,10843,9550.4,10525,6226.6,3837.2,7670.1,11236,10628,12100,11197,11099,10855,10153,10448,7066.3,12628,6120.8,14688,12658,9570.1,9503,10155,9422.8,6665.8,8359.5,9072.4,7331.2,5995.3,8817.7,9502.5,14094,12362,11160,12209,11095,11929,10273,9275.4,10984,9889.6,6440.4,8939.5,11096,9847,9585.6,7635,11382,10110,6474.6,9098.7,12121,10307,9585.5,7712.4
14171,11666,16174,15718,13603,13300,12238,7989.3,9696.1,8841,9492.9,8578.1,10191,6858.6,3807.5,6093.1,11156,10970,10515,10984,11472,10918,9482.3,10575,6853.4,12809,5893.8,14849,12675,9792.8,9756.8,10744,8053.7,6196.4,8297.5,9233.5,5115,6121.7,9097.5,9840.8,13259,11525,10797,10675,9921.3,10461,10060,9785,14815,12274,15434,14926,14102,13607,12004,9635.5,11241,10604,10853,9549.4,10519,6243.9,3834.8,7666.2,11228,10575,12082,11181,11083,10826,10150,10413,7109.5,12617,6058.9,14660,12659,9572,9482,10163,9410.8,6655.7,8393.6,9102,7332.1,5978.1,8820.9,9491.4,14062,12328,11174,12087,11116,11986,10289,9253.2,11005,9844.7,6418.6,8930.2,11153,9897.3,9629.1,7610.1,11416,10081,6415.2,9078.8,11987,10321,9579.4,7689.7
14199,11657,16169,15702,13607,13336,12240,7966.3,9618,8862.1,9455.3,8583.3,10205,6877.5,3786.6,6096,11149,10944,10518,10973,11486,10916,9450.4,10576,6880.3,12796,5875.3,14823,12652,9789.7,9756.1,10685,8073.3,6176.5,8289.8,9234.2,5150,6122.1,9070.8,9840.9,13298,11501,10762,10653,9907.6,10462,10034,9776.7,14813,12224,15423,14915,14132,13619,12003,9636.7,11171,10603,10813,9530.3,10517,6253.9,3831.1,7634.7,11222,10590,12090,11189,11057,10813,10125,10431,7086.2,12645,6103,14662,12651,9573,9460,10166,9396.6,6656.3,8370.9,9079.5,7339.3,5973.2,8824,9514.9,14134,12365,11183,12097,11101,11977,10377,9255.5,11044,9811.6,6350,8929.6,11241,9797.6,9607.3,7623.8,11447,10082,6443.8,9057.9,12227,10384,9596.3,7705.4
14189,11690,16169,15729,13605,13281,12245,7982.7,9713.7,8864.7,9487.1,8559.6,10192,6856.6,3787,6113.7,11140,10946,10523,10971,11471,10917,9466.1,10531,6844.6,12817,5924.2,14862,12645,9775.9,9759,10662,8049.2,6161.1,8273,9227.7,5129.6,6140.2,9068.9,9844.2,13319,11510,10788,10674,9842.9,10478,10004,9764.7,14816,12226,15426,14918,14064,13597,12025,9618.6,11175,10559,10828,9533.8,10494,6246.7,3824.6,7634.4,11219,10567,12105,11170,11053,10825,10114,10462,7077,12613,6074.3,14665,12651,9536,9479.8,10154,9424.5,6603.5,8373.8,9093.8,7339.5,5936.8,8798.3,9492.1,14039,12320,11146,12116,11171,11920,10347,9254.3,10975,9854.9,6343.2,8914.8,11206,9817,9588.1,7632.3,11432,10059,6453.7,9043.5,12170,10387,9579,7698.9
14197,11711,16168,15714,13632,13323,12248,7963.5,9656.4,8829.6,9502.1,8570.3,10193,6799.7,3793.9,6094,11143,10956,10537,11000,11477,10930,9471.7,10578,6840,12846,5922.4,14838,12694,9778.2,9766.3,10767,8057.7,6161.7,8253.5,9247.1,5088.5,6154.1,9115.8,9848.3,13279,11516,10780,10674,9910.5,10456,10023,9792.3,14813,12253,15410,14923,14068,13612,12019,9632.6,11170,10576,10784,9537.3,10495,6198.1,3824.3,7632.1,11227,10573,12103,11193,11053,10839,10122,10452,7092.1,12589,6112.1,14696,12682,9519.3,9495.9,10194,9406.4,6672.5,8400.1,9099.1,7300.5,5958.6,8812.8,9513.3,14018,12351,11110,12037,11140,11984,10255,9239.6,10982,9852.1,6320.4,8929.4,11178,9863.3,9605.4,7633.5,11448,10096,6471.8,9087.3,12208,10289,9598.2,7717.4
14221,11694,16179,15724,13668,13337,12247,7968.4,9671.9,8810.3,9510.6,8584.3,10200,6884,3822,6130.6,11157,10957,10572,10976,11506,10946,9464.3,10618,6863.3,12839,5849.5,14858,12684,9803.7,9791.6,10757,8095.3,6217.8,8282.5,9271,5124.4,6134.9,9122.6,9836.9,13332,11525,10762,10685,9882.2,10408,10042,9790.8,14832,12275,15429,14922,14103,13611,12023,9622.2,11220,10603,10833,9537.3,10536,6211.1,3857.5,7677.3,11248,10581,12140,11205,11081,10852,10140,10434,7090.3,12642,6049.1,14710,12720,9562.8,9508.2,10198,9421.7,6694.2,8407,9087.8,7314,5973.9,8818.3,9517.1,14056,12395,11171,12185,11110,12030,10290,9256.5,11016,9869.6,6323,8947.7,11205,9831.2,9608,7623.4,11417,10056,6428.4,9046.2,12055,10303,9553.2,7690.7
14197,11680,16175,15733,13643,13331,12276,7969.1,9705.1,8868,9458.4,8568.5,10224,6908.5,3795.1,6091.1,11160,10989,10560,11012,11490,10935,9458,10603,6807,12824,5857.8,14879,12659,9787,9794.3,10783,8065.8,6160.7,8292.8,9251.5,5090.2,6153.1,9119,9816.7,13313,11547,10801,10697,9883.6,10430,10104,9764.6,14806,12241,15421,14936,14095,13627,12027,9631.4,11103,10615,10810,9539.2,10520,6177.3,3823.7,7638.1,11231,10554,12121,11182,11061,10835,10115,10448,7073.2,12618,6136.1,14719,12676,9589.1,9517.5,10212,9423.6,6645,8445.6,9088.8,7362.8,5971.4,8844.7,9511.1,14053,12397,11171,12048,11058,11982,10325,9254.2,11005,9846.5,6371.8,8932.8,11178,9810.3,9592.7,7641.4,11404,10066,6444.1,9090.1,12157,10376,9592.9,7739.2
14178,11702,16175,15710,13632,13327,12243,7968.1,9709.7,8857.8,9501.8,8551.8,10201,6905,3797.4,6100.7,11156,10955,10536,10990,11462,10928,9445.8,10533,6861.2,12827,5868.5,14873,12682,9807.2,9797.5,10698,8056.2,6145,8285.6,9209.3,5101.8,6155.1,9102.1,9807,13332,11485,10786,10677,9881.6,10451,9986,9748.5,14797,12245,15412,14900,14090,13591,12033,9640.6,11137,10568,10778,9511.7,10514,6207.6,3819.4,7630.8,11241,10573,12154,11171,11052,10818,10099,10396,7087.3,12612,6035.5,14699,12696,9586,9512.6,10200,9388,6629.6,8371.4,9066.4,7299.2,5960.7,8825.2,9481.6,13998,12392,11122,12143,11111,11951,10281,9219.9,10954,9878.4,6331.7,8946.4,11231,9863.1,9608.8,7638.1,11352,10128,6472.9,9102.4,12023,10372,9600.9,7705.3
14205,11704,16176,15721,13680,13389,12242,7969.2,9720.1,8834.8,9496,8574.2,10202,6946.1,3820.4,6078.2,11158,10951,10544,10984,11476,10924,9448.1,10529,6891.5,12833,5859.8,14852,12670,9787.4,9762.1,10706,8070.5,6199.7,8275.8,9258.8,5089.3,6157.5,9103.2,9804.7,13324,11525,10797,10701,9854,10465,10009,9738.6,14793,12256,15433,14903,14070,13612,12021,9632.6,11199,10598,10788,9502.5,10525,6236.4,3830.9,7641.6,11226,10574,12137,11197,11058,10809,10112,10395,7082.4,12588,6111.9,14694,12699,9549.5,9489.4,10170,9425.4,6682.4,8429.6,9093.2,7337.5,5950.4,8810.7,9480.6,14089,12399,11143,12095,11120,11971,10348,9200,11020,9881.2,6322.9,8960.3,11122,9831,9593.6,7644.2,11399,10097,6430.6,9085.3,11943,10401,9602.8,7720.1
14199,11722,16185,15714,13695,13329,12256,7966.6,9698.9,8850.1,9509.4,8569.1,10227,6956.1,3773.3,6089.5,11194,10975,10560,11001,11456,10936,9468.5,10516,6872.5,12795,5903.2,14851,12692,9810.1,9785.1,10729,8050.5,6201.1,8278.6,9223.9,5113.3,6140.2,9110.9,9828.3,13304,11534,10782,10665,9856.6,10477,10004,9747.5,14794,12241,15427,14902,14070,13608,12050,9601.9,11161,10576,10766,9512,10521,6227.6,3812.6,7681.1,11260,10589,12127,11195,11041,10822,10137,10396,7081.5,12607,6039.6,14673,12709,9584.3,9513.8,10192,9373.5,6637.9,8402.7,9098.9,7320.6,5974.1,8843.4,9510.4,14062,12394,11182,12127,11091,11983,10291,9206,10993,9857.7,6324.8,8930.5,11240,9925,9625.3,7635.6,11344,10097,6472.5,9081.4,12178,10320,9601.4,7718.9
14175,11656,16145,15693,13625,13307,12280,7950.4,9730.4,8890.1,9490.3,8564.2,10197,6900.6,3786.7,6128.9,11198,11004,10563,10982,11444,10944,9478.1,10497,6839.6,12810,5850.3,14847,12685,9792.5,9782.3,10724,8015.3,6149.1,8264.5,9224.5,5110.4,6124.5,9120.5,9836.1,13295,11527,10807,10712,9904.1,10430,9970.5,9775.5,14760,12230,15414,14872,13977,13568,12048,9605.3,11162,10576,10772,9518.7,10510,6159.8,3838.6,7643.4,11274,10588,12130,11165,11037,10841,10140,10387,7080.6,12619,6174.4,14707,12701,9560.9,9508.4,10199,9360.5,6601.8,8383.9,9080.2,7319.4,5991.8,8847.3,9474.5,14023,12370,11166,12099,11140,11958,10282,9234.6,10987,9859.3,6355.6,8949.4,11304,9876.2,9618.8,7621.3,11369,10154,6510.4,9083.4,12148,10349,9613.8,7727.4
14162,11689,16143,15690,13618,13322,12261,7957.6,9709.7,8844,9474.3,8566.1,10220,6870.9,3784.2,6117.8,11177,11006,10572,10986,11469,10929,9486.7,10509,6843.8,12801,5888.5,14876,12700,9821.6,9792.7,10758,8014.5,6192.5,8262.8,9235.2,5122.9,6139.8,9121,9837.6,13325,11519,10738,10656,9909.2,10444,10067,9759.5,14767,12196,15406,14876,13996,13615,12047,9600.4,11141,10569,10802,9514.7,10524,6224.6,3835.8,7668.4,11260,10625,12166,11196,11072,10865,10160,10396,7079.2,12606,6095.7,14704,12731,9590.9,9529.8,10247,9420.3,6654.8,8465.5,9074.9,7352.8,5976.4,8825,9516,13999,12379,11169,12082,11085,11999,10316,9211.5,10980,9857.3,6356.9,8945.3,11209,9917.8,9607.9,7618.1,11401,10063,6498.2,9069.4,12103,10374,9609.3,7713.8
14169,11688,16150,15673,13581,13311,12275,7955.9,9698.8,8852.5,9464.7,8553.2,10208,6862.3,3788.7,6120,11184,10989,10583,11007,11469,10951,9488.5,10492,6874.7,12797,5863.7,14884,12703,9812.9,9813.1,10780,8022.1,6202.6,8251.6,9222.7,5170.8,6165.7,9153.5,9837,13254,11496,10793,10699,9919,10479,10051,9771.7,14792,12222,15431,14890,14000,13654,12050,9618.6,11228,10603,10764,9521,10530,6200.4,3827.6,7646,11262,10636,12134,11233,11084,10859,10159,10438,7087,12648,6037.5,14704,12748,9604.2,9561.2,10284,9402,6645.6,8367.9,9070.7,7334,5973.7,8814.8,9510.1,14030,12399,11153,12132,11111,11935,10291,9251.1,11016,9859.7,6270,8933.8,11172,9909.9,9605.5,7626.5,11364,10114,6383.7,9074.2,12231,10317,9597.3,7702.3
14160,11661,16152,15676,13587,13285,12273,7950.5,9706.5,8852.6,9454.3,8546.5,10229,6862.5,3805.5,6107.8,11209,11020,10532,10978,11453,10940,9485.9,10538,6887.4,12814,5833.1,14841,12698,9789.9,9802.6,10724,7992,6206,8245,9238.3,5135.2,6156.3,9126.1,9851.7,13314,11534,10810,10722,9883.4,10469,10033,9777.4,14782,12222,15418,14876,14049,13611,12058,9630.8,11138,10588,10779,9513.4,10548,6221.5,3833.9,7654.5,11262,10638,12139,11201,11085,10852,10154,10459,7090.3,12640,6161.9,14698,12721,9588.4,9546.1,10249,9366.6,6677.6,8389.4,9090.4,7374.8,6026.9,8806.2,9518,14015,12370,11139,12124,11098,11906,10303,9245.5,11048,9889.8,6410.3,8944.7,11213,9836.1,9598.8,7622,11352,10109,6491.5,9075.8,12183,10338,9609.6,7697.5
14156,11715,16149,15679,13573,13324,12272,7945,9715.3,8858.7,9490.9,8538.1,10183,6815.2,3805.8,6108.2,11202,11000,10585,10997,11455,10937,9487.5,10533,6893.8,12813,5903.6,14874,12743,9819.9,9808.7,10780,8000.4,6185.1,8293.4,9244.3,5135.9,6134.5,9122.1,9847.9,13266,11505,10816,10717,9911,10477,10037,9764.7,14778,12246,15418,14867,14030,13615,12056,9615,11111,10601,10784,9516.6,10535,6220.5,3825.3,7666.1,11278,10633,12174,11217,11096,10857,10157,10462,7119,12639,6099.3,14680,12724,9601.8,9546.9,10245,9358,6606.2,8439.3,9095.5,7323.4,5951.2,8832.7,9518.6,13990,12382,11158,12154,11087,12013,10311,9249,11044,9886.7,6424.9,8941.6,11261,9828,9616.2,7639.5,11395,10125,6530.1,9065.1,12066,10384,9580.9,7686.5
14152,11712,16157,15673,13561,13298,12267,7952.2,9725.3,8835.6,9450.9,8538.9,10206,6846.3,3790.4,6083.9,11199,10990,10556,10993,11468,10931,9485.1,10569,6870.6,12833,5898.3,14858,12716,9827,9806.4,10793,8004.8,6170.1,8301.9,9249.5,5157.6,6148.7,9126.7,9843.9,13264,11518,10775,10677,9942.3,10512,10082,9760.5,14785,12260,15425,14889,14012,13618,12054,9624.8,11144,10596,10820,9541,10541,6224,3818.9,7648.5,11270,10610,12178,11196,11103,10846,10147,10494,7124.6,12625,6122.6,14703,12720,9601,9556.3,10257,9386.6,6661.7,8420.2,9102.3,7297.7,5983.6,8866.4,9503.7,14098,12396,11214,12137,11115,12065,10374,9220.2,11023,9885.6,6378.2,8976.2,11172,9869.1,9640.1,7614.7,11371,10138,6571.2,9107.5,12134,10349,9566.9,7700
14164,11738,16158,15694,13571,13270,12278,7968.7,9702.3,8875.2,9482.5,8547.6,10239,6871.9,3797.4,6093.6,11206,10980,10582,11003,11478,10936,9509.2,10584,6887.3,12856,5854.6,14910,12694,9825.6,9823,10804,8015.9,6191.1,8284.3,9249.3,5115.9,6161.9,9140.5,9836,13239,11527,10857,10672,10000,10493,10087,9760.5,14790,12282,15422,14870,14061,13673,12058,9632,11163,10615,10844,9532.2,10556,6236,3849.2,7637,11283,10611,12191,11249,11098,10847,10142,10455,7118.1,12629,6118.6,14737,12724,9634.9,9559.4,10255,9401.3,6649.5,8418.1,9104.7,7334.3,5984.3,8815.6,9517.4,14071,12412,11185,12230,11140,12061,10314,9226.9,11009,9866,6241.2,8953.4,11315,9880.2,9611.6,7633.5,11382,10116,6446.8,9072.5,12200,10359,9585.8,7705.1
14156,11688,16161,15692,13562,13292,12268,7972.4,9658.5,8860.6,9483.9,8563.1,10216,6845.5,3817,6100.7,11197,10954,10581,11005,11492,10937,9478.1,10577,6879.7,12815,5925,14884,12679,9813.9,9812,10816,7994.9,6183.3,8272.7,9254.3,5112.3,6179.9,9157.1,9834.6,13291,11519,10826,10708,9910,10482,10125,9754.5,14784,12276,15419,14881,14066,13625,12043,9638.2,11174,10613,10802,9526.5,10556,6272,3821,7639.4,11277,10623,12219,11227,11114,10858,10134,10477,7099.6,12658,6141.7,14712,12712,9582.5,9558.7,10252,9381.3,6650,8435,9103.6,7331.8,5984.7,8848.1,9514.3,14048,12424,11211,12128,11131,12008,10294,9222,11017,9844.5,6342.7,8943.8,11164,9892.3,9592.1,7619.5,11375,10088,6478.1,9083.9,12115,10403,9595.2,7703.6
14158,11692,16166,15681,13528,13285,12262,7977.3,9658.4,8890.9,9445.3,8545.3,10204,6896.7,3816.2,6105.2,11189,10944,10603,10994,11479,10935,9495.2,10585,6863.8,12816,5902.2,14832,12712,9831.6,9811.4,10772,8048.6,6223.3,8302.3,9246.4,5078.9,6169.3,9131.8,9826.9,13239,11539,10863,10652,9891.3,10473,10034,9746.7,14785,12261,15414,14872,14059,13607,12046,9632.4,11224,10604,10813,9561.1,10555,6283.4,3818.3,7654.7,11277,10621,12187,11238,11112,10851,10139,10507,7106.2,12656,6034.7,14716,12710,9574.3,9553.4,10236,9379.5,6649,8398.7,9095.9,7316.8,5978.3,8813.2,9503,13960,12384,11257,12229,11146,11969,10320,9235.6,11048,9865.6,6397.3,8953.3,11186,9884,9587.6,7617.5,11363,10077,6440,9085.8,12233,10408,9600,7711.3
14142,11713,16159,15677,13510,13288,12270,7958.1,9686.6,8885,9459.8,8542.4,10194,6912.7,3779.2,6123.3,11188,10978,10592,11016,11488,10937,9495.3,10584,6870.3,12832,5869.8,14844,12722,9854.8,9855.3,10818,8007.4,6165.4,8275.8,9255.2,5113.4,6139.6,9101,9875.2,13297,11487,10798,10688,9894.3,10463,10110,9753.8,14780,12297,15412,14869,14088,13611,12063,9625,11175,10636,10790,9553.7,10556,6241,3837.2,7669.5,11263,10635,12202,11249,11108,10840,10147,10499,7112.9,12661,6122.9,14692,12768,9640.3,9575.4,10270,9373.4,6597.5,8401.8,9109.6,7361.3,5957.4,8836.4,9528.1,14056,12419,11191,12078,11172,12103,10340,9244.3,10963,9876.1,6301.7,8955.3,11185,9904.2,9625.6,7608,11375,10077,6447.4,9061.6,12152,10388,9617.6,7705.6
14157,11700,16151,15706,13522,13294,12268,7965.6,9682,8857,9450.3,8547.1,10194,6873.1,3789,6110.4,11195,10974,10576,11019,11468,10937,9468.1,10573,6782.2,12819,5829.2,14816,12706,9813,9818.5,10775,8003.5,6194.3,8280.4,9252.6,5139.4,6146,9152.9,9823.3,13262,11481,10819,10709,9904.2,10489,10016,9747.8,14765,12275,15405,14879,14108,13634,12051,9643.9,11139,10581,10797,9536,10571,6250.1,3819.6,7656,11276,10592,12175,11253,11102,10832,10123,10474,7085,12639,6042.4,14722,12728,9601.8,9565,10260,9394.5,6634.4,8418.4,9106.7,7368.4,6008,8843.9,9501.7,14113,12400,11209,12147,11112,11977,10361,9235.3,11055,9824.1,6378.2,8935,11307,9830.9,9591.1,7607.9,11372,10041,6364.5,9109.8,12180,10381,9607.9,7699.7
14135,11709,16159,15668,13474,13259,12283,7964.9,9669.3,8852.7,9450.3,8536.4,10232,6873.3,3777.7,6113.9,11202,10950,10556,10997,11460,10919,9467.4,10673,6805.5,12864,5830.8,14836,12688,9837,9835.2,10827,8023.5,6171.4,8254.8,9229.3,5142.9,6141.8,9141.4,9826.2,13247,11502,10803,10651,9939.3,10484,10085,9740,14762,12262,15411,14869,14074,13613,12057,9640.3,11212,10627,10820,9537.6,10550,6242.1,3833.3,7626.1,11293,10592,12169,11251,11103,10828,10115,10490,7100.8,12636,6094.9,14705,12787,9611.5,9586.5,10303,9402.6,6661,8395.2,9114.8,7381.2,5997.3,8812.4,9506.4,14047,12412,11206,12096,11152,12086,10321,9216.6,11027,9817.9,6367,8966.1,11269,9848.9,9629.6,7608.9,11358,10101,6557.3,9108.5,12182,10374,9607.8,7671.6
14159,11684,16137,15678,13517,13253,12295,7957,9692.6,8858.3,9461.8,8543.6,10177,6904,3774,6111.6,11209,10946,10553,10984,11438,10926,9477.7,10585,6855.4,12836,5842.8,14821,12707,9815.9,9836.3,10793,8011.9,6212.6,8244.8,9222.6,5140.2,6148.8,9112.2,9831.8,13273,11502,10851,10675,9885.9,10507,10076,9741.5,14764,12287,15428,14870,14025,13645,12066,9641.5,11181,10627,10826,9574.8,10589,6239.9,3831.7,7655.9,11280,10626,12200,11237,11092,10832,10102,10487,7079.2,12665,6078.1,14721,12738,9617.5,9564.9,10309,9381.7,6659.3,8391.2,9118,7354,5995.8,8807.3,9488.7,14068,12454,11221,12085,11151,12068,10335,9216.2,11035,9816.3,6370.9,8936.6,11177,9875.8,9652.8,7627.7,11360,10076,6411.1,9055.7,12227,10403,9633.6,7700
14142,11688,16150,15699,13509,13264,12291,7949.5,9659.3,8865.7,9415.2,8532.2,10220,6864.4,3770,6133.7,11222,10981,10617,10991,11448,10938,9464.2,10603,6835.2,12830,5877.4,14835,12715,9832.1,9850,10803,8018.1,6173.7,8275.3,9236.4,5109.4,6177.7,9109.4,9854.6,13236,11539,10858,10718,9874.3,10443,10106,9741.6,14758,12254,15414,14886,14042,13612,12066,9655.2,11224,10654,10790,9574.9,10555,6204.2,3834.5,7648.4,11310,10616,12188,11228,11109,10847,10102,10510,7109.8,12692,6022.6,14706,12708,9629.8,9588.7,10280,9371.8,6598.6,8425,9084.1,7384.1,5996.9,8830.2,9486.5,14045,12428,11210,12173,11209,11997,10393,9232.4,10959,9852.1,6310.1,8950.2,11107,9883.8,9639.5,7625.6,11355,10102,6486,9043.5,12219,10361,9588.5,7710
14119,11697,16138,15692,13539,13252,12299,7955,9705.8,8861.6,9480.8,8552.2,10193,6871.6,3764.8,6110.6,11220,10982,10613,11013,11461,10952,9463.6,10623,6830.6,12838,5860.3,14859,12736,9804.1,9845.9,10812,7975.2,6167.5,8326.2,9243.5,5134.4,6171.2,9115.7,9825.2,13254,11525,10830,10693,9936.8,10527,10112,9781.2,14751,12263,15428,14884,14013,13611,12078,9636.5,11181,10597,10827,9548.3,10577,6257.8,3837.4,7650.1,11302,10625,12214,11222,11126,10858,10111,10489,7147.9,12657,6118.2,14692,12740,9609.4,9603.3,10305,9357.2,6674.7,8448.5,9109.8,7379,5994.2,8803.2,9518.2,14029,12432,11218,12141,11191,11987,10356,9257.3,10926,9818.8,6368.1,8944.5,11043,9785.5,9617.9,7624.9,11325,10073,6382,9075.1,12080,10410,9632.1,7708
14141,11701,16147,15677,13526,13240,12280,7967.5,9687.6,8857.1,9444.5,8540.4,10173,6873.3,3800.1,6131.6,11195,10960,10533,10992,11458,10930,9459.1,10576,6816.8,12845,5886,14842,12699,9859.9,9836.8,10789,7987.1,6218.9,8323.1,9226.3,5097.7,6171.5,9112.6,9821,13245,11532,10863,10658,9961.2,10503,10128,9749.2,14778,12273,15424,14879,14040,13624,12055,9629.3,11233,10618,10772,9559.6,10560,6230.3,3830.6,7678.8,11285,10590,12161,11208,11099,10842,10082,10473,7140.3,12658,6135,14679,12726,9618.6,9576.8,10276,9379.2,6649.5,8467,9105.4,7360.9,5959.6,8790.8,9489.8,14019,12412,11238,12176,11123,12084,10312,9233.8,10945,9843.1,6315.7,8957.6,11233,9869.1,9630.4,7637.5,11334,10080,6556.1,9101.9,12223,10402,9643.4,7708.7
14150,11692,16159,15687,13555,13253,12287,7937,9701.1,8853.8,9438.9,8536.8,10200,6877.5,3778.8,6140.4,11192,10955,10563,11008,11451,10931,9485.9,10577,6856,12841,5844.9,14847,12737,9820.5,9835.3,10790,8019.5,6217.7,8296.9,9238.9,5138.6,6182.6,9134,9822.5,13270,11533,10823,10688,9921.8,10524,10062,9758.7,14780,12254,15435,14890,14033,13588,12061,9627.8,11187,10601,10791,9575.9,10563,6253.2,3837.7,7647.7,11277,10585,12187,11232,11078,10836,10116,10494,7130,12695,6173.1,14713,12757,9604.6,9584.7,10289,9387.4,6687.5,8447.2,9123.4,7432.6,5972.2,8804.7,9504.3,13940,12446,11208,12141,11226,12043,10369,9249.1,10924,9859.2,6402.6,8970,11279,9805.1,9605,7616.9,11395,10085,6439.7,9081.2,12248,10335,9608.8,7710.3
14121,11714,16157,15681,13512,13255,12281,7949,9705.6,8883.1,9479.6,8561.5,10206,6848.5,3797.1,6145.6,11209,10971,10574,10995,11439,10939,9465.2,10592,6876.3,12842,5822.7,14858,12705,9825.1,9822.5,10777,7985.8,6195.7,8334.3,9242.8,5134,6135.6,9104.2,9829.9,13254,11524,10857,10693,9915.1,10520,10070,9760.1,14764,12284,15439,14882,14051,13606,12056,9657.7,11194,10630,10789,9576.8,10563,6211.4,3831.9,7669,11267,10620,12174,11194,11096,10837,10098,10498,7139.3,12669,6098.6,14697,12713,9623.9,9580.8,10301,9371.5,6685.6,8476.9,9115.2,7339.9,5973.1,8791.8,9497.1,14034,12414,11224,12183,11178,12071,10358,9273,10925,9829.2,6417.4,8978.6,11136,9838.7,9592.1,7628.3,11350,10095,6494.8,9062.9,12129,10314,9626.4,7716.7
14142,11681,16168,15675,13529,13265,12275,7962.7,9696.9,8856.2,9496.9,8530.3,10200,6867.9,3771.8,6139,11194,10941,10564,10985,11434,10940,9444.6,10589,6852.6,12845,5843.9,14861,12684,9841.7,9818,10745,7987.8,6216,8347.1,9245.2,5131.8,6157.4,9110.5,9827.9,13202,11553,10885,10653,9913.6,10506,10098,9757.6,14769,12261,15413,14885,14076,13597,12039,9644.8,11203,10607,10797,9568.3,10536,6199.5,3831.3,7649.1,11269,10591,12168,11187,11103,10838,10090,10505,7164.7,12659,6176.1,14699,12722,9587.1,9551.7,10268,9391.5,6686.9,8505.8,9123,7384.6,5959.8,8799.4,9492.6,14001,12418,11249,12153,11125,12139,10345,9230.7,11021,9852.2,6349.4,8975,11091,9806.1,9615.6,7632.3,11358,10060,6472.1,9142.1,12160,10297,9634.3,7714.6
14139,11681,16150,15675,13489,13279,12276,7992.2,9712,8887.4,9505.5,8560,10208,6870.4,3788.6,6116.8,11205,10942,10558,10990,11446,10933,9461.8,10571,6862.2,12842,5921.7,14843,12708,9824.6,9827.1,10758,8004.4,6219.2,8320.1,9238.1,5123.1,6172.5,9119.3,9815,13223,11556,10856,10637,9907.4,10470,10036,9747.1,14768,12250,15440,14869,14020,13592,12036,9640.5,11190,10630,10855,9563,10536,6213.1,3843,7638.1,11269,10582,12174,11190,11088,10841,10088,10466,7140.1,12675,6179.8,14694,12731,9604.2,9546.2,10226,9398,6712.1,8441,9103.8,7382.6,5983.1,8800.5,9491.4,14038,12424,11237,12175,11203,12073,10293,9260.5,10987,9834.7,6396.6,8932.7,11120,9810.8,9560.4,7643.9,11374,10099,6472.2,9081.5,12016,10318,9631.8,7725.2
14155,11707,16157,15686,13598,13319,12258,7967.9,9724.4,8923.2,9445.7,8557.1,10171,6832,3810.1,6107,11186,10931,10586,10989,11439,10942,9452.7,10574,6863.4,12850,5869.6,14840,12681,9795.4,9814,10744,8021.3,6217.6,8304.3,9258.9,5163.4,6144,9135.9,9824.2,13232,11577,10881,10713,9976.9,10495,10052,9746.8,14772,12247,15425,14877,14068,13587,12030,9607.1,11155,10622,10850,9544.9,10517,6233.2,3858.8,7606.6,11241,10587,12167,11198,11073,10832,10088,10445,7137,12647,6139.9,14708,12723,9580.2,9540.5,10234,9390.2,6647,8485.8,9086.7,7358,5977.1,8806.6,9496.4,13946,12408,11189,12189,11186,11991,10279,9256.7,10997,9819.6,6225.7,8952,11057,9826.3,9607.7,7633.3,11344,10105,6476.7,9129,12066,10295,9654.6,7713.3
14154,11683,16165,15703,13605,13287,12249,7976.3,9718.5,8909.4,9511.8,8580.5,10213,6879.6,3801.8,6120.9,11187,10942,10564,11006,11459,10960,9452.7,10590,6898.9,12860,5900.8,14864,12711,9828.9,9826.4,10773,8044.4,6210.6,8294.2,9262.2,5128.6,6156.3,9112,9841.2,13239,11509,10861,10678,9897,10474,10053,9748.8,14783,12219,15448,14895,14048,13604,12022,9645,11169,10633,10848,9610.5,10539,6244.6,3865.1,7646,11246,10593,12203,11209,11105,10853,10091,10503,7156.9,12667,6159.2,14708,12746,9618.3,9540.9,10237,9375.5,6674.3,8489.1,9110.1,7391.9,5993.1,8850.5,9522,13978,12427,11212,12139,11186,12117,10332,9217.7,10948,9883.7,6337.4,8963.2,11183,9844,9636.3,7632.9,11358,10067,6457.1,9095.1,12097,10295,9602.9,7709.4
14157,11717,16162,15695,13518,13257,12252,7975.5,9667.3,8906.6,9466.4,8554.9,10190,6891.8,3784.3,6103.8,11181,10950,10565,10980,11461,10968,9471.5,10553,6851.9,12854,5926.1,14889,12680,9831.6,9828.5,10734,8023.6,6268.7,8341,9243.1,5138.3,6181.1,9139.7,9836.3,13218,11502,10831,10722,9916.5,10431,10064,9753.6,14792,12243,15446,14888,14061,13645,12033,9663.7,11171,10611,10854,9589.3,10562,6242.3,3847.7,7630.9,11252,10589,12144,11202,11106,10858,10097,10431,7165,12640,6121.4,14698,12692,9593.8,9535.1,10230,9387.7,6682.4,8462.5,9107,7360.3,5969.4,8826.1,9502.9,14003,12411,11136,12127,11178,12066,10333,9252.3,10975,9858.4,6284.6,8984.6,11149,9845.7,9603.9,7603.5,11345,10095,6477.9,9123.7,12059,10320,9656.4,7703.6
14152,11674,16191,15703,13538,13273,12257,7981.5,9690.2,8850.3,9511.9,8555.4,10196,6881.1,3782.6,6116.7,11177,10917,10560,10980,11455,10953,9429.1,10572,6816.2,12830,5897.3,14840,12677,9797.7,9809.2,10760,8025,6219.1,8309.6,9257.6,5163.1,6175.5,9136.1,9829.7,13264,11520,10836,10664,9872.1,10489,10009,9739.5,14783,12253,15442,14896,14070,13630,12029,9679.9,11205,10606,10836,9543.8,10555,6252.3,3850.2,7637.8,11243,10565,12165,11198,11117,10842,10088,10441,7210.9,12662,6139.2,14714,12730,9589.6,9521.2,10192,9374.4,6648.5,8438.6,9123.5,7308.3,5979.9,8822.9,9508.5,14054,12378,11184,12167,11195,12053,10262,9231.8,10931,9844.3,6393.6,8965.6,11195,9830.1,9632.9,7637.9,11375,10061,6496.9,9137.2,12074,10368,9619.9,7698.3
14144,11704,16165,15673,13573,13293,12246,7972.8,9785,8882.8,9499.3,8571.3,10208,6882.9,3782,6109.2,11178,10909,10552,10964,11473,10943,9444.4,10604,6874.7,12852,5917,14855,12681,9792.7,9797.6,10810,8026.3,6234.9,8287.7,9261.7,5181.9,6161.5,9126.8,9826.4,13307,11542,10846,10672,9904.7,10492,10031,9747.9,14774,12273,15449,14884,14052,13593,12024,9644.6,11207,10622,10831,9586.3,10542,6248.6,3846.7,7618.2,11253,10583,12136,11184,11117,10843,10082,10438,7176.4,12670,6169.4,14685,12739,9586.4,9513.8,10213,9396.5,6679.3,8455.2,9109.3,7364.4,5984.6,8822.4,9517.6,13964,12395,11173,12120,11121,12024,10297,9247.9,10933,9844.6,6293.3,8938.9,11100,9829.8,9629.4,7626.9,11439,10100,6489.9,9116.6,12148,10365,9624.9,7721.8
14164,11705,16167,15677,13570,13300,12238,7987.6,9693.1,8889,9486.1,8587.1,10211,6876.3,3808.6,6080.4,11159,10899,10559,10957,11453,10934,9448.3,10536,6867.1,12858,5837.7,14832,12687,9768.7,9786.7,10707,8014,6207.4,8316.3,9237.1,5150.3,6129.5,9139.6,9815.9,13271,11489,10817,10697,9901.9,10505,10029,9751.5,14780,12240,15434,14877,14065,13592,12011,9649.7,11240,10626,10879,9589,10543,6281.2,3854.7,7624.9,11234,10595,12147,11184,11083,10845,10098,10456,7134.4,12648,6142.4,14692,12692,9582.9,9491.8,10169,9390.1,6660,8470.2,9097.2,7379.3,6031.9,8813.7,9517,14002,12386,11168,12139,11143,11998,10265,9241.8,10943,9852.2,6388.2,9013.4,11136,9857.7,9654.9,7625.6,11412,10084,6528.4,9109.9,12137,10359,9635.3,7702.9
14151,11657,16173,15689,13574,13291,12241,7996,9667.2,8892.2,9521.4,8572.9,10208,6866.8,3795.2,6118.9,11176,10909,10549,10973,11476,10939,9438.2,10555,6852.9,12831,5874.5,14835,12664,9779.5,9793.1,10752,8036.7,6182.8,8313.5,9235,5110.2,6135.9,9169.2,9827.7,13280,11521,10824,10686,9931,10476,9967,9735.8,14769,12258,15430,14879,14104,13584,12025,9666.6,11159,10648,10797,9578.8,10558,6245.5,3851.3,7674.7,11231,10576,12152,11188,11081,10845,10106,10438,7132.7,12670,6121.2,14678,12670,9575.5,9516.6,10210,9375.9,6669,8442.3,9083.2,7402.3,5951.8,8827.9,9484.1,13964,12439,11184,12043,11180,12022,10317,9246.6,10987,9850.9,6329.4,8984.5,11053,9846.6,9631.9,7602.7,11422,10089,6473.1,9101,12163,10357,9648.7,7706
14146,11699,16176,15676,13526,13268,12263,7976.1,9756.8,8891.7,9487.7,8581.7,10226,6890.7,3789.1,6129.6,11174,10944,10551,11014,11484,10977,9459.6,10603,6858.6,12859,5886.8,14830,12684,9779.4,9812.6,10761,8014.5,6199.7,8306.2,9280.2,5145.1,6161.5,9129.3,9874.3,13272,11532,10815,10684,9925.1,10499,10048,9781.7,14769,12256,15443,14892,14085,13584,12041,9663.3,11202,10634,10857,9583,10573,6227.5,3875.4,7664.1,11240,10600,12157,11204,11120,10866,10129,10469,7150.5,12663,6160.8,14701,12723,9605.8,9555.8,10210,9368.3,6662.1,8438,9096,7430.6,5998.9,8843.6,9511.7,13985,12389,11172,12093,11227,12068,10296,9252.4,10972,9836.9,6411,8970.8,11118,9805,9628.3,7602.4,11378,10073,6504.2,9099.9,12166,10342,9631.2,7709.9
14155,11695,16170,15705,13561,13291,12258,7957.8,9755.1,8864.8,9497,8554.9,10220,6861.4,3784.6,6111,11173,10944,10572,11014,11499,10985,9452.9,10604,6829.8,12836,5868.4,14835,12704,9803.9,9819.4,10801,8025.4,6220.8,8300.5,9275.2,5137.5,6168.7,9148.3,9836.1,13263,11509,10838,10699,9902.3,10470,10090,9772.8,14770,12231,15442,14896,14057,13560,12062,9676.1,11238,10621,10868,9576,10573,6256.4,3865.4,7652.4,11224,10585,12145,11227,11098,10873,10127,10473,7146,12675,6102.6,14701,12703,9592,9525.2,10239,9382.1,6699.8,8501.6,9137,7391.1,6012.4,8836.8,9518.2,13951,12438,11203,12109,11142,12074,10301,9267.9,11007,9841.4,6471.5,8961.3,11168,9839.2,9626.3,7645.9,11443,10082,6527,9121.8,12098,10398,9637.1,7683.5
14176,11699,16180,15715,13590,13301,12273,7971.1,9701.6,8877,9526.3,8590.5,10191,6892.7,3785.7,6110.1,11171,10958,10561,11015,11480,10980,9451.1,10600,6919.1,12869,5873.8,14889,12733,9810,9814.9,10823,8028,6175,8291,9269,5082.8,6142.1,9182,9835.5,13198,11518,10835,10646,9900.6,10456,10073,9765.5,14796,12236,15446,14897,14079,13586,12045,9682.4,11250,10606,10879,9565.6,10571,6274.5,3851.5,7633.6,11244,10592,12153,11215,11106,10863,10130,10496,7115.3,12657,6118.4,14677,12711,9592.7,9557.9,10237,9391.7,6663,8468.4,9097.3,7383.6,5973.8,8815.4,9514.5,14025,12339,11117,12142,11098,12064,10312,9262.2,10962,9877,6369.3,9010.4,11140,9919.7,9620.3,7620,11435,10096,6494.8,9111.9,12129,10380,9603.7,7689.8
14157,11689,16164,15697,13589,13271,12252,7971,9726.1,8894.4,9466.8,8573.7,10222,6870.6,3773.7,6097.8,11156,10951,10567,11029,11473,10966,9474.1,10576,6916,12854,5883.4,14857,12714,9801.6,9795.6,10789,8032,6193.4,8287.8,9234.1,5114.6,6143.4,9132.6,9823.1,13266,11542,10794,10690,9861,10450,9987.9,9753.8,14765,12251,15430,14893,14040,13559,12047,9645.5,11255,10642,10855,9585.4,10575,6257.4,3827.7,7654.3,11223,10587,12147,11226,11093,10869,10123,10502,7112.7,12661,6133.8,14698,12685,9567.2,9538.2,10242,9388.6,6642.3,8371.1,9106.2,7369.1,5954.7,8813.1,9511.9,13955,12385,11198,12104,11096,12034,10346,9281.1,10962,9857.1,6376,8977.6,11138,9803.8,9585.9,7654.8,11466,10077,6473.4,9099,12082,10339,9599.5,7716.4
14167,11697,16145,15686,13594,13268,12233,7981.1,9694.6,8851.7,9481.6,8572,10207,6887.6,3810,6098.9,11130,10904,10584,11021,11459,10954,9471.7,10570,6884.8,12819,5865.5,14851,12715,9800.5,9783.1,10725,8025.4,6180.6,8272.4,9231.3,5147.1,6182.1,9129.6,9804.3,13309,11518,10782,10676,9901.3,10453,10063,9762.4,14766,12254,15409,14864,14091,13634,12020,9628.8,11154,10628,10843,9543,10550,6201.5,3848,7658.8,11216,10577,12130,11208,11083,10868,10117,10413,7121.3,12653,6091.5,14678,12703,9569.7,9532,10216,9386.6,6658.3,8412.1,9109.1,7338.8,5978.3,8831.1,9517,14015,12379,11163,12142,11141,11934,10261,9282.5,10968,9847.2,6371.9,8983,11108,9874,9635.2,7620.1,11448,10082,6415,9072.6,11964,10373,9588.1,7708.1
14137,11675,16135,15664,13595,13266,12235,7956.2,9704.9,8869.2,9462.4,8564.9,10217,6876.6,3775.6,6100.6,11152,10922,10553,11004,11462,10951,9484.4,10558,6887.1,12826,5850,14831,12724,9792.3,9801.9,10769,8027.7,6181.3,8285.6,9232.8,5176,6139.3,9153.5,9828.9,13240,11523,10814,10653,9947.8,10404,10060,9754.5,14759,12252,15410,14878,14080,13563,12019,9639.7,11242,10598,10832,9564.7,10556,6260.3,3854.6,7634,11213,10603,12122,11210,11070,10856,10128,10453,7123.7,12646,6048.7,14696,12695,9587.8,9549.7,10210,9366.2,6630.1,8416.6,9092.1,7385,5948.3,8819.9,9510.7,13979,12359,11146,12056,11069,11975,10377,9271.3,11004,9843.3,6389.5,8940.1,11022,9869.3,9609.6,7635.6,11496,10095,6453.2,9106.9,12060,10328,9582.6,7699
14170,11697,16146,15676,13595,13277,12244,7967.9,9705.2,8856.1,9510.8,8549.7,10241,6882.1,3805.9,6140.2,11145,10932,10560,11015,11494,10957,9479.1,10612,6860.9,12856,5790.9,14854,12698,9788,9811.2,10798,8042.1,6200.9,8322.2,9249.8,5076.1,6149.2,9133.8,9819.8,13249,11512,10810,10638,9878.9,10477,10037,9774.5,14764,12260,15434,14895,14066,13552,12050,9616.6,11207,10638,10830,9556.1,10549,6269.7,3866,7659.5,11223,10585,12122,11211,11075,10862,10140,10497,7088.2,12651,6130.9,14682,12717,9582.5,9544.4,10256,9402.8,6604.7,8456.5,9105.1,7383,5939.6,8827.7,9499.6,14034,12385,11204,12102,11143,12019,10297,9272.3,10999,9871.4,6335.8,8934.6,11092,9869.8,9619.7,7615.7,11426,10072,6423.6,9100,12193,10368,9613.9,7701.2
14164,11669,16178,15709,13598,13305,12264,7994.8,9758,8894.7,9502.2,8551.3,10236,6906.1,3785.9,6122.9,11162,10913,10578,11003,11496,10955,9475.9,10572,6879,12838,5856.6,14907,12718,9835.9,9804.2,10742,8037.8,6222.5,8317.8,9231.4,5126.6,6157.3,9135.7,9821.2,13309,11542,10832,10645,9885.4,10449,10105,9755.6,14755,12238,15451,14894,14082,13610,12036,9636.2,11263,10663,10854,9569,10576,6241.1,3855.7,7668,11246,10601,12119,11196,11073,10857,10123,10471,7113.3,12658,6128.4,14727,12700,9610.5,9543.7,10205,9408.3,6651.4,8436.3,9100.2,7343.7,5980.7,8847,9500.5,13973,12388,11146,12070,11173,12037,10334,9272.9,10979,9848.2,6279.1,8970.7,11132,9877.1,9577.4,7628.6,11371,10104,6505.3,9067.7,12164,10385,9646.5,7703.8
14169,11691,16187,15710,13658,13341,12276,7968.4,9717.5,8890.6,9470.8,8579.1,10220,6888.9,3783.7,6095.8,11153,10937,10565,10994,11483,10966,9484.8,10564,6854.8,12825,5846.7,14871,12725,9819,9800.3,10775,8022.4,6225.1,8293.6,9236.9,5142.7,6158.7,9125,9819.8,13326,11541,10832,10699,9928,10439,10105,9781.4,14762,12239,15420,14889,14078,13618,12043,9646,11278,10598,10800,9555.5,10577,6274.9,3849.9,7624.6,11225,10587,12134,11222,11049,10846,10164,10492,7135,12633,6093.1,14742,12729,9579.8,9539,10271,9382.5,6676.6,8373,9093.9,7392.5,5994.1,8848.3,9508.8,14025,12367,11182,12131,11105,11942,10334,9258.9,10967,9841.4,6337.9,8946.6,11150,9903.6,9615.6,7617.7,11419,10112,6431.6,9089.1,12046,10360,9615.4,7693.8
14176,11680,16185,15708,13666,13344,12279,7984,9685.8,8885.5,9482.7,8564.8,10253,6898.3,3792.6,6075.8,11172,10946,10578,11016,11534,10973,9490.6,10593,6879.4,12863,5858.3,14873,12741,9833,9810.8,10781,8033.3,6170.4,8249.6,9221.9,5136.8,6171.4,9112.1,9825,13313,11547,10829,10696,9903.3,10474,10109,9802.7,14767,12245,15430,14882,14101,13618,12062,9644.2,11270,10631,10829,9545.1,10553,6279.9,3867.6,7628.2,11220,10551,12140,11241,11074,10847,10163,10491,7057.1,12677,6088.6,14687,12751,9618.3,9539.1,10255,9390.5,6654,8388.6,9103,7399.7,5969.4,8838.4,9500.3,13986,12366,11201,12131,11162,12015,10314,9299.1,10927,9837.2,6292.7,8958.1,11126,9851.6,9603.5,7623.4,11410,10063,6381.4,9069.2,12238,10399,9614.9,7703.7
14152,11669,16155,15703,13575,13285,12268,7981.4,9701.9,8894.3,9470.6,8537.9,10220,6899.5,3791.6,6119.7,11177,10909,10554,11003,11489,10949,9498.6,10595,6880.9,12800,5923.6,14844,12745,9834.2,9819.9,10774,8058.2,6145.4,8274.9,9212.9,5118,6146.7,9126.1,9822.2,13192,11512,10765,10675,9873.3,10452,10080,9789.9,14755,12239,15409,14879,14097,13577,12033,9683.5,11221,10629,10831,9580.1,10555,6228.3,3825.6,7611,11230,10546,12104,11198,11058,10832,10125,10501,7074.1,12631,6139.9,14666,12698,9569.1,9561.2,10258,9389,6620.4,8352.3,9085.8,7352,5954.8,8831.2,9492.1,13942,12346,11172,12067,10975,11985,10367,9274.7,10971,9829.4,6330.6,8915.4,11089,9814.1,9621.6,7629.8,11340,10062,6426.4,9079.3,12185,10284,9599.5,7695
14162,11666,16173,15685,13588,13289,12250,7953.9,9665.5,8890.7,9485.3,8566.8,10196,6886.5,3789.7,6083.8,11163,10907,10533,10976,11488,10939,9468.7,10574,6849.9,12797,5890.3,14847,12747,9824.2,9820.4,10762,8021.7,6197.5,8251.7,9198,5123,6114,9105.4,9773.5,13326,11507,10758,10715,9930.1,10421,10033,9761,14769,12261,15437,14881,14116,13603,12043,9663.9,11223,10625,10819,9550,10575,6269.8,3823.5,7622.7,11243,10562,12075,11196,11079,10838,10124,10473,7096.7,12637,6122.2,14694,12693,9602.3,9555.9,10217,9400.4,6659.7,8388.6,9068.9,7442.4,5939.7,8803.9,9478.4,13993,12376,11109,12166,11078,11977,10348,9254.4,10919,9828.2,6274,8945.8,11007,9845.4,9609.6,7615.2,11351,10066,6463.9,9091.2,11971,10311,9602.1,7708
14179,11700,16168,15719,13578,13286,12251,7971.4,9667.5,8847,9494.6,8570.7,10203,6883.4,3779.9,6072.4,11188,10943,10542,10991,11508,10942,9455.8,10569,6849.8,12819,5867.7,14869,12717,9838,9838.6,10806,8052.5,6223.5,8262.9,9223.7,5114.1,6162.2,9108,9805.4,13282,11492,10742,10678,9865.8,10436,10188,9783.2,14766,12239,15435,14902,14112,13639,12048,9650.9,11218,10606,10803,9564.3,10560,6239.2,3816.7,7621.7,11255,10549,12100,11207,11111,10835,10124,10487,7073.2,12633,6038.6,14701,12707,9580.1,9546.9,10254,9385.7,6625.4,8416,9107.4,7313.5,5936.2,8784.2,9487.3,14040,12367,11142,12009,11096,11960,10279,9249.6,11008,9811.9,6218.3,8956.2,11101,9847.4,9595,7605,11340,10071,6488,9051.3,12168,10335,9591.9,7693.2
14137,11663,16179,15729,13577,13272,12265,7955.6,9668.5,8872.8,9487.1,8555.3,10230,6882.1,3807.4,6104,11201,10950,10562,10970,11493,10952,9469.7,10568,6837.5,12770,5856.4,14859,12694,9805.6,9807.5,10746,8032.2,6212.7,8242.4,9229.5,5126.8,6161.9,9132.4,9827.9,13324,11504,10766,10657,9913.6,10436,10058,9787.4,14750,12231,15441,14885,14113,13653,12063,9651.8,11203,10619,10840,9563.9,10556,6247,3838.2,7616.3,11259,10551,12092,11183,11120,10837,10128,10485,7052.9,12660,6074,14685,12723,9599.2,9542.1,10237,9389.4,6671.3,8399,9103.4,7285.3,5977.9,8790.6,9513.4,14001,12373,11125,12103,11166,12025,10314,9271.3,10961,9851.8,6281,8968.2,11049,9875.7,9605.5,7621.6,11347,10049,6384.6,9066,12090,10391,9602,7672.4
14151,11686,16172,15696,13588,13295,12260,7983.8,9637.2,8896.1,9493.3,8570.6,10210,6848.2,3799.4,6085.5,11182,10935,10537,10975,11505,10934,9461.5,10537,6855.8,12784,5857.4,14879,12679,9821.4,9815.3,10757,8021.7,6185,8281.4,9198.9,5122.5,6095,9106.6,9790.8,13372,11524,10789,10684,9904.8,10437,10114,9773.5,14754,12245,15450,14880,14117,13625,12046,9668,11289,10606,10865,9582.1,10533,6280.2,3807.2,7624.3,11264,10551,12104,11205,11111,10815,10113,10475,7100.2,12637,6050.3,14701,12735,9587.3,9521,10222,9392.6,6677.6,8369.7,9074,7341.8,5956.3,8789.3,9467.4,13977,12340,11126,12078,11187,12031,10266,9242.8,10969,9821.5,6285.2,8901.6,11120,9936.9,9587.5,7603.4,11356,10053,6451.6,9085.2,12027,10361,9616.6,7704.7
14171,11715,16176,15687,13582,13319,12270,7990.2,9669.8,8909.6,9480.1,8546.5,10175,6904.2,3774.9,6049.9,11184,10905,10544,10989,11523,10920,9473.2,10537,6865.6,12809,5860.4,14892,12719,9836.2,9807.6,10732,8033.5,6184.7,8266.4,9219,5155.4,6153.9,9061.7,9808.2,13296,11483,10794,10680,9920.3,10454,10066,9770.1,14772,12232,15451,14888,14139,13653,12058,9682.2,11193,10613,10840,9570.1,10547,6268.7,3831.8,7616.2,11247,10550,12106,11197,11113,10803,10113,10438,7059.9,12606,6025.4,14705,12711,9591.5,9532.9,10258,9361.2,6681,8395.4,9061.3,7346.1,5939.1,8787.7,9483.9,14081,12417,11122,12064,11116,11986,10272,9250,10926,9830,6244.1,8923.4,11048,9875.2,9619.9,7625.2,11330,10040,6472.6,9044.1,12172,10322,9644.9,7702.4
14151,11672,16157,15680,13603,13270,12270,7989.1,9673.3,8875,9474.7,8559.3,10197,6916.6,3790.2,6092.1,11206,10912,10563,10988,11486,10908,9472.5,10533,6820.4,12806,5879.1,14842,12715,9830.3,9809.3,10774,8040.2,6217.8,8223.2,9223.3,5139.9,6177.5,9099.6,9817.4,13277,11516,10770,10704,9877,10508,10103,9761.6,14775,12262,15441,14889,14091,13630,12068,9647.7,11299,10662,10821,9563.7,10570,6279.8,3845.7,7640.1,11249,10539,12096,11224,11109,10805,10099,10447,7059,12655,6108.9,14728,12745,9620.7,9540.4,10265,9412.7,6655.9,8397.4,9095.8,7386.9,5993.7,8817.6,9493.9,14003,12412,11205,12146,11170,12064,10288,9225.6,10958,9821.1,6333,8924.4,11185,9836.6,9599.6,7650.3,11366,10043,6477.4,9038.7,12057,10394,9631.2,7710.3
14170,11704,16168,15689,13591,13298,12266,7975.8,9677.1,8882.7,9476.7,8549.1,10197,6903.1,3794.4,6120.8,11191,10912,10530,10980,11505,10893,9470.6,10535,6879.5,12793,5865.5,14906,12717,9843.3,9795.7,10768,8042.1,6260.9,8295,9223.2,5143.6,6131.9,9084.3,9804.1,13271,11487,10758,10725,9875.9,10475,10062,9750.3,14776,12288,15450,14867,14110,13640,12064,9657.4,11313,10627,10888,9577,10589,6258.9,3854.2,7630,11255,10523,12083,11225,11108,10792,10111,10470,7079.3,12627,6097.6,14694,12735,9605.1,9526.8,10198,9399.1,6667.6,8404,9061.9,7366,5971.2,8848.1,9471.9,13997,12414,11186,12121,11083,12039,10294,9213,10963,9842.1,6215.9,8926.1,11077,9901.6,9604.9,7611.6,11343,10057,6434.8,9072.8,12010,10401,9600.3,7692.7
14158,11678,16172,15686,13555,13297,12299,7968.8,9719.7,8897.9,9475.1,8559.1,10199,6863,3759.2,6078.2,11208,10925,10556,10993,11497,10912,9469.8,10565,6872,12792,5876.5,14871,12663,9813.8,9799.9,10767,7987.8,6198.9,8245,9230.5,5136.2,6159.4,9114.2,9816.1,13262,11520,10809,10751,9897,10487,10167,9737.7,14770,12280,15463,14884,14078,13603,12073,9660,11258,10666,10847,9560.7,10605,6281.3,3814.2,7645.2,11262,10547,12133,11214,11126,10794,10112,10503,7058.7,12678,6076.9,14669,12707,9587,9533.7,10252,9424.5,6653.3,8413.5,9065.8,7395.1,5939.7,8821.2,9479.5,13955,12396,11142,12161,11148,12040,10273,9203.9,10970,9817.7,6320.2,8907.2,11076,9872.9,9570.8,7636.5,11299,10045,6432.4,9060.7,12011,10369,9642.3,7681.8
14142,11684,16174,15671,13558,13302,12282,7972.1,9695.5,8865.9,9470,8558.8,10199,6868.1,3768.5,6091.9,11208,10926,10573,10987,11496,10909,9469.3,10571,6859.3,12826,5855.3,14882,12733,9829.2,9803.2,10812,8041.8,6200.9,8273.7,9246.5,5092.1,6155.3,9115.1,9809,13272,11532,10805,10714,9911.7,10492,10070,9750,14768,12258,15439,14887,14091,13567,12083,9647.2,11241,10638,10836,9541.5,10572,6232.8,3835.5,7646.9,11271,10569,12089,11241,11116,10802,10118,10473,7097.7,12665,6091.1,14732,12721,9607.4,9526.8,10245,9363.7,6631.2,8448.1,9105.7,7361.7,5972.1,8833.4,9506.5,14020,12436,11192,12193,11165,12082,10352,9197.6,10904,9827.4,6262.7,8959.4,11009,9811.7,9559.1,7632.5,11331,10034,6413.5,9079.6,12191,10387,9581.2,7701
14173,11697,16176,15688,13554,13284,12283,7963.3,9728.3,8922.2,9518.1,8548,10204,6837.7,3784.9,6101.8,11199,10927,10560,11009,11511,10907,9478.3,10591,6803.9,12841,5845.8,14871,12726,9805.4,9813.6,10823,8009.5,6208.7,8272.8,9251.1,5117.2,6173.5,9092.6,9814,13330,11529,10794,10712,9955.9,10492,10091,9760.7,14759,12268,15421,14884,14061,13609,12068,9650.3,11238,10655,10839,9549.4,10559,6295.2,3839.6,7654.5,11262,10557,12130,11251,11085,10789,10129,10509,7100.9,12686,6054.2,14682,12700,9575.5,9527,10284,9382.7,6672.7,8380.9,9105.6,7349.2,5988.5,8810.9,9491.4,13959,12450,11197,12174,11217,12140,10381,9220.6,10953,9832.4,6382.4,8946.4,11188,9864.2,9625.7,7615.5,11343,10074,6521.3,9050,12045,10294,9620.7,7704.2
14196,11690,16183,15717,13581,13327,12300,7971.6,9740.1,8913.3,9508.6,8577.8,10231,6919.4,3769.1,6120.6,11206,10937,10566,11022,11515,10908,9492.8,10635,6850.5,12810,5866.4,14861,12732,9827.6,9827.2,10850,8016,6223.9,8333.6,9264.6,5125.1,6161.6,9140,9804.4,13298,11551,10819,10765,9899.7,10489,10165,9754.8,14771,12248,15450,14897,14040,13593,12081,9653.4,11281,10672,10860,9575.4,10567,6252.1,3841.5,7678.6,11258,10521,12155,11256,11083,10789,10121,10540,7049.7,12706,6059.2,14757,12753,9639.3,9568.8,10326,9369.7,6649.7,8374.8,9128.6,7366.7,5971,8799.9,9494.1,13978,12460,11213,12180,11180,12188,10377,9190.6,10961,9829.6,6279.1,8927.9,11170,9883.2,9599,7634.2,11292,10025,6492,9047,12041,10336,9640.2,7706.7
14175,11720,16197,15693,13550,13281,12284,7986.7,9735.9,8902.5,9479.6,8548.5,10226,6902.3,3783.8,6114.2,11198,10934,10550,11005,11511,10905,9478.6,10600,6835,12851,5937.4,14865,12730,9852.4,9837,10876,8000.2,6177.5,8303.9,9270.7,5138.8,6143.1,9148.8,9821.2,13284,11560,10855,10739,9977.8,10513,10164,9763.5,14762,12291,15437,14867,14010,13562,12111,9661.3,11260,10621,10832,9600.3,10582,6192.2,3842.7,7664,11281,10581,12170,11260,11121,10810,10127,10523,7091.3,12706,6042.2,14725,12751,9622.8,9550,10313,9400.7,6653.4,8414.4,9132.3,7336.3,5983.8,8815.8,9528.6,14024,12493,11254,12167,11199,12101,10379,9204.7,10958,9838.5,6315.3,8945.8,11052,9857.9,9628.9,7656,11299,10038,6429.9,9087.3,12093,10366,9618.8,7718.6
14161,11722,16183,15676,13547,13273,12255,7971.1,9739,8890.9,9495,8573.5,10171,6897.9,3774.3,6093.5,11182,10936,10548,10985,11500,10913,9489.9,10609,6873,12816,5813.8,14867,12768,9836.8,9826.3,10819,7986.5,6257.1,8328.9,9255.6,5181.8,6133.1,9146,9819.6,13317,11522,10810,10778,9910.9,10488,10202,9774.2,14759,12274,15409,14869,13974,13586,12043,9657.1,11275,10649,10868,9563.6,10547,6263.2,3855.9,7652.6,11250,10547,12143,11248,11086,10804,10131,10528,7103.5,12677,6045.4,14713,12769,9589.8,9555.2,10306,9354.9,6712.3,8401.5,9112.4,7346.4,5996.7,8804.6,9483.2,14007,12429,11231,12182,11206,12196,10396,9235.7,10971,9823,6374.6,8947.3,11091,9899.9,9631.4,7620.9,11331,10061,6477.7,9063.3,12018,10313,9666.5,7704.2
14181,11722,16182,15707,13564,13274,12267,7979.8,9694.2,8884.2,9516.3,8558.6,10170,6910.2,3786.1,6115.5,11177,10943,10541,10970,11503,10925,9481.2,10584,6867.1,12806,5792.7,14858,12733,9850.4,9821.3,10816,8024.5,6210.1,8334.3,9260.2,5143.1,6167.4,9123.4,9831.9,13286,11530,10796,10701,9994,10513,10081,9755.6,14769,12273,15431,14888,13995,13592,12053,9641.2,11221,10660,10921,9578.2,10564,6233.9,3833.9,7640.9,11255,10549,12130,11246,11100,10815,10118,10479,7159.5,12652,6077.1,14691,12734,9620.1,9563,10291,9382.5,6628,8437.1,9124,7346.6,5958.2,8809.9,9496.6,14039,12390,11235,12163,11105,12137,10340,9221.2,10926,9817,6413.5,8946,11158,9839.3,9636.2,7638.4,11341,10047,6442.6,9058.8,12113,10361,9652.3,7698.4
14157,11711,16168,15704,13550,13274,12250,7966.8,9700.8,8869.2,9540.4,8545.5,10193,6889.7,3793.2,6101.4,11175,10954,10561,10957,11487,10924,9467,10609,6872.4,12801,5873.8,14855,12747,9824.6,9812.6,10803,8059.3,6201,8296.6,9257.6,5156.5,6151.7,9109.8,9812.7,13278,11505,10832,10718,9950.8,10541,10105,9758.5,14753,12248,15429,14876,14059,13603,12046,9604.7,11212,10636,10829,9566.5,10552,6207.6,3856.9,7616.8,11236,10589,12108,11223,11119,10814,10129,10481,7109.3,12623,6052.1,14684,12729,9640,9545.3,10273,9371.3,6618.5,8405.8,9114.4,7414.7,5952.7,8810.1,9504.8,13955,12398,11161,12187,11144,12023,10379,9226.8,10885,9791.4,6416.1,8942.7,10979,9852.1,9604,7626.8,11335,10072,6562.2,9084.1,12105,10359,9636.7,7703.5
14171,11702,16178,15707,13576,13304,12240,7987.5,9695.3,8891.7,9496.6,8567.9,10194,6863,3789.3,6120.1,11181,10954,10563,10976,11520,10942,9468.2,10584,6834.8,12810,5894.8,14890,12746,9839.5,9819.9,10786,8014.4,6194,8316.4,9240.6,5139.9,6176.8,9122.3,9820.6,13318,11478,10795,10704,9989.9,10498,10039,9775.9,14762,12275,15441,14880,14030,13584,12032,9646,11193,10641,10875,9556.5,10523,6248,3802.5,7607.1,11250,10571,12135,11220,11101,10830,10120,10470,7097,12651,6064.8,14737,12766,9599.5,9565.5,10263,9394,6628.3,8359,9108.7,7376.1,5975.6,8806,9506.2,14036,12403,11199,12092,11191,12066,10255,9260,10964,9845.3,6356,8942.1,11221,9822.6,9600.7,7621.4,11323,10071,6511.3,9121.4,12132,10297,9613,7710.5
14193,11687,16198,15715,13621,13321,12255,7990.1,9707.2,8863.1,9517.3,8585.1,10201,6939.2,3802,6098.6,11190,10969,10556,11002,11527,10955,9479,10617,6875.4,12830,5921.4,14892,12740,9829.6,9831,10776,8055.4,6204.8,8311.1,9255,5112.3,6142.9,9096,9836.6,13295,11538,10824,10728,9915.1,10469,10141,9801.6,14774,12279,15442,14905,14098,13613,12042,9646.8,11272,10627,10870,9579.1,10574,6220.8,3821.2,7627.5,11251,10601,12141,11224,11121,10847,10151,10527,7087,12669,6120.5,14724,12739,9608.5,9580.6,10294,9387.7,6705.3,8455.9,9122,7335.1,5967.5,8803.4,9507.2,13923,12409,11204,12137,11138,12047,10319,9266.5,10974,9816,6257.7,8960.5,11019,9898.2,9609.9,7618.6,11311,10042,6420.7,9068.8,12087,10330,9626.9,7715.8
14168,11705,16214,15740,13634,13319,12262,7988.6,9728.5,8867.1,9546.7,8561.1,10176,6917.4,3776.1,6115.3,11177,10940,10540,10982,11500,10949,9471.3,10590,6891.2,12836,5888,14896,12741,9826.1,9835.5,10786,8034.1,6195.2,8264.1,9240,5165.8,6148,9105.8,9805.3,13246,11536,10787,10713,9940,10501,10113,9769.7,14760,12230,15442,14899,14125,13561,12031,9650.3,11218,10619,10878,9556.6,10557,6242.6,3808.7,7595,11243,10591,12141,11219,11098,10824,10120,10495,7103.7,12644,6099.8,14727,12748,9614.2,9565.6,10248,9373.2,6670.9,8424.5,9099,7362.7,5944,8823.6,9494,14019,12375,11153,12098,11070,12035,10315,9266.6,10961,9834.7,6305.3,8944.7,11113,9806.1,9609.8,7632.4,11346,10051,6403.9,9076.9,11997,10349,9594.5,7698.3
14179,11674,16192,15703,13589,13281,12237,7957.7,9698.9,8869.1,9528.5,8577.5,10221,6898.7,3784.2,6093.6,11179,10936,10556,10961,11470,10937,9450.8,10570,6873.1,12825,5833.6,14855,12726,9850.9,9806.2,10704,8023,6155.4,8292.3,9226.6,5151.5,6160.6,9123.8,9815.9,13285,11509,10799,10700,9852.6,10496,10069,9754,14760,12244,15415,14865,14057,13583,12019,9637.9,11194,10619,10869,9534.6,10529,6208.6,3828,7621.6,11240,10598,12138,11205,11057,10813,10130,10465,7069.4,12639,6055.5,14696,12685,9580.7,9555.1,10255,9386.9,6652.6,8419.6,9099.2,7389.9,5958.3,8782.7,9489.3,13946,12389,11156,12082,11144,12027,10336,9227.7,10985,9826.6,6410.4,8956.6,11085,9887.7,9590.5,7653.5,11348,10089,6501.5,9107.9,12037,10343,9615.1,7692.3
14187,11674,16203,15710,13597,13284,12240,7965.9,9722.3,8871,9528.3,8578.7,10181,6825.7,3787.1,6084.3,11168,10929,10551,10945,11506,10939,9443.2,10550,6894.2,12846,5902.7,14888,12701,9833.9,9813.6,10703,8053.4,6179.3,8301.5,9229.5,5111.1,6135.2,9122.2,9785.2,13289,11541,10777,10590,9856.2,10423,10012,9752.9,14766,12245,15427,14863,14034,13582,12030,9644.2,11222,10628,10848,9526.6,10528,6202,3811.9,7621,11249,10580,12110,11197,11080,10812,10126,10462,7109.3,12615,6038.4,14697,12706,9585.7,9544.7,10242,9365.5,6636.9,8470.1,9076.7,7351.2,6021.1,8814.8,9477,13979,12347,11151,12109,11105,12035,10308,9231.7,10929,9863.5,6243.4,8941.9,11111,9825.9,9605,7622.8,11353,10114,6461.2,9068.8,12105,10299,9597.8,7702
14176,11689,16193,15717,13592,13324,12242,7985.1,9656,8862.9,9514.3,8558.7,10181,6854.6,3790,6102.6,11161,10945,10550,10977,11513,10929,9463.3,10569,6860.7,12827,5852.3,14882,12694,9821.9,9822,10748,8064.6,6215.2,8255,9225.5,5090.1,6146.5,9107.1,9816.6,13303,11483,10784,10709,9839.7,10441,10091,9735.6,14765,12251,15426,14867,14033,13586,12029,9664.5,11273,10616,10867,9523.7,10518,6220.5,3814.5,7642.9,11245,10582,12138,11186,11067,10810,10124,10505,7064.9,12590,6045.1,14712,12711,9604.5,9544.6,10203,9353.5,6586.9,8405.7,9078.7,7327.8,6008.9,8815.7,9471.7,13974,12380,11179,12044,11123,12006,10229,9220.2,10923,9853.8,6279.6,8950.1,11179,9868,9599.6,7632.8,11403,10097,6462.7,9070.2,12102,10379,9592.4,7719.6
14177,11687,16191,15698,13610,13312,12245,7971.5,9662,8858.5,9536.1,8562.5,10201,6893.3,3774.1,6085.3,11182,10931,10573,10980,11499,10933,9459.1,10531,6926.6,12796,5880.6,14845,12709,9790.4,9819.4,10716,8050,6186.1,8270.6,9232.4,5106.7,6136.3,9132.6,9811.1,13284,11521,10799,10715,9915.1,10469,10156,9740.1,14749,12232,15423,14866,14057,13592,12032,9653.6,11213,10601,10846,9529.3,10550,6188.6,3815.9,7634.6,11280,10591,12126,11185,11056,10804,10125,10442,7089.8,12625,6038.4,14725,12666,9572.1,9545.6,10199,9363.2,6621.3,8394.6,9080.5,7298.3,5997.5,8818.3,9500.3,13987,12374,11189,12095,11161,12058,10335,9210.9,10969,9808,6388.6,8988.7,11126,9820.2,9615.9,7637,11336,10069,6468.7,9099.5,12200,10385,9618.1,7715.2
14176,11681,16179,15690,13598,13318,12255,8001.4,9725.2,8896.3,9527.9,8579.2,10219,6871.3,3795.7,6085.5,11175,10932,10564,10987,11489,10907,9451,10532,6885.5,12837,5845.8,14877,12709,9765.4,9821.2,10747,8038.4,6208,8253.3,9214.1,5113.3,6155.3,9138,9803.7,13275,11532,10828,10689,9946.5,10478,10123,9733,14757,12222,15397,14862,14060,13607,12037,9643.9,11239,10625,10837,9540.7,10543,6160.5,3849.8,7632.7,11279,10595,12153,11188,11064,10787,10102,10464,7084.7,12626,6028.6,14710,12730,9602.5,9547.8,10204,9375.9,6638.6,8378.2,9096.3,7392.5,6005.4,8838.2,9471.8,14035,12392,11185,12137,11188,11995,10316,9210.9,10963,9826.2,6387.6,8976.1,11241,9801,9604,7614.8,11393,10130,6520.8,9065.9,12065,10373,9613.1,7702.4
14156,11684,16205,15686,13589,13314,12266,7977,9688.5,8882.2,9541.6,8563.1,10219,6857.9,3773.6,6114,11185,10926,10605,10999,11505,10897,9462.7,10582,6849.1,12843,5879.8,14878,12727,9754.7,9823.7,10784,8031.7,6171.9,8283,9219.3,5117.1,6146.7,9145.3,9811.2,13251,11522,10822,10654,9918.9,10501,10061,9742.2,14752,12251,15420,14840,13995,13584,12035,9650.6,11243,10676,10903,9560.1,10578,6239.2,3851.8,7635,11275,10606,12176,11215,11089,10786,10120,10452,7080.7,12653,6088.4,14742,12708,9580.7,9556.1,10249,9374.9,6657.7,8395.4,9093.7,7330.4,5977,8825.5,9489.7,13971,12397,11178,12172,11209,12038,10302,9200.7,11035,9873.3,6440.3,8973.2,11121,9849.4,9598.1,7614.4,11359,10103,6386.8,9094,12078,10339,9578.7,7699.3
14176,11710,16175,15672,13644,13334,12273,7972.5,9742.6,8920.5,9509.1,8590.3,10210,6904.2,3803.6,6108.3,11203,10929,10605,10983,11516,10922,9479.5,10545,6896.6,12821,5910.4,14881,12700,9766.9,9815,10719,8036.7,6179.4,8283.2,9226.6,5141.5,6162.1,9114.1,9797.6,13269,11521,10839,10745,9911.9,10491,10102,9745.5,14761,12243,15407,14840,14023,13590,12039,9650.5,11255,10659,10852,9541.9,10545,6189.1,3848.7,7643.5,11294,10582,12164,11215,11079,10797,10119,10465,7068.7,12658,6051.7,14699,12677,9577.8,9538.1,10233,9401.5,6650.3,8358.6,9086.5,7276.4,5991.5,8824.3,9485.9,14010,12413,11179,12120,11158,12037,10348,9224.6,10988,9857.2,6293.7,8922.3,11261,9871.1,9574.9,7632,11369,10070,6455.3,9083.9,12148,10385,9603.2,7710.9
14179,11673,16197,15676,13637,13342,12264,7986.9,9718.6,8886,9563.1,8571.4,10236,6908,3785.2,6118.7,11183,10904,10603,10967,11529,10905,9475.6,10494,6909,12770,5856.8,14840,12695,9772.9,9787,10699,8043.8,6175.1,8276.2,9223.2,5116.3,6150.9,9131.3,9811.1,13278,11505,10778,10729,9914.5,10499,10033,9713.7,14746,12257,15417,14861,14068,13598,12034,9654.5,11262,10627,10828,9566.8,10562,6182.9,3806.8,7618.3,11276,10570,12161,11206,11069,10781,10097,10431,7069,12640,6098.1,14725,12662,9558.3,9500.6,10223,9391.5,6632.4,8340.8,9067.5,7385.5,5995.8,8850.1,9478.4,13993,12373,11182,12133,11080,11988,10194,9203.8,10971,9897.2,6340.7,8947.6,11117,9792.7,9609.6,7639.6,11353,10098,6396.8,9083.6,12074,10392,9557,7700.4
14147,11666,16189,15692,13587,13349,12265,7987.1,9698.2,8888,9534.8,8577.4,10200,6878.1,3779.1,6134.8,11185,10946,10600,10980,11524,10913,9467.3,10534,6840.7,12781,5876.6,14882,12729,9764.5,9785.2,10727,8044.7,6202.3,8253.7,9196.4,5116.8,6149.4,9146.5,9817.5,13253,11508,10766,10745,9899.5,10474,10027,9714.8,14776,12230,15444,14877,14024,13628,12023,9652.6,11219,10594,10863,9582.9,10591,6273.1,3818.6,7619.9,11282,10619,12160,11197,11084,10796,10119,10427,7057.1,12612,6064,14688,12745,9547.3,9527.6,10181,9371,6657.2,8373.7,9070.9,7340.6,5983.8,8833.6,9486.4,14021,12374,11191,12106,11176,12007,10308,9213.6,10940,9885.4,6340.2,8935.9,11174,9741.1,9587.4,7627.1,11407,10095,6432,9056.7,12240,10317,9583,7703.9
14181,11714,16195,15690,13625,13335,12265,7972.8,9718.9,8829.9,9509.8,8567.9,10213,6920.8,3780.2,6106,11209,10981,10622,10977,11548,10913,9469.8,10510,6868.6,12807,5873.1,14841,12686,9787.1,9807.9,10673,8052.6,6193.4,8260.5,9202.8,5136.2,6151.8,9084.8,9814.2,13342,11476,10747,10678,9928.9,10483,10022,9721,14773,12235,15423,14861,14050,13565,12041,9644,11204,10612,10885,9557.3,10564,6221,3840.3,7656.1,11299,10616,12181,11223,11092,10804,10117,10421,7110.4,12624,6096.1,14716,12737,9545.3,9508,10189,9403.2,6643.3,8425.3,9070,7381.1,5988.4,8819.9,9530.6,13986,12389,11224,12048,11150,12013,10263,9198.4,11031,9859.8,6380.6,8976.1,11161,9844.8,9588.2,7618.2,11431,10093,6478.2,9115.6,12168,10312,9588.5,7696.1
14167,11687,16200,15706,13562,13312,12260,7995.7,9705.1,8894.9,9561.2,8589.9,10215,6947.7,3766.8,6100.3,11206,10954,10591,10978,11549,10923,9471.5,10511,6919.1,12821,5848.6,14848,12657,9782.5,9771.3,10718,8048.9,6179,8263.8,9196.9,5152.2,6172.5,9088.1,9791.7,13335,11493,10782,10710,9889.8,10484,10014,9720.8,14742,12212,15421,14852,14019,13571,12049,9634.9,11174,10615,10866,9560.4,10538,6221.5,3845,7633.1,11305,10617,12188,11204,11087,10793,10119,10416,7086.3,12631,6084.2,14739,12729,9569.6,9498.4,10138,9377.7,6603.8,8362.4,9063.9,7342.9,5974.4,8817.4,9544.8,13958,12403,11172,12146,11186,11985,10238,9192.6,11033,9904.1,6346.2,8944.2,11239,9875.7,9609.8,7624.8,11375,10098,6468.5,9094.4,12277,10393,9590.3,7704.9
14164,11704,16182,15710,13599,13329,12262,7988.9,9685.1,8883.4,9569.4,8560.4,10205,6923.4,3781.1,6093.8,11192,10962,10617,10974,11507,10917,9467.4,10488,6881.9,12791,5906.6,14869,12712,9787.7,9804.3,10669,8061.3,6177.5,8270.8,9216.6,5151.5,6167.5,9095.2,9788.4,13290,11508,10743,10673,9898.5,10525,10031,9725.9,14768,12249,15405,14875,14044,13578,12037,9624.4,11209,10630,10838,9561.5,10577,6244.4,3830.8,7625.2,11289,10602,12197,11215,11085,10799,10125,10389,7094.9,12636,6076.5,14704,12732,9542.9,9499.3,10176,9430,6660.2,8336.3,9090.8,7295.8,5997.5,8829.1,9499.6,14009,12390,11241,12137,11200,12025,10230,9184.4,11030,9865,6363,8939.3,11194,9951.4,9602,7619.7,11426,10095,6518,9076.3,12223,10362,9590.4,7705.9
14157,11662,16162,15693,13578,13305,12248,7990.3,9646.1,8918.6,9580.6,8589.8,10186,6901,3813,6080.5,11189,10959,10602,11003,11487,10912,9477.8,10536,6877,12812,5874.1,14852,12703,9792,9766.7,10714,8037.4,6171.4,8256.9,9210.1,5099.6,6157.4,9089.7,9797.5,13290,11507,10819,10668,9939,10464,10028,9715.9,14750,12238,15423,14856,14004,13609,12029,9623.8,11203,10625,10836,9547,10556,6216.4,3804.4,7651,11305,10620,12231,11226,11085,10800,10108,10435,7037.5,12617,6045.3,14671,12700,9567.4,9516.8,10140,9385.3,6653.1,8421.7,9067.2,7353.3,5975.3,8838.9,9484.6,13970,12392,11172,12090,11157,12011,10221,9215.5,10987,9872.3,6346.4,8941.7,11135,9849.1,9615.2,7626.8,11420,10139,6468.1,9125.2,12068,10342,9635.4,7712.8
14172,11671,16176,15678,13604,13304,12250,7989,9703.3,8841.5,9544.7,8591,10184,6882.9,3802.5,6084.5,11196,10960,10593,10985,11481,10912,9463.9,10489,6882.9,12792,5865.3,14874,12732,9790.9,9767,10673,8011.7,6166.3,8283.1,9219.3,5148.7,6159.1,9062.4,9776.2,13307,11506,10790,10676,9862.3,10470,10017,9700.2,14778,12226,15411,14863,14047,13607,12039,9633.3,11180,10594,10842,9562,10594,6266.9,3823.3,7656.8,11294,10643,12243,11219,11076,10819,10108,10427,7062.5,12624,6087.5,14709,12695,9543.1,9502.2,10154,9380.2,6669.4,8381.2,9081.7,7416.2,5960.5,8818.6,9508.2,14027,12391,11209,12159,11133,11992,10204,9199.7,11079,9853.9,6326.7,8925.9,11113,9896.2,9584.4,7631.3,11441,10121,6540.5,9090.6,12123,10373,9565.7,7694.3
14150,11722,16171,15680,13551,13280,12229,7979.1,9700.8,8867,9491,8584.3,10170,6851.1,3787.2,6065.9,11192,10989,10562,10968,11488,10915,9474.3,10512,6874,12761,5926.3,14846,12698,9776.3,9794.7,10717,8052.1,6190.4,8315.2,9191.7,5130.2,6135.3,9131.6,9789.7,13295,11469,10759,10674,9842.7,10448,10049,9699.7,14752,12218,15413,14862,14063,13580,12038,9639.8,11220,10617,10824,9560.9,10558,6207.2,3861.6,7658.4,11279,10656,12230,11216,11077,10829,10123,10399,7073.2,12630,6114.9,14682,12746,9567.7,9547.4,10161,9394.6,6622.7,8390.7,9064.2,7364.6,5975.8,8813,9492.3,13999,12367,11122,12070,11132,12069,10212,9223.2,11006,9891.9,6342,8949.7,11219,9830.2,9586.8,7640.4,11412,10096,6418.8,9065.5,12102,10360,9598,7698.2
14173,11686,16167,15704,13603,13263,12219,7976.1,9681.7,8853.1,9546.9,8566,10189,6890.3,3784.1,6089.1,11190,11016,10596,10994,11486,10923,9479.6,10502,6865,12750,5874.3,14853,12713,9797.2,9781.8,10694,8060.9,6189.9,8318.5,9216.3,5115.2,6147.6,9111.5,9804.5,13291,11482,10798,10647,9913.8,10457,9945.3,9731,14775,12203,15442,14877,13984,13574,12013,9606.5,11210,10611,10792,9542.2,10560,6189.6,3862.6,7650.1,11258,10646,12185,11244,11072,10838,10122,10430,7038.2,12617,6007.4,14714,12704,9559.5,9514.1,10153,9390.6,6664.2,8359.4,9063.4,7309.6,5973.1,8789.9,9482,13977,12342,11154,12103,11098,12009,10306,9209.9,11014,9875.4,6312.7,8934.3,11243,9869.2,9569.1,7631.5,11415,10144,6489.2,9071.2,12249,10360,9537.2,7694
14163,11684,16165,15703,13595,13290,12233,7992.4,9699.2,8844.7,9501.1,8545.6,10212,6946.5,3795.9,6128.7,11179,11009,10604,10983,11475,10929,9483.6,10497,6833.5,12738,5838.3,14855,12714,9791.5,9796.1,10708,8022.2,6204.3,8305.3,9224.6,5102.5,6119.2,9102.8,9800.8,13323,11475,10796,10643,9910.8,10472,10019,9733.8,14762,12215,15418,14848,14043,13633,12025,9622.3,11172,10585,10796,9512.7,10562,6239,3822.9,7646.9,11260,10664,12205,11231,11071,10832,10116,10439,7052.2,12621,6027.2,14714,12699,9572.1,9529.9,10156,9398.8,6663.6,8373.5,9070.3,7343.1,6010.7,8806.3,9458.7,14020,12347,11168,12118,11100,12017,10284,9215.2,11072,9875.1,6388.8,8930.6,11225,9830.4,9627.7,7622.1,11431,10140,6480.8,9093,12274,10352,9572.2,7701.5
14162,11692,16165,15684,13611,13282,12232,7972.1,9711.1,8877.6,9533.2,8555.8,10222,6871.9,3796.3,6115,11171,10985,10591,10987,11483,10911,9471.7,10518,6847.3,12771,5874,14856,12687,9780.5,9795.6,10686,8061.9,6185.3,8278,9224.5,5079.2,6151.9,9107.8,9792.2,13307,11506,10805,10693,9877.2,10455,10071,9716.2,14769,12209,15407,14847,14089,13566,12011,9652.9,11244,10615,10841,9558.5,10563,6263.9,3849.9,7667.6,11275,10628,12182,11217,11084,10836,10107,10448,7045.1,12591,6016.4,14684,12697,9575.6,9539.5,10152,9397.6,6650.7,8450,9083.8,7400.4,5997.6,8826.1,9490.3,14002,12392,11174,12134,11068,11980,10259,9203.7,11034,9866.2,6350.4,8943.5,11105,9869.1,9629.3,7627.7,11426,10109,6481.4,9106.9,12281,10370,9614.3,7715.9
14169,11666,16138,15686,13631,13285,12244,7982,9735.3,8861.2,9508.5,8583.4,10238,6878.9,3788.1,6140.5,11170,10984,10590,11002,11508,10929,9468.2,10546,6879.4,12761,5856.7,14867,12648,9812.8,9823.1,10718,8049.2,6179.4,8260.3,9226,5090.4,6162.1,9135.1,9804.1,13301,11497,10775,10669,9911.9,10463,10091,9722,14771,12235,15403,14877,14074,13554,12027,9638.2,11204,10629,10863,9535.2,10554,6219.7,3827.3,7643.9,11257,10634,12182,11227,11092,10839,10117,10437,7094.4,12594,6046,14671,12728,9610.4,9576.7,10188,9389.8,6669.8,8428.1,9076.7,7329.1,6011.9,8801.5,9508.3,14014,12361,11158,12128,11156,12003,10276,9201.6,11060,9868.2,6356.9,8968.5,11136,9913.1,9643.9,7648.4,11398,10154,6520.1,9085.2,12104,10409,9600.1,7700.5
14175,11666,16162,15687,13618,13278,12239,7990.2,9699.9,8888.9,9514.9,8585.9,10237,6915,3786.8,6118.6,11168,10973,10583,11001,11509,10913,9476.4,10503,6908.3,12784,5846.7,14855,12664,9816,9831.6,10729,8047.1,6195.9,8304.2,9210.9,5120.4,6159.2,9135.5,9800.6,13272,11499,10790,10666,9846.1,10482,10058,9706.7,14780,12261,15392,14861,14055,13578,12041,9660.4,11257,10618,10844,9558.3,10555,6280.6,3836.6,7637.5,11246,10623,12143,11229,11090,10829,10110,10468,7074.9,12630,6096.7,14674,12722,9578.8,9559,10203,9370.6,6635.2,8396.2,9075.6,7363.2,5990.6,8816.9,9456.8,14033,12357,11173,12080,11178,12028,10331,9176.7,10971,9866.8,6288.5,8955.7,11087,9872.5,9637.8,7642,11410,10088,6425.4,9075,12175,10389,9627.5,7697.5
14174,11697,16170,15686,13623,13259,12253,7995.7,9702,8877,9551.2,8562.5,10215,6932.7,3795,6085,11178,10966,10559,10991,11523,10923,9468.5,10536,6864.6,12793,5891,14884,12674,9854.8,9841.3,10723,8025.2,6206,8307.3,9232,5132.8,6110.9,9121.9,9812.9,13238,11541,10791,10714,9958.7,10442,10114,9713.8,14761,12214,15402,14856,14068,13549,12032,9658,11282,10607,10900,9547.8,10587,6246.5,3830.9,7631.3,11266,10602,12136,11231,11118,10833,10115,10470,7097.2,12667,6050.3,14686,12733,9585.7,9575.1,10208,9387.2,6641.4,8402.9,9086.8,7395.5,5971.8,8791.2,9441.8,14000,12391,11179,12126,11119,11985,10348,9191.6,10994,9888.8,6301.9,8939.4,11202,9900.9,9639.2,7631.2,11344,10143,6422.1,9072.7,12042,10422,9666.6,7702.8
14161,11673,16150,15675,13597,13284,12262,7980.2,9712.2,8851.5,9514.6,8565.5,10213,6854.4,3784.6,6076.7,11191,10941,10583,10997,11532,10939,9483,10510,6880.1,12798,5842.9,14842,12669,9815.5,9830.8,10710,8067.5,6221.4,8311.3,9224.1,5138.7,6146.2,9131.7,9797.1,13261,11515,10749,10699,9894.5,10474,10050,9720.6,14754,12219,15410,14879,14099,13587,12039,9655.4,11285,10641,10868,9543.3,10572,6242.7,3848.6,7635.7,11271,10600,12127,11253,11105,10845,10130,10418,7088.4,12645,6159.7,14675,12708,9631.1,9563.3,10181,9402.7,6649.1,8417.8,9065.3,7344.8,6008.8,8825.6,9451.4,13982,12357,11184,12044,11107,12077,10301,9203.3,10985,9853.1,6302.4,8934.5,11319,9899.2,9628.6,7628.8,11385,10074,6482.9,9048.7,12148,10409,9643.5,7697.1
14162,11673,16140,15666,13588,13274,12246,7976.2,9686.8,8863.6,9549.9,8568.7,10249,6869.8,3810.5,6089.9,11191,10946,10576,10985,11541,10938,9480.9,10498,6912.4,12803,5847.8,14865,12696,9809.7,9834.1,10705,8055.2,6231.7,8312,9195,5159.5,6157.2,9128.9,9799,13235,11496,10820,10685,9918.5,10476,10116,9722.2,14753,12256,15403,14856,14116,13576,12029,9684.4,11292,10652,10878,9563.4,10579,6262.2,3835.9,7664.3,11263,10585,12133,11230,11065,10836,10099,10407,7119.9,12647,6105.1,14679,12720,9633,9567.7,10191,9382.9,6686.4,8428.2,9050.3,7422,5991,8820.8,9465.4,13959,12387,11178,12096,11145,12021,10248,9186,10988,9826.8,6354.6,8959.6,11233,9838.5,9633,7623.7,11414,10103,6403,9093.3,12271,10402,9642.3,7713.3
14155,11672,16156,15678,13613,13299,12261,7983.7,9732.9,8891.1,9519.2,8556.6,10220,6939.3,3818,6121.6,11189,10965,10550,11004,11561,10947,9487.6,10538,6918.2,12823,5852.7,14844,12664,9857.3,9838,10743,8050.9,6206.4,8276.9,9240.4,5104.9,6179.5,9113.9,9807.2,13266,11519,10777,10741,9925.8,10472,10093,9725.9,14749,12245,15372,14880,14045,13601,12039,9669.7,11273,10623,10908,9562,10572,6240.7,3855.1,7672.5,11253,10596,12110,11240,11096,10856,10109,10449,7090,12617,6071.6,14666,12727,9626.4,9584.4,10190,9390.6,6683.3,8461.4,9079.9,7420.2,6006.8,8846.6,9473.6,13976,12391,11186,12144,11117,12033,10297,9198.2,11035,9854.9,6333.2,8967.9,11156,9855.4,9608.9,7631.5,11359,10127,6435.5,9078.5,12264,10432,9648.9,7705.5
14176,11686,16146,15698,13607,13308,12253,7996,9714.7,8906.7,9523,8580.6,10233,6863.9,3824.3,6133.7,11187,10957,10566,11010,11525,10961,9499.2,10543,6892.8,12773,5846,14841,12688,9834.2,9836.2,10732,8032,6209.5,8285.3,9247.3,5118.9,6189.1,9130.6,9805.1,13289,11525,10794,10728,9880.6,10481,10087,9731.5,14756,12258,15386,14893,14120,13579,12052,9647.1,11217,10646,10867,9560.4,10605,6233.2,3845.4,7663.3,11255,10608,12141,11250,11114,10860,10125,10427,7119.1,12610,6081.3,14662,12699,9604.3,9602.4,10209,9383.1,6646.4,8476.2,9100.7,7402.1,5991.5,8831.1,9480.8,13962,12382,11211,12080,11187,12049,10358,9204.8,11014,9902.6,6281.2,8958.2,11087,9863.1,9655.8,7631.8,11360,10113,6491.9,9105,12194,10433,9626.8,7717.4
14171,11712,16160,15698,13634,13329,12270,8001.8,9705.2,8909.3,9543.8,8567.8,10246,6918.6,3816.4,6116.8,11181,10960,10578,11007,11553,10964,9503.7,10539,6901.7,12793,5920.3,14840,12702,9829.6,9839.2,10741,8048,6204.7,8305.8,9243.1,5172.1,6152.3,9154.7,9798.2,13255,11513,10786,10701,9932,10462,10101,9733.4,14772,12258,15414,14886,14125,13592,12050,9675.4,11343,10646,10852,9557.3,10599,6275.8,3856.4,7692.1,11262,10602,12133,11247,11114,10868,10140,10439,7091,12607,6078,14689,12723,9626.2,9615.9,10209,9430.9,6679.5,8420.5,9089.9,7420.7,5988.9,8863.7,9483.8,13952,12380,11241,12113,11105,12045,10288,9217,11088,9854,6360.3,8958.7,11304,9915.3,9641.2,7634.2,11420,10092,6522.2,9089.6,12235,10401,9627.4,7707.2
14163,11688,16136,15682,13586,13280,12243,8002.1,9700,8913.1,9546.6,8576.1,10234,6941.3,3784.2,6094.7,11165,10952,10551,11003,11556,10955,9500.1,10511,6845.4,12785,5888.6,14844,12660,9805,9862.9,10744,8056.7,6251.8,8286.5,9221.7,5152,6185.7,9148.6,9762.2,13253,11529,10795,10659,9867.6,10481,10043,9709,14742,12238,15384,14878,14064,13553,12026,9681.4,11257,10625,10859,9563.4,10590,6280.7,3855.1,7656.4,11240,10543,12112,11238,11082,10851,10133,10448,7093.6,12630,6115.8,14657,12691,9603.7,9583.3,10201,9390.1,6684.7,8446.4,9087.6,7378,5961.7,8829.3,9487.4,13965,12393,11216,12166,11153,12018,10311,9227.7,10962,9848.6,6313.7,8960.5,11182,9902.2,9639.1,7661.6,11413,10110,6455.7,9117.4,11987,10463,9595.5,7707
14137,11707,16123,15696,13608,13265,12239,8000.6,9726.8,8849.8,9523.7,8566.9,10246,6914.2,3803.8,6127.2,11165,10932,10564,11009,11539,10955,9503.9,10497,6867.1,12743,5812.5,14862,12692,9814.8,9845.2,10722,8037.1,6180.9,8290.4,9228.3,5172.6,6163.1,9117.6,9806,13258,11507,10760,10724,9927.4,10451,10048,9740.1,14728,12227,15385,14865,14107,13609,12023,9661.9,11246,10610,10873,9550.4,10594,6284.8,3844,7674.8,11229,10537,12115,11245,11057,10844,10146,10410,7058.4,12607,6039.5,14678,12709,9631.2,9604.4,10180,9386.6,6701.4,8486.2,9092,7365.7,6003.5,8837.8,9463.5,13941,12380,11148,12114,11136,12034,10317,9234.9,11006,9849.6,6273.4,8944.2,11178,9864.6,9619.8,7642.6,11343,10143,6530.4,9081.6,12175,10405,9585.2,7705.4
14165,11679,16120,15699,13596,13250,12222,7991.8,9720,8845.6,9531.1,8572,10234,6898.5,3800.2,6135.7,11150,10931,10561,10985,11516,10945,9451,10523,6846.8,12749,5823.8,14845,12697,9818.6,9825.6,10706,8055,6227.3,8292.6,9234.1,5186.6,6166.3,9110.9,9793.5,13286,11517,10738,10714,9914.8,10444,10070,9712,14766,12263,15391,14880,14076,13580,12013,9671.3,11258,10611,10903,9547.3,10605,6261.6,3856.2,7689.2,11222,10566,12115,11224,11089,10844,10126,10421,7032,12593,6080.4,14701,12743,9626.6,9587,10176,9392.7,6670.5,8534.6,9099.9,7413.5,5938.3,8868.5,9473,13988,12374,11149,12067,11105,12048,10321,9196.3,10997,9886.9,6343.6,8955.7,11223,9846.7,9581.1,7632.4,11422,10146,6401,9116.6,11944,10415,9604.2,7720.7
14146,11700,16137,15684,13599,13264,12246,7989.2,9698,8893.9,9514.8,8569.2,10229,6877,3794.1,6117.6,11164,10965,10586,11006,11538,10954,9481.1,10558,6809.8,12774,5859.3,14828,12705,9806.6,9833.9,10733,8051.5,6188.3,8284.6,9225,5139,6161.7,9113.9,9808.7,13301,11489,10751,10705,9858.8,10487,10057,9723.6,14769,12240,15411,14866,14132,13578,12008,9659.8,11281,10597,10871,9573.8,10597,6263.8,3853.4,7663,11216,10560,12124,11227,11113,10856,10123,10450,7091,12583,6088.5,14727,12728,9621.5,9591.4,10205,9422.3,6650,8383,9102.6,7381.1,5990.5,8822.4,9461,13952,12359,11171,12119,11117,12044,10285,9229.2,11096,9887.9,6334.3,8956.9,11177,9776.2,9593.3,7631.9,11379,10112,6508.8,9115.5,12056,10401,9599.1,7724.5
14117,11669,16124,15707,13573,13238,12242,7998.3,9699.7,8846.5,9458.1,8569.5,10218,6889,3806.9,6132.3,11169,10959,10590,10985,11513,10963,9463,10560,6851.1,12784,5904.3,14853,12704,9782.8,9849,10711,8025,6230,8299.8,9214.8,5170.5,6153.9,9096.5,9803.7,13313,11487,10778,10679,9904.6,10481,10036,9744,14772,12232,15419,14891,14113,13596,12010,9642.2,11279,10624,10880,9594.2,10590,6245.7,3892.3,7676.8,11219,10581,12117,11222,11135,10872,10114,10464,7101.4,12576,6073.3,14676,12712,9624.6,9597.3,10172,9432.4,6679.4,8417.1,9083.2,7406.9,5998.2,8809.9,9494,14082,12352,11138,12111,11198,12038,10312,9226,11038,9861.5,6282.5,8976.5,11216,9840.5,9561.8,7649.8,11422,10091,6469.8,9109.3,12115,10415,9629.7,7705.3
14151,11717,16125,15711,13591,13293,12226,7958.7,9669.1,8923.5,9430.2,8546.8,10219,6890.1,3808.4,6164.4,11162,10960,10578,11007,11507,10948,9470.9,10599,6867.6,12763,5833.5,14845,12721,9791.1,9848.1,10726,7992.5,6208.6,8308,9230.3,5180.7,6166,9107.1,9804.3,13267,11497,10793,10702,9893.2,10511,10174,9743.1,14777,12246,15424,14893,14128,13637,12005,9647.1,11215,10628,10790,9590.7,10574,6249.3,3893.4,7674.5,11224,10562,12141,11252,11120,10858,10125,10495,7084.2,12604,6038.2,14688,12749,9632.7,9605.4,10217,9429.1,6641.7,8427.4,9102.1,7428.9,5967.4,8825.8,9506,14128,12411,11159,12057,11135,12057,10266,9214.9,11042,9857.6,6233,8966.2,11262,9839.4,9625.7,7648.3,11436,10109,6511.3,9116.9,12221,10421,9656.4,7723.7
14130,11713,16115,15710,13598,13301,12258,7958.4,9719.1,8890.5,9450,8558.8,10184,6858.8,3786.3,6127.6,11165,10985,10609,11020,11488,10962,9495.5,10592,6787.3,12781,5795.7,14810,12730,9819.7,9837.9,10785,8017,6234.2,8293.6,9257.5,5148.8,6165.4,9093.9,9818.6,13298,11462,10789,10693,9945.7,10453,10124,9756.9,14772,12252,15434,14900,14118,13634,12013,9651.8,11216,10634,10855,9602.5,10566,6271.8,3874.5,7642.2,11216,10598,12131,11241,11140,10874,10137,10458,7050.4,12626,6033.2,14708,12765,9652,9619.8,10238,9420.7,6704,8320.6,9095.6,7425.6,6038.1,8836.9,9524.9,14105,12386,11200,12119,11197,12089,10311,9251.3,11016,9863.5,6260.2,8986.5,11109,9796.3,9635.3,7646.6,11429,10123,6526.9,9101.5,12145,10408,9605.1,7733.6
14121,11683,16117,15686,13580,13264,12235,7967.7,9699.9,8877.1,9471.9,8531.3,10183,6898.7,3789,6133.2,11154,10983,10603,11030,11452,10942,9472.2,10609,6783,12772,5857.2,14786,12748,9806.8,9823.7,10787,7987.6,6212.2,8260,9234.1,5101.6,6150.4,9131.8,9805.1,13282,11499,10763,10638,9889.2,10468,10133,9765,14771,12275,15424,14917,14121,13610,12023,9599.9,11160,10637,10780,9557.2,10554,6214.7,3813,7671.6,11215,10605,12105,11241,11104,10877,10128,10478,7017.7,12596,6064.8,14668,12750,9626.1,9611.7,10219,9433.1,6679.5,8402.1,9100.3,7433.3,5948.9,8804.6,9497.8,14079,12398,11141,12172,11170,12042,10299,9232.7,11087,9874.4,6305.4,8972.3,11160,9855.7,9614.8,7646.3,11485,10129,6516.2,9126.2,12050,10449,9614.1,7720.9
14132,11669,16127,15685,13581,13266,12223,7952.6,9679.3,8874.5,9459.1,8523.8,10178,6864.1,3791.2,6154.4,11144,10989,10607,11015,11454,10941,9478.3,10604,6840.7,12721,5872.5,14792,12687,9811.8,9818.2,10741,8021.8,6227.1,8296.4,9246.9,5152.1,6136.7,9131.9,9844,13211,11489,10749,10670,9896.8,10452,10079,9769.7,14787,12256,15423,14909,14146,13600,11997,9605.9,11160,10625,10803,9591,10561,6247.8,3879.1,7676.1,11208,10585,12080,11231,11103,10876,10156,10472,7063.1,12598,6011.4,14664,12722,9613.7,9591.8,10198,9416.9,6688.1,8427.9,9113.6,7387.2,5976.6,8799.3,9535.6,14038,12340,11160,12129,11099,12064,10315,9243,11065,9816.8,6485,8966.7,11190,9796,9619.1,7632,11448,10124,6465.6,9082.5,12147,10324,9614.1,7737.1
14136,11687,16124,15703,13572,13285,12220,7960.2,9669.8,8892.6,9476.6,8550.2,10205,6871.8,3797.2,6113.9,11144,10980,10572,11007,11476,10952,9465.3,10543,6792.9,12764,5851.7,14837,12718,9828.5,9788.7,10725,8032.3,6277.1,8254.7,9244.2,5133.8,6169.4,9125.9,9819.1,13244,11495,10764,10648,9856.7,10426,10045,9766.4,14782,12227,15427,14897,14080,13597,11996,9619.2,11166,10605,10831,9581.7,10543,6235.5,3824.3,7638,11207,10567,12060,11230,11100,10867,10138,10492,7044.9,12599,6047.7,14677,12748,9622.2,9565.2,10155,9407.5,6696,8483.1,9081.1,7364.5,6013.1,8790.8,9494.5,13997,12299,11154,12072,11108,11997,10303,9252.2,11012,9879.4,6306.4,8957.4,11235,9792.1,9589.4,7642.8,11458,10092,6546.4,9137.2,12166,10336,9594.1,7729.3
14128,11689,16121,15678,13567,13283,12232,7953.1,9656,8879.7,9468.8,8550.5,10169,6816.1,3755.7,6140.3,11148,10988,10568,10981,11452,10938,9460.6,10612,6763,12785,5812.7,14847,12715,9825.2,9805.4,10746,8001.8,6234.4,8278.2,9223.9,5126.5,6144.1,9132.8,9835.2,13265,11499,10774,10646,9855.4,10442,10069,9784.1,14791,12251,15411,14910,14100,13621,12000,9634.1,11205,10642,10782,9554.6,10557,6245.2,3851.1,7633.1,11208,10584,12074,11247,11095,10875,10136,10484,7000.1,12605,6034.7,14709,12774,9602.8,9560.4,10249,9394.8,6700.4,8441.1,9095.1,7340.2,6001,8806,9498.8,14098,12367,11149,12109,11087,12083,10299,9275.6,11065,9856.4,6342.2,8993,11202,9840.7,9604.9,7637.8,11426,10083,6518.1,9084.7,12225,10339,9613.6,7734
14129,11725,16130,15684,13602,13277,12232,7957.4,9712.1,8888.4,9461.7,8560.7,10187,6839.8,3783.9,6122.2,11162,10982,10571,10987,11468,10946,9483.9,10607,6802.6,12789,5906.1,14841,12725,9818.4,9792,10787,8008.6,6209.5,8293.9,9241.1,5142.2,6164.6,9153,9810.7,13302,11491,10731,10727,9882.8,10410,10070,9769.7,14784,12241,15425,14914,14105,13609,12022,9632.5,11211,10616,10815,9581.6,10563,6261,3854.4,7680,11213,10613,12102,11249,11137,10889,10157,10476,7048.4,12659,6075.4,14695,12773,9620.4,9565.4,10232,9396.5,6678.3,8349.6,9086.3,7331.2,6000.9,8830.1,9521.6,14080,12396,11150,12109,11168,12058,10279,9276.7,10999,9860.4,6472.1,8985.9,11275,9911.5,9626.5,7624.2,11380,10096,6484.6,9129.2,12077,10266,9586.2,7720.9
14148,11738,16139,15698,13588,13310,12245,7965.9,9704.4,8853.7,9478,8583,10217,6905.2,3782.9,6163.3,11168,10972,10571,10988,11460,10946,9485.3,10584,6838.1,12831,5866.1,14854,12699,9825.6,9822.1,10776,8027.9,6199.7,8279.1,9278.3,5139.6,6192.3,9142.3,9841.8,13333,11510,10744,10726,9905.5,10479,10137,9792.2,14788,12286,15425,14913,14086,13627,12036,9641.9,11156,10636,10804,9596.5,10554,6208.9,3844.2,7690.2,11226,10620,12098,11253,11118,10890,10144,10486,7031.3,12668,6043.4,14708,12759,9644.4,9573.8,10258,9419.4,6685.8,8381.9,9121.1,7307.6,5996,8832.9,9520.4,14085,12427,11192,12055,11193,12043,10313,9282.4,11036,9911.7,6364.6,8956.2,11137,9837.7,9635.3,7647,11369,10165,6505.6,9135.2,12140,10347,9570.9,7705.7
14119,11705,16136,15668,13545,13307,12251,7974.1,9702.6,8922.7,9503.9,8533.7,10207,6881.2,3783.8,6144.8,11153,10992,10570,11014,11487,10945,9488.6,10583,6804.9,12804,5832.6,14832,12716,9828.9,9793.5,10742,8026.1,6185.1,8298.6,9242.5,5091.5,6172.4,9124.8,9828.8,13345,11519,10780,10691,9827.7,10455,10056,9778.1,14787,12283,15399,14893,14113,13673,12040,9635.4,11229,10635,10813,9540.9,10545,6296.5,3850.4,7668.1,11224,10592,12134,11265,11092,10894,10147,10483,7023.8,12643,6069.3,14665,12745,9624.5,9592.9,10250,9358.7,6648.3,8404.1,9086.5,7320.5,6016.9,8859.9,9511.8,14146,12419,11174,12141,11102,12019,10338,9292.9,10985,9886.5,6376.3,8943,11148,9823.6,9612.3,7633.4,11472,10176,6440.5,9101.4,12097,10397,9601.3,7699.9
14132,11684,16154,15648,13627,13298,12237,7970.7,9746.1,8856.4,9464.2,8579.6,10225,6899.1,3778.3,6086.3,11159,10950,10571,11012,11481,10939,9473.7,10546,6867.9,12823,5841.8,14825,12705,9780.7,9785.4,10733,7996.3,6179.8,8250.4,9220.7,5120.2,6169.4,9125.4,9802.7,13253,11539,10793,10696,9891.2,10482,10047,9755.7,14769,12255,15396,14912,14097,13632,12017,9621,11251,10642,10827,9537,10563,6260.8,3846.1,7661.1,11217,10578,12131,11226,11102,10866,10139,10500,7052.9,12649,6077.6,14688,12744,9597.4,9544,10241,9407,6637.6,8393.8,9094.5,7358.6,5981.5,8834.8,9495.2,13982,12457,11187,12111,11194,11996,10320,9258.3,10963,9838.5,6335.9,8957.8,11227,9845.1,9592.8,7628.7,11420,10100,6475.1,9101.6,12220,10357,9619.8,7701.9
14141,11692,16141,15668,13625,13319,12233,7986.1,9714.8,8863.7,9523.3,8576.2,10229,6891.6,3758.2,6127.1,11159,10945,10578,11022,11503,10944,9472.3,10545,6814.7,12807,5847.2,14862,12687,9789.2,9775.6,10736,8032.4,6190,8238.1,9241.6,5144.3,6146.9,9148.1,9857.9,13285,11515,10789,10696,9831.7,10461,10010,9746.5,14769,12249,15406,14900,14111,13637,12016,9646,11216,10656,10845,9564.3,10548,6253.9,3840.2,7689.1,11210,10574,12144,11250,11080,10874,10146,10455,7029.3,12640,6052.4,14668,12712,9587,9563.4,10241,9355.4,6619.1,8361.1,9083.1,7315.5,6009.5,8844.4,9508.5,13939,12435,11169,12233,11085,11976,10301,9288.2,10967,9835.4,6337.6,8964.3,11283,9928.8,9581.6,7631.3,11381,10126,6567.7,9061.4,12063,10390,9578.6,7695.6
14135,11712,16181,15662,13620,13314,12229,7978.7,9718.6,8886.9,9516.5,8577.8,10233,6907.3,3786.1,6120.7,11161,10939,10566,11003,11527,10949,9483.9,10544,6886.6,12799,5889.4,14875,12712,9788.3,9783.3,10757,8019,6172.9,8262.7,9222.4,5130.1,6152,9135.4,9842.6,13311,11527,10804,10713,9839.8,10450,9983.3,9750.1,14781,12254,15427,14885,14108,13635,12037,9658.7,11268,10629,10904,9568.4,10577,6282.7,3864.8,7652.9,11219,10590,12132,11252,11095,10859,10146,10455,7007.4,12629,5969.9,14641,12731,9581.3,9550.1,10214,9335.6,6699.2,8378.2,9086.4,7359,5993.4,8832.6,9507,13976,12427,11174,12139,11124,11958,10302,9254,11041,9845,6369.5,8959.7,11281,9882.4,9603.2,7612,11374,10132,6464.8,9077.2,12084,10332,9603.1,7692.8
14131,11726,16183,15683,13589,13331,12258,8000.2,9712.4,8873.6,9531.6,8598.7,10256,6956.3,3793.9,6140,11190,10966,10588,11028,11529,10945,9488.8,10587,6785.6,12827,5869.9,14848,12740,9792.9,9824.6,10751,8017.3,6170.9,8285.4,9245.7,5125.2,6155.3,9142,9842,13307,11525,10826,10672,9867.9,10475,10054,9736.8,14765,12264,15413,14888,14092,13616,12052,9674.7,11301,10659,10928,9557.1,10575,6240.8,3871.1,7685.4,11253,10598,12188,11262,11097,10854,10151,10458,7064.5,12672,6028.7,14688,12734,9611.2,9578.5,10260,9404.5,6682,8351.4,9109.2,7353.2,5990.7,8826,9509.3,14017,12455,11192,12170,11142,12069,10342,9239.2,10991,9884.4,6268.2,8961.4,11213,9920.6,9616.9,7633.2,11385,10121,6544.1,9121.1,12188,10367,9600.7,7681.1
14142,11740,16186,15683,13626,13341,12271,7990.8,9754.5,8863.7,9539.5,8593.6,10270,6925.5,3781,6097.7,11178,10971,10590,11061,11536,10946,9500.2,10610,6832.8,12848,5840.1,14875,12720,9818.6,9814.9,10795,8026.9,6259.9,8280.7,9266.9,5124.7,6150.6,9167.5,9842.4,13257,11566,10838,10711,9884,10396,10153,9745.9,14780,12275,15409,14881,14107,13614,12057,9667.1,11303,10626,10909,9565.3,10593,6228.6,3869.3,7661.5,11230,10607,12193,11268,11101,10863,10170,10543,7059.6,12677,6059.6,14680,12763,9608.7,9592.6,10283,9354.2,6675.3,8414.7,9133.4,7429.3,5994.6,8886,9514,13952,12443,11188,12130,11175,12049,10374,9255.7,11080,9827,6369.1,8923.2,11058,9925.6,9594.5,7626.9,11447,10135,6482.8,9070.5,12070,10396,9616.1,7697.1
14136,11724,16163,15677,13640,13305,12268,7991.2,9730.2,8930.7,9483.8,8565.4,10260,6930.3,3793.7,6094.3,11184,10940,10608,11055,11517,10944,9494.4,10620,6870.1,12822,5817.5,14870,12711,9779.5,9800.3,10794,8048.8,6200.4,8290.2,9268.3,5111.1,6165.1,9154.3,9844.5,13337,11539,10820,10732,9858.6,10490,10097,9758.2,14754,12295,15400,14868,14088,13642,12062,9671.9,11260,10647,10873,9568.2,10606,6261.9,3861.6,7662,11250,10583,12211,11283,11104,10845,10161,10486,7032.5,12654,6082.9,14675,12691,9584.4,9577.1,10293,9349.2,6663.3,8406.1,9126.5,7349.8,5987.8,8853.9,9536.7,13994,12451,11196,12197,11158,11981,10346,9254.8,10990,9851.6,6369.1,8962.4,11198,9898.2,9626.4,7641,11417,10088,6483.1,9116.9,12133,10412,9609.4,7721.9
14138,11748,16176,15673,13560,13303,12251,7992.4,9684,8888.4,9475.1,8588.9,10222,6880.4,3766.4,6103.9,11199,10938,10587,11026,11510,10923,9506.8,10595,6821.7,12795,5878.3,14865,12704,9831.1,9795.2,10808,8049.6,6196.1,8291.8,9259.3,5109.9,6172.9,9130.8,9838.6,13318,11535,10847,10746,9885.6,10468,10148,9742.3,14760,12275,15388,14848,14120,13591,12043,9696.6,11291,10615,10883,9568.8,10598,6238.9,3826.5,7654.6,11258,10599,12182,11249,11097,10831,10152,10528,7072,12633,6098.5,14706,12715,9582.9,9537.7,10269,9397.4,6682.6,8416.9,9104.9,7316.6,5945.6,8853.3,9524.8,14034,12441,11180,12146,11208,12051,10382,9219.9,10990,9858.2,6320.7,8942.1,11134,9872.3,9619.9,7636,11410,10112,6505.4,9094.9,12269,10427,9621.4,7708.8
14121,11715,16149,15671,13539,13276,12278,7977.9,9697.7,8904.8,9531.4,8556.9,10235,6852.4,3757.8,6101.8,11204,10940,10599,11033,11485,10915,9500.8,10589,6861.8,12788,5853,14841,12718,9821.4,9808,10789,7989.1,6188.2,8272.7,9259.3,5155.3,6172.5,9141.8,9818.9,13234,11524,10844,10689,9896.5,10471,10042,9749,14751,12253,15392,14839,13974,13589,12061,9653.3,11226,10665,10814,9562.2,10599,6265.8,3814.8,7688.9,11266,10614,12194,11262,11091,10830,10141,10536,7074.5,12682,6068.9,14706,12749,9573.8,9573.2,10289,9385.2,6681.4,8369.9,9126.6,7317.2,6023.8,8841.3,9530.5,14025,12426,11168,12137,11108,12025,10321,9238.1,10983,9871.2,6360.4,8956.8,11226,9821.5,9633.5,7667.8,11344,10054,6463.3,9088.8,12004,10352,9635.8,7699.6
14134,11705,16122,15686,13536,13260,12279,7984.9,9723.9,8895.7,9492.8,8543.1,10188,6906.5,3781.4,6109,11203,10941,10600,11026,11441,10914,9503.9,10574,6870.8,12765,5850.9,14868,12681,9824.2,9806.1,10789,7970.6,6192.3,8268,9242.1,5159.8,6150.9,9138.1,9827.2,13265,11531,10854,10685,9918.7,10464,10018,9766.1,14745,12267,15405,14854,14025,13584,12070,9658.9,11253,10662,10846,9551.7,10598,6217,3794.5,7659.4,11291,10611,12184,11269,11105,10839,10159,10494,7041.9,12636,6098.7,14705,12715,9623.4,9568.3,10282,9378.6,6663.2,8387.7,9099,7316.9,5961,8831.2,9528.4,14038,12424,11190,12083,11156,12084,10345,9258.3,10987,9824.2,6338.3,8956.4,11142,9915.5,9572.2,7633.7,11360,10056,6471.4,9083,12119,10328,9615.8,7726
14129,11700,16128,15683,13528,13299,12298,7970.5,9687.4,8909.3,9512.7,8553.2,10221,6934.1,3771.8,6141.9,11212,10974,10598,11014,11456,10930,9513.5,10595,6851.2,12775,5863.9,14874,12695,9809.2,9815.6,10812,8013.5,6176.8,8297.4,9244.5,5094.6,6173.4,9136.2,9834.6,13267,11480,10854,10680,9981.9,10490,10094,9770.9,14769,12249,15418,14863,14000,13618,12084,9649,11229,10673,10802,9582.8,10592,6239.5,3837,7696.6,11284,10630,12150,11263,11101,10850,10148,10515,7066.3,12651,6049,14711,12765,9613.1,9580.5,10304,9396.6,6679.5,8422,9127.5,7396.7,5936.6,8828.5,9512.2,14042,12425,11207,12111,11135,12039,10336,9247.2,11034,9821.2,6421.6,8978.3,11192,9869.1,9615.9,7619.6,11352,10042,6462.5,9088.3,12215,10348,9646,7715.1
14129,11711,16140,15687,13500,13234,12286,7979.6,9692.9,8923.6,9487.4,8523.9,10217,6894,3792.6,6159.7,11217,11015,10602,11031,11454,10945,9522.4,10609,6834.8,12805,5879,14824,12735,9828.4,9822,10815,7982.9,6177.4,8294.2,9260.4,5119.8,6155.2,9138.2,9856.3,13309,11509,10872,10681,9916.6,10500,10104,9836.2,14749,12283,15409,14865,13995,13602,12089,9627.4,11268,10637,10807,9576.1,10590,6240.3,3831.6,7659.7,11266,10673,12189,11261,11123,10856,10190,10549,7036.3,12654,6080.2,14730,12706,9628.8,9585.8,10345,9377,6651.6,8346.1,9129,7348.3,5982.5,8834,9522.6,14005,12399,11197,12080,11126,12039,10417,9304,10986,9821.5,6348.3,8910.8,11177,9806.2,9651.1,7616.7,11333,10022,6441.9,9087.9,12202,10368,9629.4,7721
14126,11710,16118,15686,13523,13225,12276,7965.7,9679.6,8872.8,9433.6,8553,10196,6899.2,3768.2,6141.1,11214,10999,10582,11021,11442,10929,9515.7,10606,6855.5,12792,5925.9,14851,12719,9780.4,9832.4,10801,8015.3,6190.3,8236.7,9272.1,5101.6,6137.3,9136.4,9841.7,13349,11511,10832,10676,9883.4,10537,10105,9804.6,14760,12225,15408,14863,14000,13567,12102,9635.6,11259,10652,10800,9552.1,10592,6260.6,3827.5,7660.5,11293,10666,12132,11263,11088,10837,10154,10503,7076,12648,6065.7,14750,12737,9599.9,9573.7,10357,9398.2,6645.8,8420.8,9132.2,7337.4,5969.9,8821.4,9512.1,14066,12400,11170,12091,11109,12023,10371,9305.8,10975,9825.3,6343.4,8961.1,11178,9870.3,9615.8,7618.5,11422,10057,6461.5,9090.6,12146,10343,9588.8,7717.4
14129,11709,16110,15686,13487,13262,12301,7958.7,9703.9,8890.1,9426,8523.1,10188,6894.4,3782,6120.3,11227,10984,10588,10990,11432,10922,9516,10610,6801.3,12758,5919.9,14832,12667,9810.3,9819,10797,7994.5,6174.1,8308.1,9235.4,5121.5,6144.7,9124.1,9845.4,13227,11468,10830,10705,9950,10489,10083,9794,14771,12236,15416,14849,14031,13588,12088,9616,11176,10600,10785,9555.1,10548,6225.6,3834.6,7653.2,11290,10620,12120,11232,11091,10832,10147,10504,7061.5,12649,6070.1,14726,12749,9608.8,9562.8,10306,9379.9,6615.3,8394.4,9101.8,7343.9,5958,8813.9,9513.5,14046,12387,11159,12077,11041,12073,10313,9341.7,10953,9794.5,6324.9,8953.1,11229,9840.8,9607.9,7630.2,11320,10060,6399.5,9088.2,12147,10313,9598.2,7682.2
14129,11709,16096,15675,13507,13250,12281,7952.8,9686.4,8887.1,9446.9,8543.6,10188,6928.8,3797.3,6074.4,11239,11004,10596,11016,11429,10908,9515.5,10606,6809.5,12798,5809.9,14810,12738,9791.6,9810,10753,7999.9,6160,8262.2,9232,5113.6,6159.4,9150.1,9828.7,13241,11478,10758,10688,9985.6,10483,10107,9798.5,14763,12248,15424,14849,13962,13566,12090,9632.4,11181,10615,10744,9535,10548,6212,3847.9,7661.7,11281,10614,12096,11227,11083,10839,10159,10495,7086.3,12643,6131.4,14675,12783,9588.7,9586.7,10310,9410.4,6680.3,8385.8,9110.1,7366.6,6006.7,8812.7,9504.5,14062,12381,11217,12105,11127,12047,10352,9281.3,10909,9801.2,6481.8,8943.3,11087,9786.3,9581.7,7639.3,11348,10039,6420.1,9079.3,12025,10356,9619.7,7735.4
14126,11719,16099,15647,13506,13213,12303,7973.1,9683.2,8887.2,9458,8530.1,10171,6876,3777,6130.8,11269,10989,10577,10977,11404,10909,9501,10596,6772,12788,5860.5,14869,12740,9784,9807,10802,8017.3,6175.5,8266.7,9247.7,5099.9,6151.7,9113.6,9833.4,13239,11498,10777,10697,9973.3,10491,10118,9818,14764,12274,15421,14867,13999,13617,12097,9653.7,11256,10651,10764,9571.9,10562,6188.5,3843,7660.7,11309,10592,12092,11226,11084,10821,10153,10499,7058.2,12626,6066.1,14748,12781,9596.7,9580,10317,9398.5,6657.7,8419.1,9118.2,7390.1,5975.3,8808.5,9488.3,14056,12408,11239,12095,11185,12072,10335,9254.4,11019,9829.5,6347.4,8917.5,11202,9807.9,9575.8,7597.7,11342,10015,6406.2,9058.2,12058,10283,9621.3,7719.4
14118,11719,16108,15666,13501,13243,12297,7980.6,9698.4,8905.8,9477.1,8531.9,10157,6847.9,3805.3,6107.6,11254,10991,10602,10982,11448,10899,9496.1,10593,6840.9,12768,5837.1,14861,12720,9776.6,9809.1,10756,7998.7,6185.7,8275.1,9261,5103.7,6155.7,9113.9,9842.1,13255,11527,10804,10704,10007,10535,10152,9813.1,14788,12273,15425,14873,14076,13608,12110,9655.1,11249,10618,10811,9578.5,10550,6235.5,3833.6,7663.9,11324,10616,12093,11231,11088,10831,10145,10523,7108.9,12656,6136.2,14755,12759,9591.7,9559,10306,9448.3,6649.6,8410.9,9142.1,7374.8,6004.1,8814.7,9520.9,14064,12371,11241,12089,11110,12045,10344,9274.6,10981,9817.3,6376.8,8939.8,11121,9794.6,9606.2,7621.1,11379,10067,6438.6,9085.9,12136,10294,9612.8,7715.8
14138,11720,16109,15658,13538,13238,12308,7952.9,9696.7,8899.5,9484.8,8539.1,10192,6862.5,3801.9,6111,11267,11001,10618,10974,11403,10894,9508.4,10606,6857.3,12813,5907.4,14860,12703,9791.4,9822,10808,8020.7,6198.6,8297.8,9262.8,5151.3,6167,9129.1,9823,13289,11529,10830,10707,9956.7,10514,10080,9812.4,14795,12312,15451,14888,14013,13627,12120,9630.4,11213,10670,10789,9562.1,10568,6258.6,3835,7672,11320,10623,12117,11236,11087,10840,10144,10537,7167.3,12665,6109.5,14756,12818,9598.2,9577.7,10327,9433.1,6646.3,8405.5,9140.1,7364.7,5991.3,8825.1,9521.2,14124,12427,11254,12125,11195,12103,10382,9288.7,10999,9823.1,6241.4,8948.4,11113,9818,9605.1,7644.7,11385,10047,6455.8,9093.5,12172,10301,9608.7,7714.7
14126,11708,16094,15660,13522,13254,12293,7948.7,9730.6,8859.8,9442.8,8521,10193,6868.9,3777.6,6120.4,11245,11000,10593,10987,11395,10906,9508.5,10580,6825.2,12754,5889.3,14860,12755,9774.6,9799.9,10783,8005.8,6217.1,8265.9,9249.8,5158.3,6175.3,9146.3,9816.3,13272,11518,10805,10755,9971.4,10559,10113,9785.7,14812,12290,15441,14866,14056,13602,12107,9648.9,11225,10637,10818,9550,10555,6271.7,3842,7655,11316,10625,12135,11274,11091,10839,10152,10500,7100.8,12652,6147,14790,12813,9621.3,9588,10298,9447.1,6708.6,8408.4,9097.8,7352.2,5967.1,8822,9512.5,14105,12449,11239,12174,11249,12082,10375,9269.6,10978,9802.6,6372.5,8954.7,11154,9816.3,9601.1,7642.4,11348,10063,6497,9082.9,12227,10321,9605.1,7726.8
14118,11696,16111,15669,13514,13205,12290,7940.4,9703.7,8871.2,9429.6,8523.7,10150,6890.9,3798.9,6117.4,11242,10995,10612,10958,11393,10911,9498.7,10566,6837.1,12750,5889.1,14849,12746,9801.2,9813.5,10765,8020,6193.7,8223.2,9244.5,5130.5,6146.9,9139.3,9826.1,13329,11513,10811,10696,9922.8,10537,10123,9768.3,14802,12258,15453,14877,14038,13619,12088,9643.5,11210,10643,10794,9577.2,10548,6196.9,3854.2,7657.9,11302,10622,12105,11237,11103,10841,10131,10495,7072.9,12645,6104.6,14763,12772,9633.9,9596,10269,9437.7,6704.1,8450.1,9112.2,7341.1,5989.2,8827.9,9522.7,14141,12397,11245,12158,11170,12032,10376,9262.4,10980,9775.9,6328.3,8926.3,11223,9787.2,9581.4,7653.8,11319,10043,6422,9123.7,12156,10323,9617.1,7713.8
14144,11691,16119,15632,13505,13203,12266,7939.3,9673.6,8868.4,9480.8,8499.5,10168,6936.3,3802.8,6094.3,11243,10977,10592,10925,11392,10906,9483.4,10539,6843.8,12772,5853.7,14851,12717,9798.3,9794.6,10730,8014.2,6207.6,8336.8,9247.9,5154.8,6161.3,9104.9,9838.5,13281,11475,10756,10741,9971.2,10520,9967.2,9769.1,14793,12283,15426,14867,14052,13594,12071,9647.1,11256,10648,10806,9569.4,10555,6219.6,3857.6,7639.9,11298,10624,12110,11218,11114,10834,10147,10462,7098.1,12579,6194.3,14770,12787,9596.2,9576.5,10262,9395,6668,8487.7,9102.4,7372,5942.3,8813.5,9505.4,14075,12377,11165,12101,11227,12102,10338,9290.9,11013,9838.1,6274.7,8982.8,11108,9798.7,9575.8,7631.1,11363,10064,6482.7,9134.6,12187,10339,9619.4,7728.7
14127,11717,16112,15629,13503,13230,12267,7930,9666.8,8853.2,9444.1,8530,10144,6892.8,3820.6,6082.6,11233,10961,10580,10953,11392,10902,9489,10549,6832.3,12745,5913.8,14869,12741,9775.6,9797.8,10732,8008.1,6191.9,8318.2,9224.7,5155.3,6175.5,9126.8,9815.5,13275,11478,10732,10718,9914.4,10496,10012,9788.2,14802,12286,15418,14860,14083,13623,12067,9626.1,11185,10623,10782,9562.4,10554,6275.8,3860.5,7625,11287,10605,12118,11208,11068,10827,10128,10456,7122.6,12600,6115.5,14739,12833,9607.6,9584.6,10233,9405,6686.5,8436.9,9078.9,7406.5,5977.1,8780.3,9482.1,14039,12371,11208,12110,11131,12074,10328,9271.3,11027,9869.7,6363.5,8975.5,11091,9737.1,9589.6,7625.5,11388,10053,6400.5,9059.8,11955,10292,9608.3,7730.4
14139,11713,16121,15635,13519,13226,12277,7941.1,9678.1,8888.1,9447,8526.4,10156,6873,3788.7,6111.1,11228,10972,10583,10941,11402,10903,9484.1,10549,6781.9,12755,5885.5,14922,12758,9759.7,9798.1,10761,8021.8,6202,8260.1,9233.6,5125.5,6162.5,9137.1,9825.5,13266,11496,10789,10693,9951.9,10523,10078,9782,14809,12253,15432,14867,14033,13592,12075,9611.4,11160,10618,10823,9544.9,10532,6229.5,3836.1,7624.1,11305,10612,12099,11220,11083,10834,10112,10468,7120.1,12624,6157.9,14771,12803,9624.5,9575.9,10244,9401.9,6665.2,8477.3,9075.8,7366.3,5976.3,8824.9,9508.7,14094,12375,11223,12166,11139,12046,10349,9266.3,10953,9818.4,6278,8936.6,11175,9782.5,9625.8,7647.9,11359,10086,6491.6,9117,12038,10398,9611.5,7709.5
14163,11733,16152,15658,13576,13267,12275,7968.2,9676.3,8848.3,9498.5,8535.7,10179,6836.9,3810.7,6075.7,11219,10979,10572,10973,11453,10905,9477.6,10575,6833.6,12758,5836,14893,12772,9820.2,9816.8,10713,8035,6201.2,8286.8,9252.4,5125.3,6162.1,9137.9,9834,13292,11513,10801,10729,9959.4,10498,10048,9787,14814,12270,15443,14898,14091,13613,12071,9657,11256,10626,10835,9559.8,10558,6236.9,3847.2,7638.5,11283,10618,12144,11207,11127,10845,10120,10460,7123.2,12607,6157.5,14776,12832,9618.3,9575.6,10244,9421.6,6650.1,8446.7,9084.4,7339.6,5995.8,8792.6,9491.7,14105,12403,11216,12101,11176,12067,10302,9243,10977,9822.5,6321.4,8981.2,11075,9768.1,9588.5,7651.2,11338,10061,6483.7,9098.9,12042,10389,9621.4,7716.8
14148,11735,16131,15653,13519,13232,12258,7947.2,9709.2,8875.6,9456.2,8549,10167,6851.9,3783.9,6099.5,11232,10966,10552,10963,11455,10903,9491.8,10561,6852.3,12788,5891.5,14922,12767,9831.9,9836,10743,8012.6,6220.4,8307.2,9233.2,5118.9,6172.6,9130.8,9840.5,13290,11512,10815,10721,9918,10476,10056,9765.9,14817,12292,15459,14884,14032,13638,12064,9631.3,11233,10662,10821,9555.1,10549,6252.4,3855.9,7633,11287,10644,12123,11220,11108,10844,10113,10460,7123.5,12627,6175.5,14817,12854,9635.7,9605.4,10265,9390.8,6657.9,8409.1,9109.8,7383,6012.5,8807.9,9471,14078,12396,11200,12145,11098,12054,10333,9227.2,11007,9815.5,6304.3,8960.2,11092,9800,9589.1,7643.7,11338,10086,6476.1,9085.6,12099,10316,9582.5,7719.4
14155,11709,16139,15659,13567,13233,12273,7962.6,9701.8,8857.9,9428.3,8541.7,10167,6884.8,3763.6,6103.7,11207,10946,10541,10984,11424,10899,9486.7,10572,6900.6,12812,5919.6,14929,12786,9826.4,9828.5,10741,8037.7,6188.4,8321.3,9234.9,5129.7,6182.8,9135.2,9807.2,13256,11513,10798,10695,9934.6,10506,10067,9744.7,14815,12246,15460,14877,14044,13585,12069,9649.5,11236,10652,10809,9580.4,10591,6211.9,3845.1,7624.3,11284,10585,12120,11208,11083,10819,10101,10476,7156.3,12659,6109.5,14801,12824,9612.9,9570.8,10247,9420.4,6642,8389.2,9077.6,7390.8,5993.8,8831.7,9475.2,14008,12386,11247,12120,11168,12016,10323,9213.4,11001,9883.1,6349.8,8954.7,11168,9823.8,9605,7608.8,11356,10073,6534.3,9086.3,12270,10361,9627.5,7707.3
14159,11743,16147,15654,13485,13199,12272,7976.8,9720.1,8866.8,9438.9,8533.4,10167,6866.7,3794.5,6097.4,11208,10933,10540,10942,11435,10896,9472.3,10530,6839.3,12813,5917.6,14902,12750,9824.9,9812.7,10731,8023.3,6232.6,8308.9,9249.7,5108.8,6132.1,9118.8,9835.5,13226,11509,10832,10708,9922.8,10485,10084,9720.3,14791,12265,15449,14874,14082,13612,12053,9651,11207,10622,10818,9557.3,10542,6236.7,3824.7,7637.9,11290,10583,12124,11202,11086,10809,10110,10431,7139.6,12673,6148,14802,12816,9625.6,9575.7,10215,9415.2,6629.5,8413.7,9076.6,7351.2,5982.7,8819.5,9492.2,14041,12381,11166,12075,11095,12061,10277,9190.7,10932,9873,6310.1,8976.8,11200,9797.2,9603.4,7622.9,11334,10077,6508,9092.6,12142,10396,9637.5,7696
14143,11716,16141,15639,13531,13243,12269,7949.9,9702.2,8886.3,9466.4,8547.5,10167,6901.6,3788.8,6094.1,11200,10949,10554,10972,11415,10890,9484.7,10513,6856,12809,5890.9,14852,12746,9817.3,9821.2,10780,8026.8,6229.2,8258.7,9230.9,5134.4,6182.9,9145.6,9828,13264,11475,10820,10737,9923.4,10483,10152,9724.7,14814,12277,15437,14861,14073,13577,12068,9631.9,11246,10655,10840,9565.2,10568,6240.7,3817.9,7624.2,11291,10596,12126,11213,11115,10826,10125,10458,7157.9,12631,6170.7,14800,12796,9642.4,9593.9,10296,9433.5,6647.8,8404.7,9089.4,7400.5,6013.6,8811.7,9478.5,14040,12375,11217,12056,11188,12077,10274,9191.7,10957,9862.6,6313.8,8958.1,11168,9812,9597.9,7644.7,11363,10084,6462.1,9098.4,12061,10279,9634.1,7712.7
14149,11769,16128,15639,13526,13202,12245,7953.6,9686.8,8866.9,9468,8533.9,10158,6889.6,3811.2,6118.7,11207,10927,10527,10986,11447,10892,9471.1,10544,6835.2,12796,5882.6,14886,12773,9800,9825.1,10799,8020,6157.7,8324.8,9245.8,5134.1,6183.3,9139.6,9809.4,13276,11501,10843,10704,9960.9,10465,10049,9721.9,14798,12291,15434,14867,14041,13615,12047,9624.7,11242,10651,10789,9561.9,10581,6196.8,3842,7603.5,11280,10595,12113,11219,11099,10822,10089,10446,7139.9,12653,6169.4,14754,12810,9649.9,9599.9,10287,9377.9,6655.4,8386,9105.7,7363.2,5978.7,8826.9,9473,14036,12404,11239,12134,11154,12100,10323,9179.6,10946,9864.8,6353.7,8955.1,11144,9856.1,9610.5,7608.9,11335,10104,6442.2,9109.6,12161,10348,9637.9,7718.9
14156,11729,16137,15688,13517,13230,12255,7942.3,9712.3,8874.8,9527.6,8557.2,10168,6874.9,3782.6,6097.1,11208,10920,10542,10957,11460,10895,9452.6,10584,6854.2,12824,5922.4,14895,12729,9799.9,9821.2,10784,8040.8,6153.5,8336,9259.5,5092.5,6158.9,9112.7,9819.7,13230,11508,10814,10664,9907.2,10495,10120,9719,14808,12257,15462,14884,14120,13600,12057,9637.1,11314,10671,10829,9595.4,10566,6245.7,3839.9,7635.4,11295,10587,12102,11216,11136,10813,10070,10448,7137,12644,6149.7,14784,12805,9590.6,9576,10228,9423.5,6680.6,8393.4,9109.4,7320.4,5955.1,8811,9446.5,14064,12370,11240,12071,11172,12116,10328,9175.8,10946,9857,6346.3,8984.7,11163,9860.6,9605.3,7620.6,11353,10075,6518.6,9087.4,12154,10363,9627.5,7707.8
14151,11742,16133,15695,13583,13262,12247,7956.8,9711.7,8866.4,9480.8,8524.1,10120,6828.4,3794.9,6072.8,11209,10949,10537,10953,11431,10898,9450,10573,6864.1,12814,5864.7,14879,12776,9788.7,9828.6,10757,8034.8,6185.3,8310.9,9255.1,5111.6,6126.1,9120.4,9828.2,13298,11508,10831,10761,9910.2,10502,10080,9723.8,14831,12304,15466,14897,14100,13638,12053,9630.7,11240,10622,10875,9601.8,10576,6253.8,3836.7,7635.2,11283,10598,12091,11182,11124,10828,10065,10453,7125.1,12625,6153.1,14771,12817,9605.2,9573.5,10223,9426.5,6649.6,8397.1,9096.4,7433,5968.2,8804.3,9460.9,14040,12403,11228,12201,11193,12092,10318,9169.3,10910,9835.5,6318,8956.6,11139,9799.6,9636.5,7627.9,11314,10100,6447.4,9101.2,12010,10393,9638.9,7718.3
14151,11710,16147,15663,13518,13246,12251,7957.5,9716.3,8837.8,9438.3,8539.8,10159,6863.7,3784.3,6113.7,11206,10948,10540,10938,11441,10900,9493.3,10527,6832.7,12803,5899.2,14900,12733,9829.2,9830.9,10768,8011,6153.3,8295.3,9261.2,5140.9,6131.8,9131.9,9824.2,13272,11517,10783,10732,9921.5,10488,10074,9746.3,14809,12263,15487,14877,14057,13633,12054,9625.4,11274,10680,10843,9570.9,10564,6255,3828.7,7609.4,11272,10610,12079,11205,11107,10833,10099,10431,7179.7,12651,6109.5,14763,12810,9589.1,9558.3,10238,9399.7,6666.4,8358.3,9090.1,7370.3,5974.1,8782.7,9484.1,14014,12375,11196,12150,11251,12079,10278,9182.3,10917,9845.5,6286.4,8947.1,11128,9873.8,9611.8,7623.9,11394,10066,6477.5,9061.1,12130,10330,9640.4,7723.2
14145,11696,16133,15663,13530,13256,12261,7954.1,9699,8916.8,9468.6,8547.8,10140,6840.3,3792.7,6090.6,11191,10942,10506,10944,11441,10904,9450.5,10513,6862.3,12790,5888.5,14874,12766,9790.8,9810.4,10766,8022.1,6167.1,8256,9247.2,5141.2,6123.2,9132.8,9820.1,13277,11491,10800,10662,9889,10534,10096,9712,14811,12277,15463,14895,14083,13566,12041,9640.9,11290,10634,10836,9600.9,10527,6240.7,3843.9,7603.8,11290,10590,12080,11176,11117,10825,10077,10394,7123,12643,6154.7,14753,12813,9623.8,9557.9,10212,9379.6,6663.2,8339.7,9091.2,7299.7,5950.8,8790.2,9488.6,14045,12360,11188,12075,11101,12056,10226,9159.3,10995,9865.8,6296,8989.3,11124,9729.4,9630.1,7622.5,11358,10130,6538.1,9102.1,12108,10327,9603.4,7733
14162,11733,16126,15670,13565,13229,12229,7943.4,9713.5,8901.7,9463.4,8551.2,10163,6866.3,3788.3,6125.8,11188,10929,10519,10947,11442,10907,9459.5,10545,6847.3,12802,5880.7,14877,12747,9834.5,9838.4,10774,8024.7,6167.7,8277.6,9227.2,5163.5,6128.8,9110.3,9797.1,13258,11509,10763,10722,9872.4,10478,10051,9726.9,14824,12265,15457,14886,14063,13620,12012,9630,11243,10641,10866,9564.7,10523,6296.2,3870.8,7609.5,11260,10593,12080,11186,11105,10827,10058,10438,7116.5,12597,6075.1,14739,12779,9694.2,9577.5,10239,9380.9,6630.4,8415.1,9096.7,7358.1,5994,8781.4,9478.1,14031,12343,11167,12147,11186,11999,10327,9185.9,10962,9829.2,6376.7,8953.9,11254,9858.9,9653.1,7627.6,11330,10078,6459.3,9078.5,12233,10374,9648.1,7699.5
14174,11685,16129,15660,13561,13212,12230,7943.5,9702.1,8861.9,9466.3,8540.4,10174,6825.7,3785,6105.8,11191,10929,10510,10938,11464,10915,9442.2,10539,6861.2,12768,5863.8,14873,12740,9814.1,9840.3,10770,8044.4,6181.4,8287.7,9280.7,5065.3,6157.1,9113.7,9817.3,13256,11478,10750,10714,9900.7,10461,10070,9711.1,14818,12272,15459,14881,14097,13596,12023,9642.7,11193,10615,10867,9583.4,10564,6275,3867.8,7641.6,11263,10581,12043,11170,11107,10842,10075,10487,7106.2,12620,6100.5,14763,12798,9646.1,9582.5,10267,9386.6,6666.5,8428.3,9115.1,7397.5,6008.6,8805.5,9483,14025,12336,11180,12003,11098,12046,10332,9176.3,10972,9847.9,6359.5,8966.2,11073,9855.1,9637.4,7653.1,11382,10057,6447.8,9120.6,12135,10338,9641.6,7697.3
14190,11733,16151,15674,13582,13243,12238,7954.1,9692.9,8865.6,9478.2,8541.4,10150,6847.8,3787.4,6118.7,11197,10929,10519,10916,11471,10922,9471.2,10563,6872,12741,5873.7,14873,12720,9840.9,9811,10747,8059.5,6189.5,8342.5,9235.2,5109.2,6138.6,9093.7,9818.9,13252,11514,10798,10685,9877.5,10463,10052,9728.3,14828,12273,15463,14891,14148,13602,12030,9636.9,11218,10617,10862,9573.4,10537,6286.1,3846.4,7645.6,11266,10586,12037,11159,11115,10843,10083,10449,7131.6,12614,6125,14736,12744,9643.3,9557.1,10254,9438.6,6674,8432.8,9088,7366.9,6021.3,8775.6,9493,14014,12374,11197,12097,11174,12029,10300,9203.4,10970,9837.7,6355.7,8994.3,11094,9847.5,9642.7,7635.3,11355,10062,6497.5,9077.9,12187,10341,9633.6,7715.7
14191,11708,16156,15671,13578,13267,12230,7953.2,9749.5,8875,9449.5,8548.7,10158,6863,3785.6,6111.7,11179,10956,10535,10923,11443,10913,9464.1,10510,6843.1,12779,5932.5,14904,12735,9815.3,9799.1,10713,8087.8,6230.1,8305.2,9223.8,5100,6186,9115.5,9813.9,13245,11515,10754,10710,9895.1,10488,10107,9731.4,14844,12257,15463,14919,14121,13598,12028,9625,11278,10638,10862,9599.9,10545,6291.1,3849.3,7611.2,11267,10595,12079,11167,11109,10844,10092,10412,7127.3,12563,6095.8,14778,12791,9630.6,9540.2,10226,9466.6,6658.6,8415.8,9098.1,7372.1,5977.8,8804.9,9501.8,14003,12323,11190,12036,11085,12019,10284,9205.1,10938,9834.9,6335.5,8949,11068,9836.1,9609.7,7635.3,11361,10051,6474.1,9093.1,12263,10368,9660.1,7711.9
14194,11684,16123,15667,13563,13236,12230,7951.5,9680.4,8914.1,9492,8554.9,10138,6860.6,3793.5,6101,11168,10925,10530,10945,11436,10915,9463.4,10498,6879.2,12796,5900.9,14906,12730,9841.8,9812.1,10711,8059.2,6207.4,8280.4,9220.2,5090.7,6169.2,9104,9829.2,13253,11504,10765,10692,9886.9,10467,10061,9717.5,14840,12210,15450,14884,14130,13596,12020,9625.5,11258,10614,10863,9578.2,10526,6220.8,3857.2,7638.7,11242,10589,12087,11191,11078,10847,10078,10425,7084.7,12592,6108.5,14753,12783,9623,9546.8,10204,9407.2,6683.3,8365.6,9088.5,7329.8,6000.8,8793.7,9489.3,14019,12383,11181,12063,11099,12013,10265,9213.3,11007,9860.5,6273.5,8967.1,11025,9903.3,9605.6,7642.2,11368,10052,6481.6,9109.8,12114,10370,9610.8,7696.1
14190,11673,16129,15672,13567,13236,12222,7955.8,9728.6,8900.5,9492,8538.7,10158,6850.6,3795.7,6121.3,11189,10932,10532,10934,11465,10928,9424.3,10533,6880.9,12781,5916.5,14879,12746,9842.1,9820.5,10697,8023.8,6225.3,8279.7,9237,5151.9,6149.5,9101.7,9810.4,13248,11474,10765,10664,9867.7,10517,10014,9728.3,14831,12220,15461,14879,14096,13617,12002,9637.6,11202,10603,10886,9561.7,10563,6238,3871.8,7611.7,11252,10580,12064,11171,11133,10846,10042,10412,7163.3,12635,6107.6,14739,12797,9632.6,9568.6,10213,9399.7,6656.2,8462.3,9088.8,7368.4,5989.4,8790.4,9463.7,14002,12326,11163,12085,11115,11950,10310,9228.4,10969,9829.2,6324.2,8940.3,11189,9914.6,9609.7,7651.9,11411,10059,6449.6,9068.9,12139,10403,9623.3,7719.9
14177,11683,16132,15696,13559,13214,12219,7961.8,9710.3,8880.2,9453.8,8534.2,10149,6901.8,3770,6129.3,11165,10927,10513,10915,11487,10914,9422.7,10527,6818.4,12790,5864.1,14831,12760,9878.5,9838,10715,8043,6199.6,8353.4,9240.1,5144.7,6165.9,9108.9,9817.3,13231,11482,10745,10707,9840,10477,10089,9728.3,14844,12232,15436,14884,14132,13567,12018,9653.4,11238,10575,10829,9593.7,10541,6228.7,3854.8,7632.5,11234,10593,12010,11160,11106,10837,10048,10437,7141.2,12589,6070.2,14733,12814,9660.7,9578,10214,9396.5,6698.8,8495.1,9096.5,7383.3,5998.4,8783.6,9467,13984,12342,11165,12109,11110,12052,10302,9169.1,10985,9842.7,6271.4,8981.1,11128,9831.9,9602.2,7629.2,11384,10071,6522.5,9122.6,12083,10385,9652.5,7723.5
14184,11699,16160,15701,13573,13215,12230,7953.2,9638.1,8877.4,9446.2,8564.5,10182,6821,3784,6135.5,11161,10959,10516,10929,11476,10930,9465.2,10530,6847.2,12788,5893,14856,12745,9852.1,9845.9,10717,8062.4,6192.1,8338.3,9251.2,5103.4,6137.4,9099.1,9801.3,13211,11494,10778,10778,9873.3,10454,10105,9723.5,14837,12234,15471,14903,14123,13596,12006,9631.4,11222,10571,10841,9562.8,10535,6192.3,3866.7,7624.6,11236,10573,12049,11161,11120,10850,10047,10433,7104.7,12602,6113.9,14753,12755,9636.4,9573.4,10200,9421.3,6654.2,8373.3,9088.8,7394.6,6011.8,8769.7,9453.2,13989,12333,11132,12059,11097,12031,10255,9205.5,11001,9898.6,6256.7,8960.6,11174,9815.8,9653.8,7632.5,11409,10053,6474.5,9082.1,12207,10364,9621.1,7718.4
14167,11711,16137,15690,13576,13218,12232,7979.9,9672.8,8874.4,9467.3,8554.3,10173,6797.5,3781.5,6128.5,11179,10940,10523,10930,11460,10935,9453.9,10558,6913.4,12801,5940,14869,12706,9856.3,9856.5,10736,8039.1,6235.3,8321,9251.5,5110.5,6168,9088.2,9811.6,13186,11471,10794,10700,9871.6,10463,10037,9742.2,14822,12229,15457,14907,14059,13613,12002,9657.8,11198,10612,10877,9580.4,10546,6212.6,3835.2,7646.5,11210,10578,12044,11171,11129,10857,10039,10467,7145.5,12577,6109.9,14746,12761,9644,9572.5,10205,9394.6,6691.2,8417.7,9079.8,7385.7,5982.1,8768.5,9475.9,14011,12356,11172,12092,11119,12004,10285,9239.8,10984,9823.5,6289.6,8935.2,11263,9866.3,9627.3,7627.4,11389,10080,6442.5,9121.1,12081,10432,9608.9,7718.9
14194,11713,16137,15695,13594,13254,12222,7985.4,9745.8,8885.8,9503.7,8542.8,10165,6848.8,3816.4,6136.6,11169,10941,10518,10932,11439,10923,9424.3,10542,6889.5,12779,5907.2,14834,12713,9870.1,9820.2,10670,8052.5,6222,8311.3,9243,5169.6,6144.5,9114.4,9804.1,13222,11485,10807,10680,9880.9,10465,10122,9716.2,14831,12266,15449,14900,14132,13618,11998,9654.9,11172,10615,10857,9578.2,10550,6222.4,3858.3,7609.4,11220,10567,12037,11156,11114,10840,10034,10462,7140.2,12592,6150,14750,12769,9637.6,9560.3,10188,9431.5,6694.6,8518.7,9073.7,7324,5989.7,8821.7,9461.8,14052,12331,11141,12106,11086,12020,10310,9205.4,11005,9855.9,6298.1,8962.3,11166,9839.6,9634.6,7642.8,11416,10107,6525.7,9090.1,12162,10423,9632.1,7706.3
14165,11690,16144,15710,13566,13260,12221,7973.1,9717.3,8861.5,9475.4,8540.3,10123,6834,3798.4,6093.4,11165,10948,10539,10914,11444,10928,9443,10542,6880.4,12793,5880.8,14848,12760,9859.4,9843.1,10723,8056.8,6232.9,8305.7,9245.1,5157.4,6124.1,9125.9,9792,13223,11470,10789,10657,9910.8,10489,10059,9724.6,14813,12230,15466,14906,14099,13596,12007,9633.4,11212,10581,10892,9598.4,10541,6222,3853,7604.4,11206,10550,12048,11149,11104,10849,10042,10448,7145.5,12575,6117.3,14756,12802,9646.5,9584.7,10172,9407.2,6709.1,8366.5,9071.5,7358.8,5980.7,8775.4,9466.4,14007,12344,11143,12104,11149,11980,10353,9203.3,11023,9844,6390.6,8972.8,11260,9831.5,9621.6,7632.9,11428,10072,6522.6,9100.5,12160,10410,9630.6,7711.1
14193,11684,16147,15690,13560,13240,12224,7963.5,9647.1,8861.4,9515.7,8560.4,10154,6856.7,3797.7,6096.9,11160,10948,10533,10931,11473,10935,9450,10549,6884.1,12803,5883.8,14889,12747,9848.7,9857.7,10739,8070.8,6238.4,8309.1,9246.6,5097,6158.5,9095.3,9791.4,13238,11485,10783,10667,9832.2,10491,10042,9711.3,14826,12243,15446,14899,14057,13605,12005,9640.4,11235,10583,10862,9569.5,10548,6249.6,3833.5,7640.6,11199,10538,12048,11170,11117,10853,10054,10441,7115.9,12583,6128.6,14757,12762,9666.9,9602.4,10218,9437.3,6688.7,8415.5,9083,7337.2,5975.7,8780.2,9476.3,14043,12296,11110,12136,11135,12019,10324,9219,10998,9812.5,6362.2,8930,11148,9880.9,9638.9,7625.4,11440,10042,6438.6,9081,12226,10379,9666.2,7704.7
14195,11707,16153,15706,13637,13248,12238,7964,9652,8828.1,9503.9,8567.9,10172,6853.2,3798.6,6152.1,11162,10957,10509,10937,11482,10950,9450.5,10580,6866.1,12774,5904.5,14855,12723,9866.5,9850.8,10725,8066,6183.9,8293,9236.4,5113.3,6137,9147.2,9807.7,13252,11481,10760,10735,9879,10417,10099,9742.7,14834,12247,15457,14903,14090,13617,11994,9664.6,11198,10570,10851,9610.5,10559,6239.2,3862.9,7636.5,11208,10521,12051,11154,11110,10853,10071,10409,7119,12595,6062.8,14721,12780,9646.8,9551.1,10185,9434.7,6694.4,8441.9,9092.4,7391.8,5982.5,8802.7,9479.2,13990,12287,11096,12066,11085,12052,10260,9209.4,10993,9865.8,6300.2,8968.3,11118,9856.1,9621.2,7623.4,11441,10065,6496.2,9090.6,12150,10393,9627,7708.4
14210,11712,16148,15695,13575,13275,12223,7959.8,9666.5,8868,9490,8553.6,10160,6872.3,3799,6129.6,11173,10950,10533,10915,11435,10945,9462.9,10569,6898.4,12799,5939.7,14846,12714,9850.1,9826.1,10680,8035.7,6210.2,8267.6,9235.8,5125.7,6167.7,9121.4,9798.4,13180,11491,10724,10701,9902.2,10430,9964.7,9720.6,14840,12228,15432,14898,14160,13600,11992,9658.8,11234,10605,10857,9577.2,10550,6261.3,3869.4,7634.7,11229,10556,12056,11153,11090,10843,10058,10430,7109.6,12595,6095.3,14750,12769,9657.3,9561.7,10206,9441.9,6671.1,8410.5,9066.3,7415.1,5969,8806.4,9475.9,13962,12343,11136,12053,11145,12010,10344,9199.7,10985,9848.4,6373,8933,11297,9833,9607.1,7632.6,11434,10098,6496.1,9079.6,12107,10377,9618.6,7715.5
14186,11725,16153,15711,13605,13248,12222,7956.6,9681.4,8865.9,9521.6,8560,10163,6856.5,3803,6103.9,11183,10941,10567,10931,11463,10942,9461.9,10535,6863.4,12774,5857.3,14870,12748,9846.7,9836.6,10675,8047.6,6184.6,8267.2,9239.6,5123.8,6154.2,9107.7,9824.2,13241,11504,10763,10714,9892.9,10430,9977.7,9719.7,14848,12261,15437,14887,14109,13579,12017,9646.2,11180,10609,10894,9568.7,10566,6235.9,3837,7627.9,11224,10532,12077,11164,11101,10844,10055,10420,7107.9,12593,6077.2,14748,12761,9631.3,9582.6,10170,9450.5,6663.9,8415.9,9076.1,7371.1,5977.5,8804.2,9470.1,14006,12304,11113,12031,11057,11959,10280,9189.6,10941,9855.4,6365.2,8968.9,11223,9845.2,9579.8,7645.2,11451,10089,6488.6,9120.4,12156,10389,9610,7696.8
14185,11701,16154,15693,13594,13291,12243,7956.3,9684.7,8839.6,9536.6,8552.6,10181,6873.1,3796.8,6116.1,11184,10925,10553,10924,11459,10940,9454.7,10544,6936.7,12794,5862.4,14864,12741,9850,9834.6,10696,8059.7,6211.3,8297,9211.3,5149,6158.5,9115.8,9795.8,13247,11511,10739,10692,9860.5,10458,10018,9703.3,14842,12275,15424,14916,14165,13618,12007,9657.6,11232,10577,10902,9586.5,10580,6303.9,3870.6,7639.9,11242,10525,12074,11150,11110,10833,10067,10408,7143.4,12576,6132.8,14742,12775,9672.5,9569.8,10186,9427,6703.2,8464.2,9065.6,7395.6,6013.9,8815.3,9462.2,13996,12348,11162,12138,11092,11971,10291,9171.4,10972,9846,6317.3,8943.3,11127,9871,9632.1,7636.5,11393,10091,6449.7,9091.9,12028,10390,9617,7695.8
14190,11695,16137,15689,13577,13257,12242,7973.2,9700.5,8864.1,9500.7,8555.8,10178,6879.2,3795.7,6114.3,11177,10951,10564,10919,11451,10926,9452.8,10483,6856,12759,5885.3,14875,12757,9822.2,9818.5,10688,8066.7,6213.1,8294,9224.3,5144,6158.1,9106.6,9817.5,13233,11503,10757,10681,9876.2,10478,10017,9716.7,14844,12252,15436,14891,14075,13629,12012,9644.6,11231,10629,10850,9580.8,10568,6302.5,3842.2,7637.6,11237,10570,12073,11168,11099,10853,10082,10398,7141.2,12588,6132.4,14762,12799,9645.3,9556.7,10147,9412.3,6649,8395,9075.7,7395.5,5966.5,8787.3,9480.1,14081,12320,11153,12095,11105,11985,10338,9169.9,10964,9853.4,6314.4,8959.2,11132,9893.4,9621.4,7647.2,11453,10081,6475,9099.1,12153,10411,9631.2,7708.3
14178,11701,16163,15665,13560,13273,12239,7963.6,9670.6,8827.8,9523.5,8543.4,10181,6852.2,3795,6083.6,11190,10947,10567,10941,11443,10921,9455.3,10524,6857.3,12781,5881.2,14895,12709,9820.8,9832.6,10732,8043.8,6234.1,8286.7,9241.6,5146.2,6151.4,9121.6,9811.8,13186,11492,10754,10660,9885,10501,10088,9711.9,14838,12256,15424,14900,14102,13588,11998,9641.7,11280,10584,10886,9589.1,10568,6291.7,3855.6,7632.8,11248,10579,12077,11164,11095,10841,10077,10385,7115.1,12606,6133.1,14746,12780,9659,9555.9,10167,9420.6,6683.1,8402.3,9056.9,7372.6,5956.1,8793.2,9458.9,13912,12372,11139,12047,11121,11989,10314,9188.5,10983,9880.9,6333,8937.5,11190,9894.8,9613.8,7632.5,11450,10108,6528.7,9068.5,12092,10446,9620.7,7706.1
14174,11699,16158,15680,13574,13264,12250,7978.7,9664.3,8869.2,9536.4,8547.5,10178,6821.3,3774.7,6098.5,11178,10938,10564,10944,11466,10932,9469.6,10497,6864,12775,5906.5,14927,12734,9841.5,9820.3,10730,8022.7,6194.2,8287.9,9202.1,5124.7,6133,9104.3,9808.2,13228,11488,10764,10660,9923,10489,9988.5,9710.7,14825,12235,15437,14893,14093,13598,12013,9655.8,11229,10591,10842,9589.7,10578,6236,3877.6,7639.7,11244,10568,12071,11167,11083,10849,10095,10433,7053.4,12614,6052.5,14770,12742,9674.7,9566.8,10162,9405.3,6658,8415.2,9060.4,7383.1,5984.9,8813.7,9466.3,14003,12364,11144,12081,11067,11939,10277,9193.2,10941,9806.8,6336.5,8956.8,11237,9919.5,9604,7639.6,11432,10078,6452.5,9095.8,12212,10445,9612.6,7702.4
14161,11726,16174,15692,13595,13270,12236,7989.7,9703,8858.6,9549.6,8558.1,10181,6879.7,3790.1,6115.8,11169,10936,10576,10982,11461,10930,9463.1,10532,6936.9,12814,5866.8,14894,12760,9824.3,9837,10714,8015.7,6171.7,8280.3,9213.2,5140.3,6123.3,9148.1,9809.9,13248,11521,10756,10683,9875.6,10438,10033,9731.2,14812,12246,15421,14916,14026,13642,12015,9651.2,11231,10563,10857,9568,10573,6216.6,3844.3,7653,11241,10600,12085,11188,11078,10846,10114,10418,7093.8,12592,6090.4,14732,12765,9669.6,9559.7,10152,9404.1,6703.6,8402.5,9074.8,7342.7,5972.8,8813.8,9473.8,14039,12347,11158,12134,11190,11957,10251,9196,10990,9818.6,6363.3,8917.3,11210,9942.8,9578.4,7634.8,11374,10046,6507.2,9049.6,12148,10428,9613.5,7691.3
14170,11704,16167,15669,13544,13239,12243,7983,9697.5,8870,9523.6,8541.2,10178,6896.8,3817.5,6137.5,11175,10940,10559,10934,11435,10919,9459.9,10570,6893.6,12740,5893.9,14896,12699,9860,9837.1,10749,8012.7,6186.5,8269.4,9247.5,5133.6,6179.1,9126.2,9815.1,13270,11460,10794,10637,9887.8,10459,10041,9726.4,14818,12245,15433,14894,14056,13595,12015,9649.9,11254,10608,10854,9589.9,10553,6250.4,3864.6,7666.9,11248,10564,12082,11194,11061,10861,10112,10469,7091.5,12593,6100.5,14729,12780,9656.4,9550.6,10181,9430.4,6667.9,8389.8,9073.2,7348,5988.1,8825.7,9483.7,13942,12358,11114,12113,11097,11956,10300,9205.8,10977,9834.8,6309.6,8903.1,11212,9842.9,9584.3,7635.8,11296,10067,6474.2,9078.5,12098,10392,9600.1,7713.5
14161,11691,16129,15656,13597,13203,12229,7972.5,9708.8,8839.7,9495.8,8545.4,10164,6842.3,3791.3,6134.9,11183,10963,10570,10962,11434,10915,9471,10558,6903.3,12746,5920.5,14890,12746,9812.1,9833,10717,8026.6,6178.6,8290.4,9228.5,5070.9,6153.1,9113.4,9810.8,13274,11497,10772,10722,9945.5,10466,10021,9719.3,14804,12233,15418,14868,14058,13615,12016,9644.1,11198,10640,10855,9568.4,10566,6223.9,3854.8,7648.1,11243,10579,12142,11191,11067,10851,10086,10452,7092.4,12618,6139.6,14720,12738,9614.8,9571.3,10182,9390.6,6639.5,8392.2,9082,7386.5,5951.5,8826.4,9488.5,14040,12329,11111,12086,11146,11979,10349,9230.3,10948,9866.4,6268.7,8946.6,11191,9845.6,9613.7,7631.5,11426,10082,6454.6,9084.9,12125,10387,9608,7708.2
14151,11690,16143,15677,13576,13276,12242,7955,9726,8841,9486.6,8549.4,10151,6828.8,3794.2,6109.3,11183,10958,10617,10960,11399,10920,9473,10575,6900.5,12774,5852.5,14881,12770,9846.4,9841.9,10722,7990.4,6170.3,8248.8,9231,5093.7,6169.4,9125.7,9825.6,13329,11499,10810,10659,9805.3,10460,10084,9738.8,14796,12260,15408,14896,14037,13586,12031,9628.3,11208,10576,10828,9540.6,10541,6179,3862.7,7683.9,11240,10599,12166,11209,11068,10850,10126,10456,7094.5,12629,6121.5,14723,12764,9664.4,9595.9,10212,9379.1,6690.1,8427.1,9092.4,7371.1,5991.6,8811.4,9486.8,13988,12361,11148,12133,11136,11947,10236,9219.8,11004,9797.4,6416.5,8976.1,11121,9877.4,9603.2,7652.5,11363,10048,6411.1,9109.4,12286,10410,9589,7713.2
14139,11695,16146,15647,13531,13222,12252,7968.5,9701.8,8837.2,9463.9,8514.3,10178,6797.1,3784.4,6114,11182,10982,10611,10975,11406,10917,9493.9,10600,6885.8,12735,5805.9,14840,12725,9856.8,9836.3,10817,7959.5,6128.5,8263.9,9247.1,5116.9,6154.5,9170.5,9821.2,13279,11512,10814,10727,9902.7,10411,10058,9760.2,14780,12272,15410,14879,14018,13586,12031,9633.1,11220,10586,10777,9551,10537,6214.8,3836.1,7699,11230,10619,12144,11206,11068,10865,10156,10455,7060.3,12612,6079.8,14697,12795,9664.1,9609.8,10221,9395.2,6617,8402.6,9084.6,7305.4,5971.8,8850.5,9507.6,13996,12353,11157,12113,11069,12067,10292,9245.8,11022,9837.7,6387.9,8982.5,11113,9876.2,9601.5,7647.5,11377,10077,6456.9,9093,12111,10444,9607.6,7716.1
14155,11696,16118,15636,13539,13264,12249,7936.5,9660.2,8866.3,9471.1,8547,10177,6851.7,3793.3,6123.5,11190,10972,10603,10983,11409,10907,9496.3,10562,6884,12747,5841.3,14850,12736,9833.5,9840.7,10790,7960.7,6235.2,8296.3,9227.6,5105,6198,9153.1,9845,13245,11498,10797,10632,9875.2,10460,10137,9779,14791,12253,15400,14880,14042,13614,12039,9633.7,11243,10586,10779,9548.3,10512,6200.4,3827.7,7683.1,11240,10631,12159,11230,11050,10860,10158,10499,7070.1,12640,6087.2,14663,12765,9663.4,9596.6,10213,9387.2,6668.7,8370.9,9091.3,7341.3,5984,8847.3,9494.7,13981,12375,11146,12145,11137,11973,10293,9257.6,10955,9830,6292.9,8955.3,11228,9849.5,9606.1,7624.7,11385,10094,6462.8,9097.9,12190,10463,9613.1,7708.4
14156,11687,16152,15665,13580,13272,12237,7948.2,9667.1,8838.2,9445.1,8530.7,10172,6906.8,3799,6132.6,11185,10959,10607,11003,11442,10914,9504.4,10573,6915.6,12710,5884.7,14882,12683,9853,9839.9,10740,7987.4,6181.6,8229.8,9209.4,5121.7,6161.8,9139,9838.5,13368,11470,10769,10665,9886.8,10418,10080,9783.6,14791,12241,15424,14899,14069,13597,12038,9627.5,11142,10597,10811,9530,10513,6224.9,3832.6,7670.5,11231,10627,12113,11204,11055,10855,10159,10425,7118.6,12608,6035.5,14700,12739,9644.9,9582.9,10249,9403.5,6663.8,8390.7,9089.7,7363,5989,8833.9,9510.7,14042,12367,11144,12135,11090,11998,10321,9279.9,10930,9804.9,6247.3,8936.6,11273,9835.7,9594.8,7628.9,11411,10070,6424.8,9085,12100,10344,9580.3,7708.4
14141,11705,16161,15686,13569,13298,12247,7943.8,9640.1,8857.2,9524.7,8520.2,10179,6933.2,3802.7,6125.2,11191,10989,10613,11013,11422,10929,9479.2,10593,6870.9,12753,5882.8,14886,12709,9834.9,9834.8,10750,8010.2,6144.4,8231.1,9218.3,5137.9,6128,9136.8,9812.6,13239,11491,10799,10654,9908.7,10429,10106,9803,14783,12265,15434,14894,14038,13593,12036,9617.4,11209,10581,10779,9543.9,10496,6224.5,3838.1,7654.9,11240,10639,12139,11216,11110,10860,10153,10440,7050.3,12622,6099.4,14707,12748,9628,9603,10256,9369.3,6650.2,8435.9,9098,7390.6,5935.7,8828.3,9514.1,14050,12389,11131,12027,11096,12004,10361,9261.5,10923,9812.1,6390.8,8926,11250,9858.5,9582.2,7653.2,11362,10091,6455.3,9065.7,11882,10411,9596.2,7722.2
14151,11700,16139,15716,13589,13289,12252,7951.9,9672.8,8865,9442.5,8538.7,10163,6890,3824.2,6158.8,11189,10983,10636,11003,11480,10930,9485.2,10591,6837.4,12801,5813,14843,12721,9821.2,9854,10788,7996.2,6172,8307.5,9243.9,5100.6,6136.5,9089.7,9847,13302,11496,10780,10678,9850.4,10431,10044,9779.5,14784,12257,15427,14924,14065,13608,12034,9633.3,11170,10582,10784,9530.8,10498,6201.1,3834.1,7649.4,11221,10588,12126,11217,11106,10849,10132,10489,7021.7,12633,6037.5,14715,12750,9668.1,9599.7,10253,9402.1,6681,8443.1,9099.9,7333.7,5950.8,8797.8,9511.7,13989,12388,11139,12083,11079,11992,10312,9282.2,10911,9803.9,6363.7,8947.8,11155,9835.8,9572.6,7642.2,11378,10104,6374,9124.7,12112,10438,9579.2,7716.5
14153,11732,16146,15691,13583,13296,12257,7952.1,9698.1,8841.7,9431.4,8538.6,10169,6845.2,3798.3,6136.2,11167,10989,10639,11018,11457,10924,9497.5,10557,6787.5,12767,5874.6,14847,12675,9845.3,9848.8,10752,7991.4,6196.2,8235.6,9228,5097.9,6150,9103.6,9822.4,13305,11504,10794,10651,9926.7,10402,10106,9788.4,14781,12288,15419,14908,14107,13647,12045,9625.2,11199,10607,10753,9518.5,10468,6209.3,3821.8,7660.8,11232,10614,12131,11218,11097,10852,10151,10449,6977.2,12673,6052.1,14676,12724,9621.7,9593,10235,9373.8,6627.5,8424.3,9098,7320.7,5963.4,8802.6,9525.6,14122,12385,11144,12154,11123,11999,10349,9274.2,10927,9824.3,6313.4,8938.5,11257,9808.7,9588.2,7635.3,11351,10038,6419.1,9082.9,12130,10396,9566.2,7732.7
14135,11729,16144,15697,13606,13295,12241,7950.3,9689,8855.3,9455.5,8528.5,10167,6861.3,3794.1,6107.4,11173,10984,10624,11033,11441,10936,9478,10578,6788.8,12803,5874.3,14825,12715,9847.5,9818.5,10743,8038.5,6253.1,8326.2,9243.7,5140.8,6161.4,9114.4,9800.8,13361,11515,10787,10678,9902.2,10464,10043,9767.6,14789,12296,15410,14916,14091,13625,12038,9627.6,11205,10577,10796,9510.3,10510,6173.2,3837.1,7648.1,11216,10598,12153,11228,11096,10856,10149,10491,7069.6,12656,6096,14688,12722,9648.6,9588,10255,9400.3,6650.6,8478.8,9099.4,7379,5967.2,8839.3,9528.4,14053,12393,11160,12104,11115,12002,10285,9260.4,10920,9824.2,6267.4,8961.2,11189,9834.8,9601.8,7642.9,11381,10051,6520,9083.2,12154,10356,9619.5,7709.9
14149,11722,16151,15701,13582,13328,12260,7945.5,9710.7,8830.1,9450.4,8537.7,10199,6850.6,3797.5,6105.1,11157,10989,10630,11043,11453,10934,9493.6,10606,6813.2,12832,5838.6,14845,12735,9817.1,9827.4,10811,8041.4,6223.4,8313.2,9252.7,5136.4,6109.9,9094.3,9820.6,13394,11517,10823,10677,9890.8,10468,10026,9786.3,14784,12296,15435,14919,14103,13578,12053,9616.4,11106,10611,10778,9532.9,10494,6229.1,3846.1,7675.2,11213,10626,12156,11235,11101,10863,10150,10480,7032.7,12677,6099.2,14718,12791,9603.5,9596.8,10291,9412.3,6649.5,8391.7,9109.1,7343.3,5967.3,8852.5,9538.3,14103,12395,11151,12028,11123,12032,10351,9285,10931,9825.1,6319.1,8953.5,11163,9852.4,9601.2,7622.5,11392,10082,6397.3,9084.4,12019,10358,9604.1,7709.8
14179,11742,16162,15729,13607,13310,12242,7973.9,9700.7,8830,9446.6,8551.7,10198,6902.4,3811.3,6110.6,11164,10956,10617,11000,11466,10924,9488.2,10619,6823.4,12835,5831.6,14867,12707,9844.1,9824.8,10760,8035.3,6197.3,8292.6,9226.3,5140.3,6158.7,9112.3,9815.5,13313,11523,10784,10691,9895.3,10445,10167,9764.7,14795,12288,15424,14918,14070,13619,12040,9627.5,11115,10614,10780,9536.1,10474,6234.2,3834.6,7653.6,11220,10562,12162,11247,11063,10843,10151,10460,7052.3,12660,6119.6,14662,12755,9605,9584.2,10236,9413,6702.9,8396.9,9114.4,7349.5,5967.4,8801.3,9508.5,14079,12370,11152,12195,11112,12043,10333,9259.7,10954,9843.2,6318.6,8930.4,11145,9912.1,9591.2,7623.8,11352,10101,6463.5,9079.6,12268,10393,9618.6,7719.9
14172,11692,16167,15711,13594,13295,12246,7961.2,9716.1,8873.8,9484.8,8541,10187,6892.2,3826,6132.3,11165,10974,10589,11008,11452,10949,9498.7,10582,6828.5,12785,5842.6,14840,12715,9807.4,9818.2,10747,8059.1,6215,8291,9234.1,5148.5,6144.8,9123.9,9823.8,13284,11508,10791,10635,9900.5,10443,10078,9764.2,14798,12277,15439,14922,14095,13594,12046,9636.4,11171,10576,10806,9523.8,10526,6217.3,3813.7,7666.5,11218,10567,12157,11237,11081,10859,10168,10495,7049.9,12663,6084.3,14672,12730,9588.2,9578.8,10257,9431.1,6689.9,8401.6,9123.6,7328,5971.4,8840.4,9536.4,14064,12407,11145,12048,11116,12001,10374,9278.7,10981,9838.7,6414.1,8975.5,11187,9805.3,9633.6,7636.5,11347,10082,6451.3,9085.3,12176,10368,9613.7,7712.8
14169,11718,16152,15706,13593,13317,12244,7951.4,9696,8874.4,9464.3,8528.7,10186,6855.4,3778.3,6127.5,11158,10999,10614,11020,11442,10959,9500.6,10571,6751.3,12808,5875.6,14836,12688,9812.1,9822.3,10769,8077.2,6202.8,8292.4,9237.6,5134.1,6169.9,9130.1,9817.4,13271,11518,10795,10648,9810,10442,10111,9765.8,14787,12295,15438,14913,14132,13636,12044,9626.8,11144,10577,10768,9510.1,10503,6265.1,3828.7,7662.2,11223,10584,12168,11224,11083,10856,10177,10489,7008.1,12631,6074,14670,12733,9591.7,9572.3,10235,9422.4,6645,8395.6,9120.8,7369.2,5986.2,8830,9518.9,14068,12400,11189,12132,11091,12012,10320,9276.6,10972,9855.9,6396.5,8957.2,11111,9835.9,9579.2,7645.7,11307,10092,6520.3,9092.6,12121,10316,9609.6,7707.9
14179,11724,16158,15680,13599,13327,12252,7974.8,9705.5,8834.7,9443.1,8559.9,10178,6907,3776.9,6104.1,11147,11000,10609,11048,11464,10944,9491.3,10629,6833.1,12804,5859.3,14835,12700,9797.4,9810.8,10775,8060.2,6172.3,8285.9,9241.6,5134.2,6146.3,9126.4,9831.9,13302,11532,10788,10681,9927,10436,10058,9799.4,14770,12276,15424,14912,14121,13681,12042,9620.2,11159,10611,10793,9509.6,10525,6208,3848.3,7666.7,11221,10588,12182,11256,11078,10852,10149,10468,7054.2,12687,6110.4,14703,12734,9553.3,9553.7,10228,9437.4,6667.9,8449.9,9117.6,7361.4,5973.2,8813.4,9529.9,14085,12415,11172,12099,11077,12006,10375,9284.9,10979,9893.4,6356.9,8963.8,11086,9869.6,9605.5,7643.4,11322,10071,6514.5,9097.9,12185,10381,9600.7,7699
14149,11716,16143,15677,13611,13317,12257,7938.9,9714,8874.4,9452.3,8545.6,10205,6900.9,3805.3,6126.6,11146,11009,10611,11020,11439,10964,9496.5,10588,6831.4,12826,5888.3,14830,12689,9789.5,9788.6,10791,8048.5,6167.2,8265,9235.6,5143.4,6143.9,9160.5,9825.6,13353,11544,10808,10740,9895.2,10447,10132,9790.8,14780,12288,15417,14911,14211,13651,12054,9622.2,11216,10582,10795,9498.8,10527,6236.8,3852.7,7661,11219,10598,12145,11260,11109,10852,10166,10493,7060.7,12671,6037.6,14678,12686,9574.7,9559.5,10252,9425.9,6652,8432.6,9125.2,7305.7,6010.9,8839.3,9531.3,14043,12409,11173,12139,11130,12019,10377,9303.7,10950,9832.8,6408.2,8966.8,11174,9844.3,9617.2,7632.2,11363,10089,6495.4,9077.2,12132,10287,9611.4,7709.1
14163,11740,16133,15677,13629,13336,12250,7958.8,9716.8,8868,9385.5,8517.3,10211,6840.4,3795.6,6106.3,11152,10970,10615,11043,11428,10943,9506.8,10581,6835.8,12834,5851.9,14805,12684,9774.9,9804.4,10740,8061.6,6169.3,8215.7,9252.5,5131.6,6162,9128.5,9822.1,13297,11539,10803,10664,9903.4,10465,10160,9794,14779,12287,15416,14920,14129,13649,12039,9642.6,11163,10625,10770,9497.1,10523,6240.6,3823.8,7661.5,11235,10617,12190,11249,11064,10838,10176,10507,7096.9,12681,6104.1,14631,12727,9557.2,9541,10251,9435.9,6614.9,8412.3,9124.3,7337.9,5968.2,8816.5,9548.2,14126,12430,11165,12145,11063,12068,10385,9292.3,10946,9877.9,6323.7,8995.1,11139,9851.7,9643.5,7649.6,11343,10094,6477.4,9101.7,12094,10376,9607.2,7695.9
14164,11692,16120,15680,13634,13329,12255,7960.9,9674.2,8857.1,9436.2,8529.8,10237,6863.8,3830.4,6117.6,11153,10965,10614,11079,11428,10922,9516.5,10610,6790.9,12871,5879.8,14852,12741,9744.7,9783.9,10772,8046.2,6184,8248.5,9264.4,5114.6,6142.1,9145,9839.5,13322,11550,10849,10713,9867.6,10463,10117,9783,14790,12299,15399,14898,14146,13668,12066,9627.2,11175,10650,10757,9509,10532,6237.7,3843.1,7651.4,11232,10600,12220,11286,11094,10836,10175,10512,7116,12729,6057,14678,12726,9595,9531.4,10298,9415.7,6643.8,8408,9151.3,7375.5,5980.8,8832.6,9548.6,14087,12439,11189,12145,11161,12057,10300,9293.6,10995,9858.8,6254.9,8973.3,11136,9827.8,9599.3,7656.9,11375,10119,6416.9,9082.6,12152,10353,9573.6,7709.3
14144,11695,16110,15669,13583,13316,12270,7979.9,9714.6,8929.9,9458.8,8510.7,10234,6879,3803.7,6137.1,11156,10963,10612,11062,11437,10931,9528.1,10634,6788.3,12870,5844.3,14841,12702,9771.9,9785.6,10803,8028.2,6223.2,8287.8,9248,5138.8,6156.2,9160.6,9837.4,13306,11556,10833,10689,9912.2,10463,10101,9820,14770,12302,15400,14887,14075,13689,12061,9624.9,11237,10615,10763,9495.9,10533,6206.6,3825.7,7665.9,11240,10601,12185,11287,11082,10838,10174,10503,7059.2,12740,6069.3,14656,12717,9602.6,9543.3,10258,9441.8,6637.2,8422.6,9106.9,7324.9,5976.8,8822.1,9556.5,14042,12454,11188,12135,11126,12027,10334,9322,11034,9828.9,6360,8990.7,11150,9900.7,9589.5,7660.8,11357,10063,6429.5,9062,12160,10363,9560.5,7704.6
14150,11685,16107,15668,13627,13277,12267,7943.5,9689.5,8867.8,9435.2,8518.5,10225,6853.8,3799.8,6089.6,11159,10990,10574,11035,11434,10933,9513.4,10550,6798.7,12827,5845.7,14852,12699,9748.2,9755,10749,8036.6,6214.1,8236.6,9230.4,5165,6133.4,9121.8,9851.2,13311,11544,10846,10700,9907.8,10476,10059,9820.9,14772,12288,15416,14907,14132,13643,12073,9621.4,11216,10575,10748,9517.7,10536,6287,3852.8,7641.8,11229,10606,12181,11267,11072,10834,10182,10464,7036.6,12704,6155,14657,12695,9562.1,9503.5,10232,9409.4,6640.8,8430.3,9086.5,7397.4,5990.4,8825.4,9545.1,14019,12424,11166,12197,11114,11988,10349,9308.1,11017,9837.6,6406.9,8957.6,11187,9827.6,9603.6,7643,11365,10106,6528,9071.8,12268,10336,9609.1,7722.5
14143,11685,16139,15694,13597,13279,12258,7935.9,9651.8,8878.6,9451.9,8517.3,10194,6931.4,3817.6,6091.4,11174,10994,10602,11006,11432,10946,9520.7,10539,6801.7,12821,5824.4,14834,12639,9767.1,9770.7,10752,8013.7,6257,8269.7,9233.1,5173.8,6174.3,9121.3,9863.3,13259,11530,10821,10712,9956.4,10440,10083,9826.2,14777,12258,15415,14898,14089,13609,12064,9624.4,11225,10583,10777,9503.3,10521,6303,3836.4,7639.2,11242,10611,12204,11286,11075,10842,10197,10450,7063.1,12693,6130,14649,12695,9552.2,9511.1,10221,9394.2,6663.1,8387.5,9101.7,7359.4,5956.9,8840.3,9531.2,14070,12410,11178,12141,11071,12026,10268,9326,11032,9841.1,6373.3,8943.9,11080,9811.2,9600.8,7630,11377,10062,6415.5,9085.8,12180,10352,9593.3,7692.9
14157,11689,16115,15691,13604,13299,12254,7956.6,9680.2,8838.1,9475.6,8535.2,10192,6866,3795.5,6121.8,11161,10974,10582,11058,11444,10933,9511.9,10483,6794.6,12822,5862.8,14826,12681,9744.2,9765.8,10713,7995.5,6205.5,8315.6,9217.8,5163.3,6155.9,9132.6,9844,13285,11465,10807,10694,9912.8,10477,10047,9800.1,14780,12239,15419,14895,14142,13667,12064,9628.2,11162,10609,10753,9490.5,10520,6231.9,3822.7,7651.5,11238,10639,12223,11272,11088,10832,10181,10462,7042.2,12726,6074.1,14663,12679,9587.2,9498.6,10180,9387.8,6668.8,8397.2,9102.8,7375,5983.3,8797.4,9535.8,14026,12391,11214,12054,11147,12096,10305,9300,11007,9827.6,6403.2,8970.9,11077,9837.3,9570,7619.6,11372,10118,6468.4,9097,12002,10351,9589.2,7720.3
14154,11709,16139,15687,13673,13317,12259,7930.1,9700.2,8863.2,9450.3,8520.7,10207,6835.1,3801.6,6125,11165,10969,10595,11033,11463,10940,9523.5,10542,6850.6,12883,5855.4,14851,12694,9743.9,9780,10726,8015.7,6183.7,8238.2,9227.9,5153,6157.8,9153.6,9874.9,13317,11509,10811,10662,9868.2,10443,10067,9811.4,14782,12237,15433,14892,14101,13655,12082,9594,11196,10622,10758,9484.9,10532,6225.3,3825,7669.2,11233,10608,12209,11275,11103,10840,10180,10491,7043,12691,6080.4,14676,12668,9597.4,9515.3,10201,9395.6,6650.7,8394.6,9104,7361.9,5976.6,8849.1,9539.6,14023,12389,11173,12141,11114,12047,10322,9299.3,11064,9818.2,6305.8,8980.4,11066,9818,9590.5,7622.9,11401,10106,6509.1,9097.3,12207,10319,9588.5,7702.1
14134,11712,16147,15682,13633,13328,12274,7943.6,9705.1,8894.6,9395.1,8517.7,10245,6871,3782.8,6131,11158,10975,10631,11080,11471,10931,9535.5,10539,6823.8,12872,5862.5,14889,12690,9744,9760.2,10701,8027.4,6188,8255.2,9252.4,5114.9,6157.9,9134.9,9851.1,13328,11499,10809,10668,9924.4,10456,10034,9834.2,14775,12219,15427,14888,14067,13694,12083,9612.2,11210,10629,10743,9505.7,10557,6211.3,3829.9,7675.7,11242,10606,12224,11286,11093,10846,10188,10424,7065.9,12702,6145.1,14702,12682,9565.4,9517.9,10199,9411.2,6616.7,8417.3,9108.1,7365.2,5944.1,8820.6,9543.9,14081,12452,11243,12169,11125,12091,10280,9305.7,11008,9896.1,6331.3,8961.2,11101,9830.2,9578.4,7635.1,11306,10122,6411.8,9081.1,12168,10323,9586.3,7710.1
14130,11686,16152,15698,13626,13291,12269,7953.9,9737.9,8899.1,9436.1,8555.1,10204,6886.5,3788.7,6103.3,11162,10987,10621,11064,11463,10942,9518.7,10547,6818,12843,5907.5,14860,12698,9761.3,9735.3,10719,8026.4,6167.1,8272.2,9232.8,5138.1,6153.3,9140.2,9855.2,13305,11485,10794,10697,9899.6,10436,9918.9,9822.7,14775,12257,15432,14895,14117,13667,12065,9631.3,11166,10629,10755,9535,10568,6223.9,3815.4,7679.1,11227,10604,12203,11285,11093,10843,10192,10440,7038.4,12714,6115,14680,12732,9547.7,9495.8,10178,9393.6,6648.9,8359.3,9101.2,7398.6,5957.2,8814,9536.2,14073,12362,11162,12119,11096,12118,10279,9294,11025,9884.5,6319.5,8972.6,11228,9811.3,9606.7,7623.4,11347,10086,6438.4,9087.2,12025,10312,9580.9,7710.7
14148,11687,16158,15698,13644,13355,12276,7950.5,9692.6,8861.2,9451.4,8545.1,10222,6887.6,3776.6,6117.6,11166,10970,10607,11045,11438,10925,9523.8,10584,6859.6,12873,5881.2,14843,12717,9758.4,9733.3,10708,8017.8,6177.2,8286.1,9219.4,5133.3,6142.9,9123.7,9833.6,13321,11518,10801,10705,9909.5,10455,10111,9823.7,14766,12261,15435,14902,14112,13663,12097,9627.1,11155,10642,10783,9500.2,10505,6284.9,3834.2,7662.1,11242,10587,12213,11264,11091,10831,10187,10482,7144.7,12702,6082.3,14696,12726,9528.8,9496.7,10214,9407.9,6648.9,8435.9,9104.2,7342.4,5993.8,8818.8,9523.3,14054,12435,11152,12150,11136,12074,10292,9284.8,11061,9892.2,6425.1,8958.3,11099,9816,9577.3,7632.9,11332,10123,6512.4,9091.8,12135,10309,9595.8,7690.8
14147,11709,16145,15705,13619,13289,12269,7927.3,9737.8,8882.1,9455.5,8512.1,10215,6842.6,3798.8,6096.6,11182,10973,10624,11057,11462,10934,9523.5,10569,6811.7,12894,5818.5,14863,12702,9755.6,9750.6,10811,7992.3,6162.6,8267.7,9254.6,5189.4,6154.2,9128.1,9826.2,13326,11559,10810,10716,9957.2,10502,9951.8,9825.9,14750,12271,15413,14891,14096,13663,12099,9617.1,11222,10630,10727,9512.2,10570,6261.8,3841,7669.1,11252,10587,12210,11290,11128,10836,10203,10504,7076.4,12692,6099.7,14713,12706,9528.8,9509.6,10206,9379.7,6647.6,8430.8,9123.8,7332.8,5965.3,8841.5,9517.5,14122,12444,11172,12244,11163,12047,10314,9291.5,11069,9904.7,6331.2,8954.5,11132,9766.5,9588.4,7614.3,11356,10108,6456.5,9056.5,12048,10284,9581.2,7715.6
14168,11703,16139,15707,13606,13300,12288,7958.6,9698.8,8904.6,9511,8543.6,10217,6831.3,3792.2,6106.1,11165,10987,10614,11069,11463,10926,9525.5,10569,6855.8,12872,5884.1,14879,12679,9782.8,9746.2,10751,8055.7,6209.7,8257,9248.9,5152.7,6123,9134.4,9843.6,13300,11528,10817,10699,9925.8,10521,10054,9774.6,14776,12286,15436,14901,14093,13613,12073,9627.2,11266,10648,10824,9543.5,10566,6219.4,3818.6,7669.5,11261,10601,12204,11287,11115,10833,10194,10509,7069.2,12710,6107.4,14702,12693,9541.6,9507.9,10223,9407.7,6595.1,8364.8,9128.1,7355.1,5976.7,8817,9508.6,14122,12405,11198,12142,11220,12072,10317,9288.4,11035,9870.8,6432.5,8979.7,11182,9832.7,9598.6,7621.4,11330,10096,6521.1,9114.1,12147,10301,9605.1,7713
14168,11702,16141,15703,13604,13358,12271,7926.2,9744.9,8861.2,9492.1,8543.4,10208,6887.2,3795.6,6109.1,11177,10974,10618,11058,11465,10924,9513.6,10559,6835.6,12873,5860.9,14870,12664,9748.8,9736.8,10793,8017.7,6237.7,8276.1,9236.4,5154.5,6142.7,9141.5,9839.6,13303,11531,10796,10693,9908,10401,10018,9779.3,14793,12276,15417,14906,14144,13668,12076,9631.6,11143,10629,10735,9531.6,10572,6246.5,3839.8,7669.9,11233,10601,12224,11276,11093,10832,10204,10481,7043.3,12712,6044.4,14674,12721,9532.2,9494.6,10223,9391.8,6650.1,8382.9,9122,7365.9,5991.1,8848.1,9520.5,14018,12418,11164,12136,11121,12144,10301,9265.9,11056,9882.7,6391.6,8944,11123,9808.3,9603,7640.9,11392,10095,6510.6,9055.3,12172,10287,9571,7685.5
14143,11712,16119,15716,13607,13339,12257,7974.1,9777,8852.8,9448,8545.1,10228,6832.3,3771.5,6140.9,11180,10977,10620,11059,11451,10923,9515.2,10571,6792.6,12839,5874,14871,12694,9730.1,9738.5,10756,8023.7,6189.1,8242.1,9245.2,5202.9,6163.1,9177.5,9838.5,13315,11514,10822,10713,9945.8,10504,10040,9793.6,14774,12269,15426,14908,14111,13675,12072,9618.2,11197,10658,10758,9548.8,10584,6206.9,3836.2,7689.2,11262,10614,12240,11275,11102,10843,10192,10481,7056.2,12696,6066.6,14704,12727,9519,9490.9,10199,9403,6666.4,8432.2,9109.1,7372.9,5960.2,8875.6,9508.8,14058,12418,11198,12214,11226,12062,10323,9282.6,10999,9836.3,6292.7,8965.2,11265,9798,9596.9,7630.4,11419,10096,6587.4,9092.4,12191,10334,9593.6,7702.9
14150,11698,16132,15706,13597,13309,12262,7954.2,9715,8859.1,9454.6,8541.7,10196,6878,3808.7,6100,11174,10969,10628,11044,11451,10917,9511.7,10559,6842.9,12847,5871.1,14831,12671,9752.5,9725.3,10727,8025.6,6187,8222.7,9239,5153.6,6130.7,9151.4,9857.6,13239,11505,10793,10689,9910.1,10470,10018,9787.6,14767,12246,15414,14913,14121,13623,12077,9650.8,11244,10676,10824,9537.1,10572,6260.9,3820.2,7657.1,11255,10607,12212,11292,11102,10840,10194,10499,7059,12663,6158.2,14658,12679,9533.1,9504.4,10211,9393.7,6640.2,8411.1,9097.9,7348.5,5991.8,8860.3,9499.9,14085,12433,11186,12125,11174,12033,10311,9264.8,11021,9847.6,6252,8967.2,11124,9804.4,9580.1,7619.5,11380,10069,6480.8,9108.5,12125,10317,9609.9,7715.1
14135,11728,16137,15714,13639,13335,12270,7949.4,9722,8875.6,9436.5,8541.1,10222,6876.5,3806.3,6114.1,11171,10980,10657,11062,11412,10922,9504,10585,6829,12848,5825.9,14811,12686,9746.6,9755.7,10761,7980,6209.1,8286.7,9242.8,5129.4,6162.1,9126.3,9854.6,13246,11524,10802,10682,9927.8,10458,10038,9798.6,14751,12275,15427,14891,14096,13655,12074,9625.7,11209,10648,10753,9551.9,10574,6227.6,3845.2,7663.4,11262,10622,12180,11286,11101,10839,10172,10487,7026,12691,6032.9,14691,12756,9559,9542.9,10272,9389,6650.3,8431.3,9096.5,7436.4,6013.1,8829.2,9507.5,14081,12429,11176,12207,11149,12020,10368,9300,11032,9876.3,6437.1,8956.4,11130,9860.5,9549.2,7634.3,11413,10048,6408.6,9076,12118,10327,9616.8,7715.5
14144,11708,16155,15726,13599,13303,12285,7942.6,9700.5,8866.9,9443,8525.9,10205,6845.4,3792.4,6105.8,11186,11025,10640,11060,11452,10940,9517,10532,6814.2,12872,5814.5,14763,12701,9745.2,9748.9,10742,7997.5,6204.8,8299,9228.3,5144.8,6126.3,9124.4,9849,13253,11520,10809,10750,9879.3,10493,9925.6,9818.8,14764,12275,15431,14912,14099,13645,12086,9629,11188,10629,10751,9517.1,10550,6240.4,3827,7667.6,11247,10644,12191,11286,11118,10864,10223,10481,7023.9,12659,6054.5,14699,12697,9548.4,9514.1,10202,9413.4,6623.2,8441.8,9092.2,7398.9,6002.7,8807.9,9520.2,14060,12424,11136,12069,11139,12024,10364,9284.2,11034,9863.2,6335.4,8967.3,11129,9836,9598.2,7617.2,11402,10095,6517.6,9064.4,12188,10313,9606.5,7697.8
14148,11677,16131,15731,13595,13303,12266,7955.4,9657.8,8872.8,9448.1,8536.5,10198,6908.3,3800.5,6120.8,11186,11026,10624,11048,11440,10942,9518.2,10520,6834.7,12844,5821.5,14820,12668,9741.6,9744.4,10701,8002.2,6152.3,8250.2,9223.4,5106.8,6149.6,9135.9,9838.8,13285,11521,10795,10700,9858.7,10466,10007,9772.4,14780,12225,15443,14924,14073,13655,12060,9613.3,11175,10643,10799,9540,10574,6240.7,3840.1,7665.7,11254,10663,12187,11296,11099,10867,10209,10413,7073,12721,6046.9,14661,12674,9544.6,9500.5,10201,9415.5,6691.8,8366.1,9075.6,7391.3,5975.4,8820.6,9524.8,14102,12348,11150,12067,11065,11973,10254,9296.8,10983,9842.9,6360.6,8918.6,11030,9826.4,9561.2,7625.3,11412,10106,6505,9076.2,12050,10316,9594.9,7690.7
14149,11685,16129,15721,13560,13276,12270,7937,9691.1,8854.5,9472.6,8535.7,10209,6915.5,3762,6123.2,11195,11042,10623,11035,11410,10934,9503.3,10535,6845.1,12865,5909.7,14813,12657,9754.3,9752.7,10722,7990.5,6184.4,8230.8,9220.2,5119.9,6182,9150.7,9847.7,13256,11486,10784,10625,9924.5,10499,10003,9795.1,14773,12270,15433,14926,14021,13655,12080,9616.7,11159,10620,10768,9502.1,10575,6256.6,3856.8,7620.1,11279,10666,12189,11305,11091,10871,10205,10429,7027.9,12680,6075.8,14708,12723,9572.6,9503.7,10216,9365.7,6637,8374.7,9070.8,7384,5991.6,8849.1,9533.8,14074,12381,11150,12126,11107,12002,10271,9281.6,11008,9825.4,6344.2,8928.4,11151,9856,9585.3,7611.5,11413,10053,6498.2,9041.5,12158,10262,9549.7,7702.7
14132,11689,16137,15744,13589,13283,12286,7930,9650.9,8879.3,9447.2,8509.3,10185,6821.3,3794.6,6102.4,11197,11054,10626,11034,11405,10925,9511.6,10515,6784.9,12865,5857.3,14794,12716,9760.4,9763.8,10714,8001.4,6197.3,8275.3,9247.2,5148.1,6131.5,9119.1,9834.9,13256,11585,10774,10675,9817.4,10509,10064,9788.6,14774,12259,15436,14928,14024,13651,12087,9610.9,11128,10580,10751,9546.3,10555,6267.4,3841,7651.6,11250,10693,12192,11270,11085,10872,10194,10402,7046.6,12656,6059.4,14677,12703,9572.2,9522.8,10209,9402.9,6656,8385.5,9092.3,7386.7,5993.5,8809.5,9515,14089,12411,11153,12193,11158,11980,10252,9268.9,10961,9879.9,6363.5,8942.5,11267,9853.9,9578.5,7625.6,11398,10103,6478.7,9094.3,12184,10299,9573.3,7705.2
14157,11676,16133,15715,13524,13309,12264,7939.6,9693.3,8818.5,9533.1,8535.1,10197,6815,3810.6,6110.6,11175,11019,10604,11051,11426,10932,9507.8,10519,6817.2,12880,5862.6,14852,12695,9764.7,9774.7,10716,7998.2,6211.1,8244,9215.1,5139.3,6128.3,9109.5,9832.7,13303,11564,10842,10725,9912.2,10446,10041,9791.8,14789,12248,15440,14925,14042,13639,12073,9631.2,11155,10628,10789,9539.4,10537,6297.1,3831.4,7652.7,11263,10691,12210,11272,11095,10868,10194,10457,7051.4,12695,6122.2,14668,12718,9540.5,9514.1,10226,9352.7,6675.7,8354.7,9081.3,7349.2,5951.8,8830,9503.4,14071,12400,11138,12127,11150,11983,10269,9271.3,10996,9826.5,6313,8906,11070,9794.6,9587.3,7621.4,11391,10051,6482.8,9075.1,12115,10289,9597.7,7703
14133,11685,16141,15707,13550,13310,12275,7934.8,9670.4,8883.9,9474.8,8515.6,10193,6833.1,3789.8,6123.1,11199,11037,10611,11041,11402,10939,9506.6,10563,6841.7,12887,5849.9,14837,12689,9767.7,9759.9,10732,7993.5,6218.9,8283.4,9239.8,5148.3,6161.3,9123.5,9851.7,13249,11535,10800,10682,9937.1,10481,9983.4,9798.7,14788,12232,15421,14917,14031,13657,12078,9634.8,11183,10598,10793,9533.9,10546,6255.9,3839.1,7663.1,11264,10668,12195,11276,11087,10878,10204,10487,7072.8,12682,6066.8,14693,12706,9552.2,9511.7,10226,9408.2,6587.9,8360,9092.3,7361,5962.8,8845,9511.6,14096,12382,11163,12103,11075,12003,10315,9293.2,10996,9824.3,6278.1,8948.1,11143,9857.9,9583.4,7633.6,11369,10083,6448.6,9071.6,12164,10300,9592.5,7703.9
14109,11695,16141,15709,13543,13300,12269,7953.8,9718.2,8915.7,9442,8514,10209,6871.1,3806.1,6110.4,11205,11023,10630,11018,11391,10914,9500.7,10553,6860.7,12839,5862.6,14814,12689,9751.7,9782.6,10736,7979.9,6209.4,8317.2,9232.7,5153.2,6158.4,9136.7,9855.5,13229,11533,10833,10777,9933.3,10454,10054,9790,14788,12278,15430,14927,14042,13624,12075,9638.6,11181,10603,10762,9499.8,10523,6242.7,3841.7,7660.4,11261,10688,12199,11256,11077,10866,10189,10467,7094.7,12671,6126.9,14700,12720,9588.8,9501.9,10204,9413.6,6620.6,8402.7,9096.7,7394.2,5997.1,8841.5,9517.3,14052,12398,11170,12214,11152,12061,10303,9242.5,11027,9852.1,6353.9,8935.7,11243,9801.8,9606.3,7641.8,11385,10130,6552,9064.7,12052,10257,9633.9,7711.7
14120,11691,16120,15691,13555,13280,12294,7937.3,9682.3,8881.9,9440.3,8531.1,10195,6868.7,3798.2,6083.1,11202,11025,10608,11030,11416,10919,9501.2,10604,6808.5,12889,5884.1,14794,12694,9740.2,9765.6,10734,7980.4,6200.6,8313.4,9263.3,5142,6157.2,9168.3,9841,13309,11527,10798,10632,9902,10450,10112,9796.7,14780,12286,15423,14934,14041,13654,12088,9626.3,11143,10610,10762,9486.5,10506,6224.7,3832.4,7630.8,11275,10706,12230,11267,11090,10872,10198,10495,7072.1,12697,6069.1,14710,12746,9562.1,9529,10244,9392.9,6649.1,8420,9122.2,7356.5,5996.3,8835.1,9518.2,14048,12440,11177,12109,11106,12039,10292,9257.1,11029,9838.8,6350.9,8941,11191,9847.6,9567,7617.7,11408,10052,6468.4,9094.8,12101,10345,9643.6,7706.3
14124,11701,16124,15695,13566,13331,12281,7957.1,9672.2,8873.4,9475.1,8512.1,10196,6832.6,3779.1,6087.5,11190,11014,10621,11027,11398,10897,9481.9,10602,6855.8,12893,5872,14804,12671,9745.6,9757.8,10763,7993.3,6237.8,8316.6,9261.5,5128.2,6162,9146.4,9821.4,13273,11532,10823,10709,9914.1,10497,9971.2,9788.8,14784,12263,15421,14924,14016,13632,12074,9646.4,11165,10640,10784,9512.3,10515,6212.9,3805.8,7638.1,11272,10651,12203,11270,11072,10862,10171,10467,7087.6,12669,6101.2,14696,12738,9555.7,9500.4,10219,9387.3,6656.8,8419.3,9078.5,7355.2,6005.4,8869.4,9504.1,14024,12404,11192,12170,11144,12049,10307,9245.5,10996,9855.2,6287,8945.3,11100,9818.1,9632.9,7641.6,11432,10095,6444,9109.3,12173,10316,9602,7703.6
14118,11685,16129,15697,13563,13323,12282,7954.5,9696.6,8881.3,9467.5,8525.1,10169,6850.2,3800.5,6106.3,11196,10996,10632,11043,11407,10907,9509.3,10544,6800.9,12887,5869.4,14823,12688,9766.4,9767.3,10757,8008.2,6238.4,8240.4,9244.5,5144.4,6159.4,9169.3,9854.8,13283,11553,10778,10697,9942.7,10493,10045,9794.8,14783,12270,15437,14906,14071,13657,12091,9608.1,11226,10610,10788,9518.8,10527,6252.6,3825,7696,11274,10657,12184,11261,11087,10859,10188,10455,7065.1,12702,6063.2,14721,12712,9558.9,9517.6,10254,9380.6,6649.7,8447.7,9084.6,7340.4,5993,8847.3,9503.3,14074,12429,11170,12138,11173,12077,10363,9272.3,10973,9846.2,6305.9,8955.9,11058,9872.8,9631.5,7632.3,11420,10031,6457,9082,11982,10301,9605.2,7696.6
14107,11690,16124,15676,13516,13325,12277,7949,9625,8875.7,9474,8515.9,10192,6873.2,3794.3,6087.3,11190,11000,10632,11051,11387,10912,9514.1,10555,6804.8,12880,5890.6,14793,12648,9770.6,9767.2,10752,7990.3,6247.3,8272.4,9245,5176.8,6148.1,9164.5,9841.8,13329,11531,10799,10709,9920.5,10453,10015,9791.6,14778,12271,15456,14918,14032,13662,12096,9628.3,11219,10600,10756,9505.8,10524,6241,3812.4,7666.4,11275,10687,12222,11262,11087,10870,10189,10467,7046.6,12726,6104.3,14684,12720,9570.5,9527.5,10225,9378.6,6632.9,8419.2,9109.4,7396,5998.9,8847.4,9506,14075,12411,11199,12145,11156,12066,10294,9293.8,10968,9849,6293.6,8920.7,11102,9852.3,9630.6,7631.7,11348,10050,6502.3,9091.5,12173,10309,9608.7,7708.5
14119,11700,16122,15694,13527,13283,12275,7929.9,9703.7,8867.7,9466,8531.8,10164,6880.9,3764.3,6116.7,11197,11010,10628,11027,11410,10905,9484.3,10554,6801,12864,5861.1,14816,12698,9790.7,9775,10771,7952.2,6212.7,8349.8,9252.4,5139.5,6145.5,9142.8,9829.3,13325,11523,10805,10692,9920.3,10480,10163,9772.9,14791,12297,15431,14929,14045,13629,12086,9663.2,11186,10611,10770,9492.2,10512,6277,3829.7,7654.5,11277,10671,12210,11266,11075,10859,10165,10466,7080.8,12678,6095.4,14672,12749,9581,9534.7,10242,9417.4,6610.6,8387.1,9115.7,7376.4,5974,8831.3,9516.7,14088,12422,11171,12138,11143,12058,10367,9237.3,10965,9844.3,6313.8,8954.5,11075,9859,9619.8,7632.8,11398,10108,6479.5,9098.1,11950,10316,9554.8,7730.7
14121,11678,16128,15723,13559,13312,12281,7917.7,9714.2,8876,9456.7,8532.8,10202,6853.4,3769.5,6137.4,11197,11020,10647,11037,11444,10909,9499.9,10572,6789.6,12876,5849.7,14822,12694,9771.7,9776.3,10797,7987.9,6193.2,8289.4,9268.3,5157.4,6161.5,9155.5,9853.2,13325,11552,10812,10719,9935,10513,10067,9790,14790,12301,15435,14924,14049,13637,12094,9641.6,11166,10617,10772,9509.1,10520,6216.9,3835.9,7693.7,11272,10670,12217,11268,11089,10854,10171,10489,7088.4,12702,6141.7,14712,12748,9578.3,9552.2,10288,9405.9,6657.2,8458.3,9132.3,7369.8,5959.6,8846.7,9525.4,14051,12449,11189,12096,11163,12079,10315,9238.1,10959,9908.1,6298.2,8960.8,11149,9817.6,9617.4,7635.7,11394,10093,6455.5,9082.7,12061,10311,9608.9,7694.7
14128,11720,16135,15698,13581,13309,12271,7946.7,9692.6,8863.6,9449.7,8544.8,10199,6831.3,3778.6,6138.1,11190,10965,10638,11056,11420,10906,9486.1,10570,6814.4,12879,5889.9,14819,12718,9799.4,9780.7,10793,7999.3,6229.7,8322.6,9257.8,5119.8,6159,9145.2,9851.3,13303,11554,10839,10719,9980.9,10504,10199,9798.4,14781,12283,15444,14923,14036,13624,12098,9623.6,11205,10645,10803,9480.6,10527,6229.1,3824,7693.1,11272,10652,12184,11251,11093,10866,10162,10518,7140.3,12728,6072.9,14716,12718,9623.7,9547.9,10255,9407.9,6673.4,8364.1,9106.2,7342.1,5987,8845.3,9528.5,14102,12447,11197,12202,11239,12114,10343,9257.9,11027,9887.2,6325.5,8998.3,11038,9743.7,9627.9,7626.8,11385,10096,6483.8,9081.9,12085,10344,9564.4,7709.6
14126,11691,16139,15708,13557,13323,12274,7952.7,9718.2,8865.2,9427.8,8519.1,10200,6857.6,3781.8,6143.4,11188,10969,10640,11055,11412,10907,9491.2,10556,6788.4,12832,5822.8,14812,12686,9784.3,9780.8,10735,7989.9,6175.1,8306,9241.4,5132.2,6167.9,9156,9846.8,13285,11526,10822,10671,9914.5,10448,10090,9775.3,14786,12276,15425,14915,14086,13674,12075,9656.2,11225,10600,10781,9516.7,10524,6209.9,3822.3,7690.3,11262,10633,12232,11289,11103,10845,10159,10476,7024.8,12711,6017.5,14678,12731,9574.2,9540,10211,9415.4,6640.2,8391.2,9094.2,7351.8,5966.4,8864.3,9525.4,14117,12426,11179,12114,11082,12056,10289,9240.3,10945,9854.5,6347.4,8926.6,11126,9840.2,9622.6,7614.4,11364,10112,6409.4,9095.4,12104,10397,9585.1,7736.6
14111,11698,16117,15702,13526,13328,12288,7932.2,9718.1,8888.5,9436.9,8541.4,10210,6878.8,3784.5,6148,11165,10995,10653,11069,11423,10908,9498.8,10562,6801.1,12857,5830.6,14836,12692,9772.7,9773.2,10759,7986.7,6232.1,8299.3,9244.9,5182.9,6137.4,9157.6,9865.4,13333,11550,10795,10695,9979.4,10466,10036,9787.4,14766,12292,15420,14894,14057,13662,12077,9625.6,11209,10606,10770,9514.7,10535,6201.6,3832.7,7679.7,11264,10634,12236,11302,11088,10851,10167,10456,7047.8,12713,6052.7,14715,12758,9578.3,9564,10251,9417.1,6650.5,8397.8,9095.3,7380.2,5984.7,8861.9,9514.7,14020,12441,11215,12241,11169,12075,10292,9266.5,10987,9854.7,6315.7,8972.5,11129,9851,9600,7626.6,11358,10095,6494.3,9099.8,12056,10371,9622.7,7727.7
14101,11708,16133,15696,13555,13324,12268,7928.2,9715.4,8881.8,9477.8,8526.7,10186,6834,3802.6,6139.2,11199,11017,10635,11041,11425,10921,9469.4,10559,6804.3,12867,5814,14811,12675,9781.7,9774,10749,7985.8,6194.3,8245,9244.9,5144.3,6148.8,9149.2,9844.9,13312,11540,10831,10711,9960.1,10433,10004,9791.6,14766,12270,15439,14927,14070,13655,12092,9639.9,11213,10627,10767,9548.1,10506,6199.6,3844.8,7692.9,11259,10656,12193,11281,11105,10851,10168,10442,7054.1,12723,6143.1,14699,12746,9570.7,9544.9,10239,9385.9,6619.4,8421.4,9103.2,7375,5948.4,8839.9,9535.6,14086,12403,11198,12146,11192,12050,10307,9265.4,10950,9882.2,6376.3,8972.1,11057,9805.7,9624.1,7634.2,11349,10088,6416.9,9071.9,12177,10348,9569,7725.6
14123,11711,16136,15693,13585,13284,12263,7932.5,9699.4,8854.4,9428.2,8523.7,10199,6896.1,3809.6,6166.8,11181,10986,10632,11047,11457,10908,9500.9,10501,6829.8,12851,5838.5,14803,12697,9770.1,9786.3,10732,7996.6,6208.3,8243.9,9250.6,5139.3,6170.5,9153.7,9857.5,13246,11523,10783,10765,9893.5,10545,10116,9811.8,14781,12301,15429,14942,14052,13677,12091,9624.2,11210,10623,10804,9521.8,10536,6203.3,3831.8,7689.7,11272,10648,12198,11265,11083,10852,10170,10438,7079.4,12697,6151.4,14672,12712,9578.9,9543.5,10213,9406.3,6637.4,8442.9,9103.6,7342,5997.1,8846.1,9515.3,14102,12397,11179,12222,11155,12006,10315,9263.1,10989,9896,6320.9,8967.4,11118,9804.3,9615,7629.1,11376,10103,6485.4,9073.7,12032,10398,9556.2,7724.4
14117,11715,16116,15710,13530,13292,12287,7929.4,9702.2,8873.5,9440.4,8517.3,10183,6850.3,3789.4,6133.5,11179,11006,10658,11039,11404,10910,9532.7,10568,6799.6,12885,5831.7,14842,12670,9737.1,9776.4,10778,7990.9,6198.5,8245.4,9238.3,5125.6,6166.9,9166.8,9850.6,13304,11531,10799,10755,9936.9,10478,10096,9805.4,14787,12302,15445,14921,14076,13630,12097,9631.3,11223,10605,10726,9518.3,10511,6226.8,3810,7681.8,11259,10636,12204,11276,11083,10854,10189,10508,7082.3,12710,6003.1,14734,12728,9578.2,9550.8,10253,9414.4,6641.9,8379.1,9094.3,7373.2,6009.3,8825,9522.1,14101,12467,11176,12148,11181,12049,10347,9278.7,10936,9886.8,6290.5,8987.7,11205,9796.2,9588.8,7633.9,11411,10122,6551.5,9088.4,12032,10330,9609.9,7717.6
14119,11723,16106,15696,13541,13296,12280,7942.9,9700.5,8838.3,9438.9,8512.3,10196,6822.8,3786.9,6130.2,11176,11009,10642,11054,11420,10902,9524.4,10583,6862.3,12896,5884,14784,12696,9779.4,9773.7,10775,8023.3,6246.7,8253.5,9241.6,5146.9,6153,9175.6,9844.4,13326,11537,10791,10672,9859.6,10483,10099,9788.3,14786,12304,15424,14936,14089,13655,12086,9631.2,11235,10606,10751,9536.2,10508,6229.9,3827.6,7679.7,11256,10642,12232,11267,11069,10840,10170,10476,7059.4,12722,6062,14684,12766,9547,9550.2,10236,9419.4,6652.6,8420.8,9126.2,7390.7,5960.6,8853.3,9535.5,14176,12446,11163,12186,11170,12150,10309,9249.8,11052,9898.7,6412,9002.9,11156,9796.6,9589.2,7650.4,11407,10115,6491.3,9100,12125,10372,9616,7716.7
14120,11737,16125,15694,13532,13287,12276,7947.2,9689.6,8878.4,9452.4,8531,10175,6856.1,3801.4,6141.6,11183,10992,10647,11058,11416,10889,9494.6,10595,6821.3,12875,5866.6,14840,12693,9755.2,9764.2,10791,8007.4,6139.8,8244.2,9255.6,5132.3,6161.4,9132.6,9851.3,13282,11548,10811,10771,9947.7,10462,10077,9787.8,14771,12302,15427,14919,14110,13662,12094,9632,11192,10646,10755,9515.4,10529,6242.1,3816.8,7681,11260,10633,12238,11262,11094,10840,10147,10488,7061.6,12736,6039,14706,12746,9595.1,9548.2,10252,9409.1,6614.6,8414.8,9102.6,7355.4,6008,8855.6,9530.6,14117,12466,11159,12189,11221,12100,10337,9260.3,10960,9906.1,6310.5,8983.7,11167,9778.7,9603.2,7636.6,11455,10107,6451,9082.2,12126,10335,9543.6,7708.3
14109,11752,16126,15694,13552,13322,12278,7941.3,9721.4,8881.3,9453.1,8550.3,10180,6841.7,3781.5,6118.6,11182,11022,10648,11059,11414,10908,9509.3,10593,6747.1,12903,5840.3,14804,12720,9759.9,9758.2,10787,8028.3,6178.6,8295.1,9228,5145.1,6139,9141.2,9864,13366,11526,10819,10677,9865.2,10491,10105,9805.7,14778,12306,15424,14918,14091,13651,12103,9622.5,11190,10603,10721,9521.5,10533,6253.2,3847,7702.8,11261,10660,12242,11275,11082,10844,10179,10508,7022.1,12727,6070.8,14682,12756,9593.6,9543.1,10255,9407,6645.6,8387.8,9104.3,7398,5985.5,8831.9,9537,14082,12470,11198,12199,11157,12101,10357,9270.4,11025,9903.8,6277.3,8968.6,11101,9817.4,9552.8,7634,11471,10127,6467.8,9111,12040,10343,9573.4,7710.7
14119,11728,16123,15691,13554,13293,12277,7934.5,9712.4,8842.4,9453.6,8526.4,10189,6819.8,3769.3,6116.8,11189,11001,10639,11066,11435,10906,9521.2,10587,6737.1,12880,5810.3,14849,12709,9764.5,9752.7,10818,8015.6,6212.6,8276.8,9267.3,5117.9,6167.5,9151.5,9863.6,13288,11571,10846,10719,9961.5,10447,10070,9803.2,14785,12311,15433,14913,14077,13643,12093,9641.2,11170,10641,10722,9527.9,10508,6221.6,3845.3,7667.8,11255,10664,12208,11294,11100,10848,10177,10476,6985.9,12717,5990.1,14715,12772,9597.5,9557.6,10288,9411.5,6696.7,8433.8,9109.6,7412.7,5993.9,8865.3,9537.9,14102,12462,11203,12212,11106,12056,10308,9274.4,11021,9904.4,6447,8963,11147,9841,9562.8,7623.5,11420,10120,6437.4,9081.3,12200,10363,9611.3,7725.2
14110,11719,16101,15674,13505,13280,12280,7950.4,9690.8,8877.9,9455,8509,10204,6846.3,3779.1,6145.6,11185,10998,10647,11062,11417,10902,9499.6,10566,6771.4,12850,5831.8,14795,12688,9767.6,9764.8,10751,7988.6,6186.4,8284.3,9258.4,5113.1,6157.8,9169.7,9857.7,13297,11565,10845,10681,9967.1,10436,9994.9,9791.3,14783,12327,15431,14912,14089,13634,12093,9644,11215,10631,10738,9535.1,10530,6214.5,3845.5,7680.6,11274,10639,12215,11272,11073,10841,10179,10532,7007.5,12730,6018,14680,12719,9564.7,9545.3,10232,9391.8,6674,8484.4,9120.9,7373.6,5982.9,8846.6,9529.5,14092,12459,11210,12086,11191,12155,10316,9272.9,10963,9853.2,6469.4,8981.9,11241,9871.3,9592.2,7628.4,11441,10129,6473.8,9120.8,12061,10324,9591.8,7739.8
14116,11715,16113,15690,13546,13302,12279,7951.3,9750.5,8895.6,9460,8526.8,10202,6869.9,3787,6126.9,11189,11004,10646,11050,11419,10886,9516.7,10563,6783.6,12873,5866.3,14824,12737,9749.7,9749.6,10736,8006.8,6197.5,8214.6,9255.2,5182.7,6158.6,9165.5,9855.6,13334,11548,10867,10684,9925.1,10476,10109,9775.3,14771,12311,15438,14912,14076,13663,12100,9641,11223,10605,10773,9522.7,10530,6227.1,3843,7680.3,11282,10647,12235,11287,11084,10834,10165,10476,7007.4,12725,6076.3,14669,12762,9600.6,9541.9,10259,9366.3,6627,8447.6,9124.8,7361.2,5987.8,8865.1,9536.7,14094,12422,11170,12234,11177,12088,10353,9278.1,11053,9844,6411.5,8939.6,11243,9898.6,9602.1,7618.3,11391,10143,6568.6,9091.4,12170,10317,9610.8,7712
14110,11704,16106,15675,13584,13327,12264,7958.4,9716.8,8911.2,9422.4,8538.1,10205,6879.4,3784.6,6131.7,11181,11016,10644,11068,11421,10886,9518.9,10583,6740.6,12913,5862.5,14794,12711,9750.4,9745.9,10786,7985,6170.3,8249.3,9265.2,5180.6,6180.6,9157.7,9841.9,13316,11541,10837,10691,9917.2,10485,10092,9796.2,14768,12320,15426,14905,14058,13678,12088,9652.2,11257,10641,10769,9522.2,10530,6283.8,3832,7687.7,11256,10659,12245,11301,11096,10830,10181,10481,7020.4,12697,6053.1,14694,12780,9578.9,9546.1,10261,9396,6677.5,8401,9101.7,7405.9,5999.4,8858.4,9533,14047,12404,11201,12105,11136,12115,10383,9278.7,10978,9899.4,6296.2,8976.2,11198,9813.9,9621.6,7622.8,11373,10173,6428.1,9105.9,12205,10350,9598.8,7742.1
14106,11713,16114,15695,13513,13302,12267,7956.1,9725.4,8882.3,9464.1,8508.2,10196,6883.9,3762.2,6153.5,11181,11030,10649,11049,11435,10910,9511.8,10588,6768.4,12857,5829.1,14789,12710,9754.7,9760.9,10746,8010.5,6208.9,8259.9,9253.3,5162.2,6160.2,9178.1,9854.4,13332,11530,10815,10694,9899.4,10394,10135,9799.9,14774,12310,15444,14913,14117,13664,12092,9634.1,11244,10604,10801,9541.5,10533,6250.4,3833.4,7714.2,11261,10633,12189,11285,11128,10837,10166,10475,7061.2,12713,6035,14708,12735,9553,9541.1,10259,9400.3,6679.1,8417.1,9116.9,7328.7,6003.1,8845.4,9517,14072,12410,11177,12168,11125,12117,10314,9287.3,10979,9864.7,6387.3,8976.9,11159,9798.9,9585.1,7626.5,11372,10140,6471.7,9101.2,12092,10339,9595.7,7697
14112,11729,16117,15672,13567,13310,12281,7926.6,9677.5,8861.1,9447.8,8531.2,10198,6837.5,3793.1,6142.8,11187,11007,10644,11062,11417,10893,9519.8,10590,6789.9,12884,5892.1,14828,12717,9763.2,9757.1,10729,7986.5,6203.2,8260.6,9240.9,5117.5,6144.9,9163.9,9849,13347,11543,10810,10728,10012,10514,10069,9808.8,14782,12318,15443,14927,14095,13666,12084,9644.5,11234,10631,10763,9527.8,10525,6213.9,3835,7686,11255,10644,12210,11263,11109,10826,10161,10456,7039.1,12739,6072.1,14726,12776,9560.2,9544.7,10252,9412.5,6625.9,8408.6,9126.6,7294.9,6000.8,8823.6,9528.8,14111,12477,11188,12196,11157,12085,10319,9288.7,10937,9892.3,6424.1,8982,11159,9831.2,9577.2,7618.4,11401,10140,6485.5,9128.6,12079,10388,9591.8,7715.6
14101,11698,16108,15688,13587,13339,12293,7932.8,9674.5,8860.5,9428.9,8520.3,10180,6880.1,3775.8,6125.9,11191,11010,10674,11078,11401,10889,9518.3,10559,6739.4,12912,5795,14796,12715,9750.3,9747.7,10688,7993.2,6208.2,8268.4,9226.5,5179.9,6150.4,9148.5,9861.1,13287,11583,10805,10714,9891.3,10485,10084,9803.8,14778,12295,15423,14925,14088,13691,12106,9642.8,11256,10625,10739,9515.2,10528,6263.8,3816.2,7682.6,11263,10662,12220,11298,11108,10843,10167,10473,7028,12742,6016.6,14661,12728,9578.5,9552.5,10250,9388.8,6648.7,8398.9,9124.1,7351.3,6012.8,8841.8,9502.7,14138,12469,11168,12156,11134,12072,10311,9277.6,11044,9858.5,6448.7,8968.3,11148,9834.1,9601.9,7606.9,11335,10090,6455.9,9086,12074,10380,9551.3,7719.8
14090,11762,16099,15676,13544,13311,12285,7927.6,9669.2,8874.4,9455.7,8511.9,10199,6871.5,3799.5,6122.5,11188,11024,10684,11083,11409,10892,9497.9,10558,6731.7,12875,5828.5,14776,12747,9756.3,9747,10748,7989.9,6225.7,8333.8,9241.2,5184.9,6152.5,9160.6,9849.1,13358,11551,10855,10710,9909.7,10481,10049,9778.2,14774,12298,15418,14906,14085,13654,12109,9621.8,11238,10660,10765,9521.7,10558,6273.4,3858.1,7689.9,11242,10674,12234,11315,11117,10845,10167,10485,6965.7,12717,6011.6,14694,12769,9566.9,9571.1,10247,9420.9,6618.1,8423.3,9103.4,7357.4,5990.4,8873.8,9539.1,14072,12448,11189,12248,11125,12025,10367,9264.6,11044,9908.1,6414.4,8990.7,11125,9822.7,9617.3,7643.8,11357,10148,6535.5,9095.6,12069,10325,9584.1,7728.5
14122,11727,16148,15706,13578,13329,12268,7949.6,9744.1,8907.9,9461.9,8529.8,10193,6909.9,3794.7,6114.4,11169,11002,10658,11054,11424,10904,9513.6,10540,6801.8,12878,5866.5,14813,12743,9753.2,9756.7,10769,7993,6177.4,8316,9244.9,5169.1,6126.4,9178.5,9818.5,13331,11569,10838,10681,9958.4,10462,10013,9760.5,14794,12319,15444,14931,14160,13697,12089,9661.8,11148,10634,10783,9531.3,10539,6285.1,3853.5,7699.1,11237,10646,12247,11309,11123,10832,10170,10416,7023.8,12700,6086.1,14701,12741,9576.2,9549.8,10233,9439.9,6649.7,8471,9093.2,7394.2,5970.5,8815.2,9514.4,14135,12449,11202,12123,11097,12124,10346,9250.5,10994,9898.5,6285.9,9029.4,11037,9806.2,9604.9,7642.9,11392,10115,6495.3,9094.7,12111,10309,9585.9,7716.4
14123,11717,16135,15664,13593,13305,12278,7965.3,9675.3,8890.9,9450.7,8538.1,10212,6871.8,3784.3,6116.4,11179,10973,10615,11048,11446,10907,9511.3,10514,6774.3,12858,5860.6,14830,12705,9782.4,9765.6,10720,8032.3,6174.8,8286.6,9242,5148.7,6132.8,9155.5,9813.1,13372,11532,10870,10738,9939.9,10446,10012,9785.9,14802,12318,15466,14922,14125,13660,12083,9663.9,11247,10638,10854,9550.4,10555,6269.3,3836.3,7690.6,11252,10601,12232,11304,11142,10826,10158,10465,7058.5,12714,6030.4,14720,12762,9603.3,9544.4,10210,9418,6661.5,8443.2,9102,7381.5,5989.5,8833.5,9518.7,14121,12426,11217,12190,11153,12051,10330,9266.2,10962,9881,6371.3,8947.1,11107,9817.2,9609.6,7653.4,11366,10104,6491.4,9087.8,12129,10314,9616,7700.6
14136,11732,16131,15658,13568,13309,12278,7963.1,9689.5,8902.4,9448.6,8520.3,10212,6932.9,3785.7,6109.8,11181,10994,10649,11079,11438,10902,9508.3,10572,6777.2,12859,5845.3,14834,12726,9754.1,9768,10709,8018.8,6188.9,8283.8,9243.9,5137.3,6178.4,9171.9,9841.6,13346,11564,10835,10685,9905.9,10473,10042,9767.5,14796,12302,15444,14916,14128,13658,12069,9640.8,11194,10611,10788,9549.3,10559,6264.3,3852.6,7636,11245,10630,12237,11309,11168,10843,10155,10474,7050.3,12689,6088,14721,12758,9574.9,9557.7,10228,9410.8,6680.5,8466.4,9112.5,7365.7,6015.6,8864.2,9518.4,14094,12442,11191,12049,11147,12022,10294,9219.7,10994,9857.2,6392,8978.1,11158,9827.6,9621.4,7628.4,11368,10101,6441.7,9117.3,12044,10322,9569.9,7751.8
14141,11743,16143,15699,13612,13322,12266,7957.4,9727.7,8916.6,9464.8,8522,10232,6832.3,3792,6138.8,11186,11008,10627,11025,11477,10920,9492.2,10531,6772.9,12905,5823.5,14831,12707,9789.1,9765.4,10689,8063.8,6183.9,8301.8,9245.6,5132.5,6165.3,9148,9825.3,13359,11568,10806,10741,9915.4,10470,10038,9754,14794,12317,15424,14910,14121,13654,12082,9651,11244,10636,10807,9567.1,10541,6250.7,3853.2,7645.2,11224,10609,12189,11267,11118,10810,10142,10470,7093.4,12685,5996.3,14737,12757,9573.4,9545.1,10195,9402.1,6684.1,8398,9087.1,7322.7,5971.8,8834.5,9514.9,14117,12429,11198,12192,11104,12070,10321,9219.3,10975,9876.6,6392.9,8993.9,11184,9692.5,9617.7,7607.1,11396,10060,6495.9,9105,12118,10274,9590.3,7719
14145,11751,16158,15708,13636,13333,12266,7967.7,9684.1,8874,9459.4,8545.1,10221,6904.4,3803.7,6120.5,11185,10983,10612,11030,11477,10911,9501.1,10536,6805.4,12876,5922.1,14874,12746,9788.6,9762.8,10713,8036.7,6191.6,8313,9229.3,5103.3,6139.1,9105.1,9807.6,13314,11522,10841,10716,9939.8,10482,9992.2,9746.5,14785,12288,15423,14899,14104,13707,12055,9646.8,11228,10634,10836,9568.8,10562,6266.6,3852.7,7677.2,11239,10598,12183,11275,11153,10819,10139,10482,7097.6,12646,6085.3,14713,12755,9579.4,9539.8,10201,9423.2,6657,8396.1,9061.1,7350.6,5956.6,8849.8,9487,14158,12408,11218,12048,11151,12054,10293,9225.3,10980,9827.8,6343.4,8986,11160,9742.6,9618.1,7619.7,11330,10074,6473.9,9102.2,11973,10359,9617.5,7716.6
14136,11719,16141,15695,13606,13280,12269,7968.8,9678.2,8893.8,9453.2,8560.7,10206,6878.4,3777.8,6091.8,11176,10981,10624,11049,11462,10903,9497.2,10536,6821.6,12850,5843.8,14870,12755,9784.4,9767.8,10745,8024.7,6213.6,8255.2,9223.4,5135.1,6158.1,9130.5,9819.4,13289,11511,10851,10707,9908.8,10441,9976.6,9751.3,14786,12258,15456,14905,14103,13643,12049,9667.5,11222,10612,10824,9582.3,10552,6247.1,3823.4,7652.1,11246,10615,12193,11290,11146,10838,10143,10477,7036.7,12695,5999.7,14716,12746,9574.9,9560,10204,9413.7,6645.3,8415,9082.3,7354.7,5958.4,8832.2,9477.1,14154,12413,11166,12101,11066,12006,10270,9230.5,10964,9798.3,6377.5,8939.9,11048,9824.3,9586.5,7633.6,11377,10052,6442.1,9098.8,12046,10339,9618.6,7720.6
14142,11737,16129,15654,13563,13278,12260,7984.6,9661.8,8869.2,9475.1,8558.2,10217,6877.3,3775.8,6126.7,11175,10985,10599,11019,11460,10899,9487.1,10538,6794.8,12826,5888.3,14860,12716,9774.6,9766.1,10721,8030.2,6234.5,8299.3,9242.4,5124.3,6174.9,9139.2,9832.8,13290,11498,10817,10712,9897.5,10444,10124,9740.9,14802,12267,15450,14883,14108,13639,12069,9646.5,11241,10643,10843,9549.2,10576,6280.7,3849.6,7657.5,11261,10650,12208,11292,11152,10854,10129,10470,7123.7,12666,6044.7,14736,12771,9612.7,9554.7,10229,9431.4,6653,8450.6,9084.5,7377,5977.1,8846.1,9484.4,14061,12416,11226,12144,11114,12082,10326,9188.8,10979,9831.2,6345.3,8961.9,11070,9792.6,9595.8,7622.7,11381,10056,6532.4,9089.9,12026,10345,9588.5,7716.8
14151,11713,16148,15663,13558,13272,12232,7970.2,9662.6,8880.6,9506,8556.8,10214,6885,3821.3,6146.5,11178,11005,10578,11025,11473,10907,9494.4,10541,6814.2,12818,5845.1,14892,12729,9810.4,9808.9,10721,8064.3,6223.6,8254.8,9219.3,5124,6137.4,9136.8,9836.9,13352,11521,10812,10746,9869.3,10439,10112,9740.5,14824,12272,15440,14908,14096,13677,12053,9649.7,11204,10636,10824,9559.3,10585,6249.6,3838.2,7664.2,11240,10672,12195,11298,11147,10863,10145,10449,7126.7,12647,6108.2,14736,12786,9611.5,9551.8,10211,9394,6677.4,8386.5,9099,7371.9,5996,8807.5,9517.5,14074,12397,11196,12084,11112,12084,10257,9188.4,11026,9816.3,6345.9,8999.5,11063,9795.7,9618.5,7622.8,11394,10063,6467.3,9088.7,12094,10351,9571.2,7713.4
14146,11734,16137,15665,13581,13260,12243,7972.3,9700.7,8854.2,9499.7,8529.4,10206,6886.2,3784.3,6110.8,11171,10989,10588,11039,11482,10910,9487.9,10544,6884,12789,5855.1,14893,12740,9787.2,9788,10756,8053.5,6179.3,8245.7,9213.1,5131.5,6144.4,9146.2,9806.9,13296,11505,10868,10694,9943.2,10486,10015,9749.8,14814,12269,15449,14907,14135,13660,12047,9666.5,11195,10627,10856,9542,10558,6253.9,3857.4,7641.9,11251,10640,12185,11259,11144,10868,10147,10434,7094.1,12630,6018.4,14736,12770,9610.2,9563.1,10207,9402.8,6632.7,8479.1,9071.1,7352,5978.3,8821.2,9498.4,14099,12388,11158,12098,11195,12062,10213,9244.3,10997,9831.5,6409.8,8997.3,11078,9739.1,9633.6,7614.4,11383,10055,6438.7,9133.6,12046,10348,9616.5,7711.8
14151,11680,16167,15673,13577,13286,12244,7965.7,9700.9,8867.6,9495.2,8558.9,10237,6845.7,3766.7,6121.1,11184,10961,10611,11027,11467,10922,9465.5,10579,6867.1,12789,5796.4,14879,12770,9795.4,9801.2,10746,8035.9,6164.7,8224.1,9233.1,5064.2,6156.1,9145.8,9818.4,13314,11544,10794,10650,9835,10462,10064,9719.9,14807,12266,15436,14895,14105,13681,12037,9631.7,11261,10571,10806,9571.5,10565,6228.7,3846.3,7620,11238,10615,12146,11293,11152,10860,10119,10493,7083,12615,6099,14738,12747,9602.3,9585,10259,9420.6,6597.8,8473.4,9095.8,7344.8,5972.6,8802.6,9489.5,14176,12386,11178,12099,11132,12003,10324,9211.7,10921,9807.8,6366.1,8931.4,11125,9828.9,9616.6,7623.2,11346,10044,6507.3,9091.3,12117,10349,9627.4,7712.8
14151,11696,16154,15662,13590,13257,12261,7992.1,9718.5,8903.1,9480.8,8559.7,10236,6870.7,3805.2,6106.8,11181,11002,10581,11054,11487,10935,9498.1,10592,6847.3,12850,5866.7,14885,12720,9797.7,9807.8,10808,8067.6,6186.3,8236,9230.2,5130.2,6130.9,9127.4,9826.4,13364,11515,10797,10716,9860.5,10474,10156,9739.6,14810,12273,15428,14890,14086,13662,12064,9630.6,11253,10579,10843,9603.3,10544,6236.8,3843.8,7655.6,11245,10656,12137,11265,11150,10865,10127,10480,7074.7,12653,6035.6,14723,12804,9605.3,9581.4,10252,9441.1,6651.8,8380.3,9094.4,7336.3,5982,8792.8,9511.3,14025,12410,11194,12178,11087,12064,10327,9233.1,10967,9795.6,6358,8972.8,11111,9785.4,9614.8,7605.6,11376,10069,6493,9085.7,12076,10318,9597.2,7703.8
14172,11710,16170,15678,13603,13312,12242,7987.4,9701.2,8867.8,9466.2,8554.8,10226,6897.6,3777.3,6095.9,11171,10987,10574,11024,11509,10922,9486.7,10586,6850.4,12801,5839.8,14887,12729,9813.8,9825.1,10786,8060.1,6222.6,8267.3,9226.4,5092.2,6152.5,9157.8,9813.9,13300,11503,10800,10663,9913.6,10465,10053,9748.9,14802,12288,15435,14899,14065,13644,12053,9633,11217,10604,10836,9577.4,10555,6314.8,3855.8,7657.8,11243,10605,12152,11268,11124,10853,10116,10463,7081.9,12620,6024.9,14721,12771,9629.6,9584.2,10242,9419.9,6603.1,8366.2,9101.9,7296.8,5970.3,8819,9487.4,14083,12416,11159,12106,11117,12029,10363,9215.3,10958,9840.3,6259.4,8942.3,11045,9826.7,9627,7616.7,11341,10063,6497.8,9077.9,12084,10393,9620.5,7693.9
14170,11727,16148,15660,13585,13296,12248,7966.6,9692.4,8878.8,9462.9,8574.3,10194,6857.8,3790,6131.9,11172,10974,10578,11035,11507,10933,9453.3,10583,6854.8,12822,5839.8,14878,12759,9815.9,9817.4,10787,8022.4,6190.8,8271.2,9239.4,5096.2,6156.1,9119.9,9799.3,13308,11507,10830,10653,9873.1,10483,10102,9752.2,14815,12259,15416,14911,14094,13624,12045,9609.3,11238,10613,10785,9540.8,10562,6283.9,3834.1,7669.4,11234,10634,12175,11262,11128,10852,10111,10451,7035,12670,6100.7,14755,12778,9607.6,9564,10267,9371.9,6662.4,8406.5,9076.6,7341.4,5963.3,8794.3,9486,14103,12364,11188,12116,11082,11994,10377,9218,10954,9805.2,6220.1,8946.4,11138,9825.2,9603.3,7629.5,11358,10086,6460.8,9094.9,12175,10359,9596.1,7692.6
14179,11691,16159,15691,13533,13287,12252,7967,9697,8884.4,9454.3,8549.2,10210,6852.1,3763.2,6113.1,11188,10995,10588,11037,11492,10939,9490,10564,6819.9,12811,5814.9,14911,12774,9835.5,9833.3,10788,8015.4,6158.7,8281.5,9226.1,5131.8,6148.5,9084.4,9812.3,13309,11486,10803,10688,9912.6,10445,10170,9750.7,14811,12273,15427,14881,14031,13599,12059,9616.9,11207,10598,10813,9568.2,10557,6286.4,3851.2,7627.5,11249,10627,12159,11263,11120,10861,10125,10485,7063.5,12654,6043.1,14731,12790,9638,9581.6,10263,9404.3,6683.8,8390.2,9094.7,7364.6,5978,8802.7,9499.8,14055,12393,11202,12102,11147,12007,10305,9241.6,10955,9839.1,6376.6,8931.8,11195,9827.5,9559.6,7634.9,11415,10060,6514.1,9102,12034,10304,9621.8,7719.5
14180,11716,16159,15701,13567,13260,12255,7955.6,9710.6,8889.9,9466.9,8558,10210,6911,3783.2,6137.9,11185,10986,10593,11021,11486,10942,9476.7,10565,6821.7,12826,5829.7,14891,12736,9833.3,9827.1,10734,8045.7,6187.4,8244.6,9251.1,5106.3,6169.5,9103.8,9813.4,13303,11519,10799,10642,9892.4,10425,10089,9727.2,14819,12281,15416,14893,14019,13637,12057,9622.7,11199,10626,10773,9541,10543,6247.9,3838.8,7682.3,11240,10623,12171,11240,11080,10843,10136,10471,7052.4,12666,6027.1,14722,12811,9629.7,9577.5,10243,9392.3,6684.3,8391.8,9099.3,7357,5991.4,8838.4,9477.8,14073,12384,11191,12104,11171,12032,10307,9226.4,10941,9821.5,6320.6,8937.6,11194,9882.1,9570.7,7629.1,11337,10047,6478.9,9074.3,12079,10341,9630.4,7709.9
14185,11709,16162,15687,13582,13275,12265,7967.6,9678.9,8850.8,9448.7,8556.2,10198,6902,3791.3,6082.5,11188,10967,10557,11010,11466,10925,9482.8,10493,6850.6,12811,5838.4,14879,12736,9813.3,9832.9,10717,7999.1,6191,8265.9,9230.1,5146,6127.8,9105.6,9815.1,13284,11479,10828,10714,9913.2,10493,10003,9722.3,14801,12230,15439,14883,14048,13625,12076,9651.9,11217,10616,10812,9548.3,10531,6248.5,3821.9,7674.8,11256,10636,12181,11213,11103,10843,10116,10431,7024.5,12665,6076.3,14752,12772,9615.9,9578.2,10209,9401.6,6688.2,8400.3,9050.9,7343.6,5980.2,8816.3,9491.6,14026,12435,11147,12103,11132,11964,10311,9234.3,10963,9808.8,6317.3,8959.8,11118,9839.1,9577.9,7613.3,11394,10082,6475.7,9107.8,12034,10364,9607,7690.7
14178,11731,16168,15706,13567,13278,12257,7938.5,9669.1,8875.7,9433.9,8532,10217,6862.3,3774.1,6105,11188,10968,10567,10996,11487,10936,9495.1,10533,6839.5,12779,5779,14934,12739,9853,9839.4,10705,8000.5,6131.4,8252.4,9229.5,5156.6,6170.9,9100.8,9814.8,13250,11492,10765,10670,9953.4,10477,10049,9746.2,14803,12270,15437,14867,14041,13623,12060,9633.2,11206,10591,10795,9556.3,10553,6254.7,3811.7,7647.2,11269,10596,12168,11233,11078,10843,10122,10404,7089.9,12653,6049.1,14739,12736,9618.1,9587.5,10253,9381.8,6681,8411.5,9068.2,7340,5993.3,8807.7,9492.9,14076,12409,11179,12157,11083,12014,10308,9227.9,10957,9839.5,6435.2,8946.5,11118,9809.3,9591.6,7654.9,11381,10079,6425.3,9063.4,12094,10323,9592.8,7701.2
14187,11712,16180,15723,13573,13319,12267,7976.4,9678.3,8882.2,9482.6,8550.3,10211,6841.3,3778.3,6142.4,11188,10968,10594,11008,11495,10939,9464.8,10547,6849.9,12803,5898.1,14923,12778,9810.6,9845.1,10748,8013.2,6235.2,8259.3,9228.6,5133.1,6149.7,9144.9,9805.6,13337,11511,10796,10675,9957.9,10466,10132,9747.3,14817,12275,15428,14908,14064,13631,12071,9638.8,11189,10631,10790,9524.3,10555,6204.4,3835.6,7649.7,11252,10591,12147,11224,11079,10833,10127,10419,7113.2,12683,6104,14740,12765,9611.6,9574.7,10239,9388.2,6666.6,8383,9075.5,7384.2,5992.6,8818.5,9504.3,14006,12389,11194,12091,11133,12050,10325,9222.8,10972,9862.7,6315.8,8941.3,11119,9821.2,9598,7616.7,11339,10094,6466.9,9088.4,12177,10342,9630.1,7704.5
14191,11712,16155,15716,13557,13301,12267,7979.6,9732.5,8862.3,9454.6,8543.1,10190,6889.7,3801.8,6095.6,11179,10946,10601,11012,11456,10931,9454.8,10502,6863.5,12791,5900.6,14913,12758,9839.6,9839.6,10700,8020.3,6193.3,8310.2,9230.6,5183.5,6145.3,9101.5,9790.5,13296,11552,10786,10726,9877.5,10493,10090,9735.1,14795,12275,15426,14885,14058,13653,12068,9639.7,11247,10625,10847,9537,10560,6233.1,3863.4,7682.2,11238,10563,12166,11232,11074,10820,10102,10433,7100.1,12644,6083.5,14708,12754,9617.3,9565.8,10216,9419.3,6649.7,8397.9,9088.9,7368.7,5985.7,8827.7,9460,14058,12422,11218,12099,11168,12035,10331,9231.2,10968,9855.2,6304.4,8929.9,11215,9874.9,9581.1,7627.6,11319,10073,6509.1,9080.4,12120,10381,9608.1,7738.4
14183,11704,16147,15719,13578,13309,12267,7973.2,9682.2,8883.5,9494.2,8533.8,10219,6912.6,3804.1,6122.6,11181,10967,10573,11004,11468,10929,9483.4,10517,6857.1,12817,5819.1,14888,12735,9832.1,9833.5,10729,8019.5,6137.9,8287.3,9239.8,5146.7,6161.6,9115.3,9807.7,13329,11522,10805,10680,9844,10465,10103,9716.2,14797,12305,15423,14870,14059,13641,12060,9626.2,11202,10611,10815,9529.1,10540,6199,3845.1,7649.1,11258,10568,12161,11230,11075,10805,10110,10419,7062.9,12666,6054.6,14712,12744,9631.1,9554.9,10204,9408.3,6667.5,8383.1,9086.8,7417.1,5992,8792.3,9498.7,14020,12407,11196,12151,11145,12010,10275,9221.1,10972,9843.9,6451.3,8946.3,11238,9848.8,9595.7,7655.7,11381,10097,6490.3,9096.8,12158,10343,9625,7727.2
14186,11734,16153,15736,13571,13330,12280,7965.9,9705.2,8861,9493.6,8530.9,10202,6865.5,3809,6108.7,11191,10984,10585,11025,11498,10928,9472.3,10513,6849.8,12832,5798.1,14898,12724,9852.9,9830.6,10687,8024.9,6217.3,8260.9,9205.2,5135.7,6134.4,9132.7,9804.3,13306,11552,10826,10677,9897.9,10469,10002,9744,14784,12287,15430,14915,14094,13640,12079,9639.3,11202,10605,10792,9509,10566,6230.3,3824.7,7654,11248,10576,12174,11248,11092,10817,10129,10439,7059.5,12666,6026.8,14686,12740,9596.8,9534.3,10189,9387.8,6692.5,8455.9,9056.5,7384.4,5979.1,8800.5,9507.1,14090,12435,11212,12219,11188,11998,10321,9231.5,10938,9839.6,6343.1,8975.6,11158,9847.1,9607.6,7640.7,11394,10131,6447,9088.6,12101,10333,9595.9,7687.9
14186,11702,16153,15707,13577,13268,12269,7964.5,9747.4,8844.2,9516.2,8549.3,10203,6906.4,3818.8,6109.9,11200,10970,10602,11012,11488,10939,9477,10533,6834.2,12821,5878,14892,12724,9838.3,9824.3,10702,8043.9,6222.9,8289.8,9231.6,5215,6146.8,9111.7,9819.3,13346,11547,10792,10696,9918.2,10484,10086,9759.7,14794,12293,15408,14896,14098,13640,12073,9630.4,11114,10648,10797,9524.3,10537,6267,3838.5,7668.5,11276,10587,12201,11256,11068,10818,10141,10467,7102.2,12649,6127.5,14707,12696,9589.6,9530.5,10231,9380.4,6659.9,8442.6,9094.2,7312.5,5998.8,8826.8,9506.2,14101,12447,11203,12124,11151,11997,10318,9222.8,10973,9835.6,6322,8968.6,11209,9835.7,9579.3,7628.1,11357,10114,6436.6,9113.9,12112,10413,9620.4,7725.8
14188,11681,16162,15717,13580,13290,12276,7951.9,9678.4,8904.1,9476,8544.8,10181,6849.2,3811.4,6110.3,11197,10974,10611,11010,11475,10943,9487.8,10526,6831,12828,5869.2,14883,12733,9854,9827.9,10730,8012.3,6232.6,8276.4,9255.5,5151.7,6125.5,9108,9817.8,13353,11526,10831,10766,9930.8,10477,10018,9760.1,14774,12251,15434,14891,14089,13608,12076,9616.6,11203,10613,10813,9537.6,10538,6272.6,3861,7677.8,11272,10575,12180,11241,11067,10819,10132,10438,7075.5,12670,6110.4,14716,12727,9593.7,9547.4,10182,9386.3,6701.5,8402,9086.1,7350.4,5987.3,8799.1,9496.5,14033,12412,11188,12152,11156,12008,10329,9237,10966,9837.2,6372.1,8956.2,11183,9863.7,9572.2,7643.8,11392,10061,6462.4,9112.9,11959,10372,9620.2,7711.9
14178,11719,16161,15709,13588,13291,12272,7960.3,9699.5,8882.4,9479.6,8535,10205,6867.6,3788.5,6124.1,11183,10959,10625,11022,11459,10933,9471.4,10537,6825.6,12855,5869.6,14831,12711,9832.6,9820.6,10710,8005.5,6226.5,8272.6,9252,5157.1,6141.1,9129.1,9826.9,13339,11546,10835,10734,9936.9,10452,10051,9742,14793,12283,15398,14900,14064,13647,12076,9612.6,11145,10615,10814,9499.8,10551,6238,3844.5,7675.2,11262,10575,12183,11232,11065,10812,10116,10459,7107,12621,6149.5,14704,12695,9622.1,9537.5,10196,9393.2,6653.9,8470.8,9096.3,7436.4,6000.2,8771.8,9504.5,14017,12429,11252,12211,11118,11963,10304,9226.1,11049,9875.1,6328.4,8946.4,11191,9867.7,9603.8,7628.2,11360,10051,6505.4,9084.7,12101,10356,9607,7715
14173,11700,16158,15696,13573,13302,12274,7949.7,9712.8,8862.5,9509.2,8545.6,10195,6946.5,3788.3,6098.6,11203,10993,10631,11003,11463,10938,9472.7,10540,6875.1,12861,5878.8,14849,12714,9834.6,9817.6,10715,8019.4,6199.1,8285.5,9235.1,5169.6,6150,9153.1,9811.2,13245,11539,10825,10704,9935.6,10470,10036,9743.7,14783,12246,15412,14900,14071,13599,12080,9644.5,11208,10629,10790,9532.3,10532,6216.1,3834,7662.5,11258,10587,12190,11240,11083,10824,10137,10421,7058.3,12682,6151.5,14701,12691,9600.5,9549,10175,9415.4,6664.4,8396.5,9060.1,7426.7,6003.8,8809.6,9509.1,14025,12425,11190,12110,11149,11985,10303,9246.2,10975,9835.6,6347.3,8938.5,11154,9823.6,9606.4,7636.9,11422,10082,6462.8,9087.6,12191,10350,9587.5,7712.8
14159,11692,16168,15727,13596,13300,12261,7958.4,9701.1,8892.2,9485.4,8557.4,10212,6940.3,3798.2,6121.1,11202,10977,10604,10996,11469,10950,9484.9,10514,6898.3,12821,5886.9,14851,12694,9844.9,9810.6,10731,8017.2,6163.1,8289.8,9247.3,5121.3,6157.4,9160.7,9822.1,13298,11514,10835,10648,9933.3,10446,10016,9737.5,14790,12262,15418,14913,14067,13616,12055,9655.4,11130,10588,10789,9538.5,10538,6290.4,3833.5,7645.8,11262,10581,12172,11243,11098,10825,10159,10455,7079.3,12656,6066.4,14734,12735,9582.5,9519,10215,9381.2,6709.5,8453.1,9080.9,7356,6001.3,8819.5,9491.7,14004,12414,11187,12115,11160,12031,10291,9225.9,11015,9849.2,6308.8,8958.9,11165,9845.7,9627.8,7620.1,11342,10102,6445.1,9091.4,12269,10380,9610.2,7712.7
14180,11693,16155,15718,13629,13287,12262,7971,9740,8902.7,9549.4,8563.4,10212,6872.2,3815.7,6132.4,11203,10959,10613,11036,11472,10936,9490.5,10556,6913.3,12804,5887.4,14822,12650,9829.5,9773.1,10791,8029.3,6199.1,8267.3,9225.6,5163.3,6110.1,9119.8,9809.8,13228,11505,10844,10616,9861.8,10480,10059,9727.7,14785,12236,15407,14891,14074,13642,12059,9660.7,11229,10656,10811,9515.1,10539,6239,3841.4,7648.2,11262,10578,12188,11255,11095,10814,10127,10425,7129.5,12661,6084.9,14655,12725,9588.9,9514.4,10189,9413.9,6698.2,8385.9,9083.5,7320.6,5996.3,8775.4,9489.1,13999,12416,11211,12151,11104,12068,10298,9230.7,11001,9874.6,6300.3,8937.4,11160,9907,9587.5,7625.4,11387,10044,6470.5,9053.4,12114,10383,9619,7718.3
14153,11688,16161,15696,13599,13272,12294,7971.6,9731.4,8891.7,9539.5,8551.5,10198,6856.4,3784.7,6092.5,11201,10978,10600,11029,11452,10951,9496.5,10543,6917.8,12837,5928.3,14822,12702,9835.5,9801.4,10738,8035.1,6194,8267.6,9256.2,5169.9,6148.3,9115.4,9806,13251,11520,10819,10677,9934.5,10510,10070,9750.4,14772,12240,15418,14868,14013,13595,12079,9635.3,11180,10604,10815,9550.9,10561,6221.2,3825,7664.3,11265,10596,12181,11261,11097,10822,10147,10435,7065.5,12681,6139.3,14719,12714,9587.9,9511.2,10215,9381.3,6659.8,8370.2,9098,7385.3,5980.9,8794.6,9476.8,14032,12415,11162,12131,11189,12021,10293,9237.1,11022,9869.3,6395.6,8975.1,11178,9891.5,9622.3,7621,11396,10100,6518.9,9090.2,12207,10311,9607,7715.5
14160,11681,16166,15682,13592,13234,12280,7981.9,9700.6,8888.5,9521.9,8558.3,10219,6889,3764.3,6130.9,11221,10990,10578,10997,11481,10933,9489.5,10557,6911,12816,5853.6,14856,12707,9836.9,9824.7,10735,8006.5,6155.9,8291.9,9216.7,5175.4,6135.9,9121.3,9818.4,13243,11517,10831,10669,9937.7,10500,10026,9727.6,14784,12235,15405,14876,14033,13602,12072,9636.7,11231,10601,10842,9534.7,10569,6263,3823.7,7679.8,11272,10607,12181,11237,11117,10819,10143,10462,7112.9,12713,6081.5,14724,12690,9584.4,9539.1,10187,9409.5,6639.9,8462,9079.3,7373.8,5980,8819.5,9475.7,13981,12421,11164,12166,11129,12003,10292,9221.7,10975,9842.9,6382.3,8952.5,11224,9909.3,9619,7627.7,11362,10047,6500.4,9098.1,12253,10351,9612.8,7697.2
14167,11701,16145,15693,13582,13276,12280,7979.6,9661.3,8860.4,9459.5,8561,10175,6861,3781.5,6120.4,11204,11007,10603,10997,11456,10950,9499,10525,6877.7,12807,5871.7,14840,12714,9789.6,9783.6,10720,8016.9,6173.3,8234.9,9229,5106.6,6132.2,9118.8,9821.2,13251,11521,10792,10671,9910.8,10457,9992.7,9743.3,14792,12240,15404,14880,14023,13614,12072,9642.7,11241,10631,10864,9529.5,10566,6277.6,3803.4,7669,11250,10630,12173,11260,11083,10836,10142,10452,7081.5,12641,6116.5,14724,12720,9616.4,9544,10230,9429,6644.3,8383.9,9088,7347.5,5921.5,8814.3,9489.9,14003,12391,11174,12060,11077,12006,10249,9235.7,11037,9845.1,6245.8,8958.4,11213,9863.9,9615,7646.2,11386,10083,6485.6,9094.1,12186,10349,9599.1,7712.1
14173,11677,16166,15690,13556,13282,12253,7967.7,9680.6,8878.7,9514.6,8553.9,10198,6880.5,3805.2,6129.1,11210,11004,10589,10990,11479,10944,9484.3,10531,6873.7,12785,5893.5,14838,12692,9813.1,9818.9,10760,8000.1,6186.3,8321.2,9239,5122.4,6147.1,9123.2,9834.1,13293,11506,10813,10664,9907.3,10487,9996,9739.6,14774,12233,15420,14880,14038,13603,12056,9631.2,11138,10616,10849,9532.7,10548,6265.3,3850,7662.9,11256,10606,12176,11234,11072,10838,10145,10465,7117.9,12654,6098.6,14745,12720,9581.8,9553.2,10210,9381,6648.2,8388.2,9088.7,7338.6,6004.9,8837.3,9493.5,14042,12371,11146,12109,11144,11996,10293,9227.1,10985,9842.7,6304.1,8976.1,11236,9857.8,9604.7,7641,11355,10111,6484.4,9091.8,12131,10329,9590.2,7705
14170,11668,16149,15682,13563,13297,12262,7979.8,9688.1,8854.6,9522.9,8550.3,10199,6907.4,3795.7,6090.6,11203,10995,10583,10999,11461,10945,9492.8,10565,6861.6,12795,5884.8,14863,12693,9815.9,9800.7,10750,8003.1,6187.7,8338.9,9244.2,5122.3,6163.7,9130.4,9818.7,13267,11480,10808,10696,9903.7,10444,10051,9744.1,14781,12253,15411,14871,14057,13607,12050,9614.5,11198,10614,10817,9576.6,10586,6241.1,3832.7,7662.9,11260,10603,12165,11277,11100,10842,10176,10485,7116.9,12664,6163.7,14720,12722,9587.6,9542.5,10235,9389.5,6641.1,8413.5,9102.7,7321.7,6010.8,8800,9511.6,14005,12430,11147,12054,11139,12004,10311,9236.7,11013,9821.9,6358.3,8982.6,11127,9787.1,9600.2,7636.5,11422,10051,6482.2,9083.3,12174,10356,9608.5,7695.5
14159,11699,16150,15696,13546,13289,12268,7987.1,9750.8,8888.7,9502.5,8565.4,10184,6935.1,3796.5,6091.8,11200,11017,10556,11003,11469,10941,9506,10594,6826.6,12818,5890,14839,12706,9805.9,9786.3,10722,8033.8,6183.9,8279.7,9238.7,5103.8,6150,9099.9,9836.1,13343,11527,10812,10711,9856,10473,10081,9788.3,14790,12250,15401,14883,14078,13640,12059,9624.2,11217,10617,10815,9562,10552,6226.3,3820.9,7656.7,11249,10627,12139,11239,11094,10837,10162,10465,7119.9,12652,6079.1,14720,12685,9606.8,9545.3,10233,9379,6612,8449.9,9100.7,7311.8,5982.4,8802.2,9494.8,14114,12421,11174,12162,11065,12017,10328,9261.4,10998,9858.6,6309.8,8943.6,11225,9886.2,9564.5,7632.9,11401,10091,6504.7,9074.9,12125,10294,9565.7,7718.1
14180,11682,16164,15697,13603,13255,12272,7980.8,9669.3,8857.1,9489.6,8551.3,10191,6865.6,3815.8,6102.2,11189,10981,10578,10985,11442,10937,9471.8,10536,6878.3,12841,5868.6,14882,12694,9803.1,9781.5,10724,8048.9,6194.2,8270.4,9230.9,5143.4,6147,9110.4,9810.2,13272,11508,10759,10700,9960.7,10480,9985.7,9760.1,14782,12225,15426,14882,14099,13622,12055,9653,11241,10626,10858,9573.2,10584,6249.8,3856.2,7658.2,11234,10602,12151,11250,11098,10831,10162,10437,7143.6,12592,6060.4,14724,12700,9568,9526.3,10163,9377.1,6682.8,8406.2,9092.9,7367.2,5964.8,8814.7,9479.6,14041,12391,11173,12111,11148,12021,10292,9226.5,11020,9855.8,6286.5,8934.7,11221,9832.7,9631.5,7644.6,11365,10090,6483.8,9096.3,12191,10339,9603.8,7729.7
14191,11731,16152,15693,13570,13270,12267,7978.8,9694.8,8878.2,9461.4,8558.9,10196,6869.4,3791.6,6125.3,11196,10972,10586,10980,11437,10919,9469.4,10517,6929,12838,5861.4,14878,12669,9779.7,9783.4,10700,8029.8,6201.3,8312.3,9232.7,5141.8,6141.1,9111.2,9833.9,13281,11494,10759,10731,9912.1,10455,9961.6,9729.8,14797,12248,15421,14869,14060,13614,12037,9668.9,11176,10629,10846,9552.7,10568,6242.5,3832.2,7665.7,11244,10595,12152,11242,11082,10818,10150,10423,7096.1,12633,6078.3,14719,12688,9600.9,9519.8,10177,9396.9,6663.2,8392.4,9097.3,7388.6,5966.7,8825,9498.1,14031,12360,11183,12112,11117,11937,10312,9217.9,11030,9832.5,6313.9,8946.9,11008,9809,9592,7637.6,11396,10101,6398.5,9126.4,12121,10354,9611.8,7705.6
14170,11699,16164,15705,13555,13305,12261,7968.6,9718.3,8848.1,9505.7,8561.3,10183,6878.7,3790.1,6112.7,11196,11002,10588,10989,11459,10939,9461.1,10540,6855.7,12785,5887.6,14857,12666,9787.4,9783.6,10717,8008.6,6188.3,8306.1,9211.6,5136.8,6157.5,9133.1,9867,13268,11535,10796,10716,9836,10500,9976,9758.4,14794,12261,15416,14909,14111,13640,12062,9656.5,11225,10618,10844,9552.6,10581,6199.6,3854.3,7653.4,11248,10588,12163,11265,11103,10844,10169,10423,7109.2,12650,6042.9,14721,12712,9585.7,9532.6,10224,9408.5,6629.6,8498.7,9095.3,7374.2,5980.4,8819.6,9517.7,13994,12373,11128,12163,11173,11971,10244,9251.5,10963,9865.9,6343.5,8956.6,11143,9844.6,9637.1,7632.9,11385,10122,6402,9105.5,12042,10348,9610.6,7717.1
14179,11693,16159,15685,13592,13300,12252,7964,9703.7,8896.6,9505.6,8564.8,10191,6878.6,3784.8,6108.8,11191,10985,10610,10987,11475,10936,9476.6,10501,6904,12801,5907.9,14865,12691,9764.7,9784.5,10693,8034.3,6195.8,8278.9,9229.5,5094.6,6148.1,9104.8,9868.4,13323,11546,10811,10650,9951.1,10460,9993.7,9744.3,14811,12249,15421,14878,14101,13650,12057,9635.9,11180,10583,10839,9557.2,10618,6235.7,3842.8,7679.6,11262,10621,12162,11267,11123,10849,10161,10366,7074,12672,6116.9,14719,12750,9579.7,9541.8,10211,9384.1,6639.8,8406,9103.9,7319.9,5993,8836.5,9510.9,14098,12371,11182,12166,11150,12086,10283,9205.3,10956,9863.8,6302.3,8955.7,11231,9806.9,9617.3,7605.7,11376,10034,6478.7,9099,12014,10371,9589.2,7708.7
14158,11669,16161,15664,13534,13268,12280,7975.2,9718.2,8871.5,9496.5,8550.8,10196,6854.3,3762.5,6079.3,11191,10996,10586,11013,11474,10936,9487.5,10488,6825.6,12804,5872.3,14836,12722,9804.7,9784,10712,8042,6142.2,8282.5,9228.4,5090.4,6164.5,9110.5,9825.5,13308,11532,10792,10709,9865.7,10467,9948.5,9779.1,14788,12285,15440,14884,14074,13618,12065,9643.1,11191,10592,10814,9567.2,10590,6282.4,3834.9,7648.1,11235,10598,12137,11273,11132,10860,10172,10410,7129.1,12693,6143.4,14683,12737,9577.9,9530.2,10206,9390.5,6649,8458.6,9069.8,7368.2,5987.7,8782.8,9499.8,14087,12414,11160,12125,11146,12044,10289,9259.8,11022,9880.6,6227.7,8945.9,11235,9764.3,9577.8,7619.2,11380,10067,6485.2,9116,12038,10323,9603.4,7696.5
14168,11713,16137,15696,13533,13286,12266,7955.7,9730.8,8852.6,9515.4,8583.2,10196,6899,3781.3,6097.4,11188,10989,10543,10969,11464,10931,9480.6,10483,6903.9,12804,5921.9,14851,12717,9773.2,9787.5,10705,8015.1,6199.7,8317.4,9229.8,5078.7,6136.1,9127.3,9825.3,13290,11565,10823,10679,9854.7,10517,10055,9739.6,14797,12273,15438,14898,14061,13608,12057,9639.5,11267,10632,10852,9584.7,10575,6222,3828.3,7658.7,11242,10607,12148,11260,11121,10853,10155,10401,7130.2,12643,6099.8,14727,12716,9596.9,9523.2,10180,9359.5,6672.1,8447.6,9077.4,7355.4,6002.2,8807,9507.8,14038,12387,11196,12189,11148,12007,10255,9207,11010,9842,6331.3,8943.4,11170,9859.9,9606.6,7628.5,11320,10097,6499.9,9086.3,12136,10386,9620.8,7718.9
14167,11701,16155,15703,13565,13273,12261,7966.1,9673.2,8859.3,9525.6,8559.8,10202,6878,3804.8,6111.9,11187,10948,10577,10992,11489,10925,9470.5,10526,6845.8,12801,5871.1,14883,12697,9796.9,9798,10708,8035.4,6192.4,8281.2,9211.6,5120.6,6117.8,9111.2,9830.2,13343,11525,10810,10715,9915.1,10482,9935.2,9741.4,14788,12252,15424,14888,14076,13612,12057,9640.7,11211,10607,10841,9574.1,10583,6214.5,3834.1,7663,11251,10592,12153,11253,11120,10844,10150,10374,7123,12644,6169.8,14722,12737,9592.5,9522.9,10205,9428.6,6684.8,8375.2,9067.3,7334.5,5985.3,8815.4,9483.6,14014,12395,11196,12152,11217,12081,10251,9233,11024,9863.4,6308.1,8944.3,11087,9890.7,9554,7634.3,11435,10065,6440.2,9070.1,12094,10383,9638.2,7697.2
14180,11719,16165,15675,13554,13252,12255,7964.5,9683.5,8868,9465.1,8558.3,10192,6864.7,3776.5,6072.8,11172,10950,10566,10973,11474,10934,9473.1,10530,6862,12832,5871.5,14859,12742,9810.8,9788.3,10732,8035.6,6215.7,8293.6,9241.6,5116.2,6141.4,9123.6,9826.2,13244,11525,10790,10654,9891.1,10490,10032,9747.8,14796,12262,15410,14886,14048,13606,12058,9630.9,11149,10609,10862,9528.7,10564,6243.4,3843,7647.3,11239,10612,12161,11267,11101,10849,10155,10424,7129.3,12711,6100.2,14727,12724,9578.1,9544.1,10163,9383.6,6701.3,8450.1,9085.2,7349.5,5982.2,8815.8,9501.8,14012,12406,11181,12142,11180,12016,10271,9234.1,11029,9805.6,6399.9,8974.4,11187,9862.4,9602.1,7608.2,11412,10033,6472.3,9081.3,12185,10387,9600.4,7699.1
14161,11711,16155,15671,13543,13282,12267,7989.3,9704.4,8865.7,9451.5,8550,10184,6895.5,3787.5,6060.8,11161,10968,10543,10999,11445,10932,9458.8,10543,6896.3,12827,5865.7,14874,12741,9810,9818.8,10727,8042.8,6204,8307.1,9246.2,5151.2,6123.5,9127.1,9822.6,13315,11534,10784,10704,9848.7,10469,10034,9750.7,14797,12257,15417,14880,14053,13639,12065,9639.1,11220,10622,10796,9559.4,10551,6255,3824.8,7644,11243,10608,12172,11259,11120,10857,10143,10439,7123.1,12652,6062.9,14700,12720,9584.1,9543.2,10181,9400.9,6670.5,8393.8,9090,7368.5,6004.4,8823.7,9505.9,14012,12422,11206,12147,11087,12063,10274,9248.9,11033,9835.6,6348.3,8947.5,11204,9897,9624.6,7619.1,11399,10012,6511.5,9084.4,12157,10357,9601.3,7711.5
14169,11692,16129,15691,13525,13225,12258,7971.1,9725.4,8827.7,9511.7,8549.2,10190,6939.4,3794.3,6092,11173,10952,10536,10984,11470,10928,9467.4,10550,6881,12787,5882.3,14871,12723,9807.7,9818.7,10764,8038.1,6204.8,8264.3,9213.9,5120.1,6116.7,9116.9,9825,13301,11517,10799,10667,9873.6,10467,10054,9766.8,14798,12261,15429,14883,14057,13583,12053,9652.4,11207,10607,10848,9562.3,10536,6229.1,3814.7,7632.9,11233,10623,12141,11263,11120,10859,10158,10455,7121.1,12662,6092.6,14749,12760,9630.2,9557.3,10200,9383,6651.1,8460.3,9082.7,7320.4,5977.9,8825.7,9506.5,14073,12375,11150,12113,11178,12053,10344,9255.1,10981,9814.2,6345.7,8957.8,11188,9827.5,9650.5,7635.1,11382,10057,6457.2,9080.4,12163,10373,9617.1,7714.7
14164,11692,16142,15669,13543,13271,12246,7983.4,9722.4,8877.9,9484,8547.6,10193,6898.6,3779,6101.8,11166,10940,10527,10974,11467,10920,9472.8,10579,6873.4,12807,5876.9,14869,12749,9802.2,9829.1,10743,8032.3,6211.8,8291.9,9209.2,5093,6147.9,9082.5,9813.3,13292,11522,10802,10679,9902,10510,10052,9748.3,14805,12274,15422,14893,14041,13614,12057,9645.8,11215,10606,10844,9563.5,10543,6238,3836.9,7647.9,11244,10622,12160,11272,11113,10864,10132,10422,7105.4,12663,6102.1,14728,12786,9615.8,9566.7,10218,9376.7,6685.1,8402.2,9086.4,7334.5,5935.9,8761.2,9502.2,14055,12429,11185,12136,11089,12055,10367,9240.1,10970,9863.3,6287.8,8940.3,11101,9872,9613.3,7647.5,11366,10074,6517.6,9091.4,12205,10399,9568.6,7686.2
14178,11691,16149,15661,13520,13239,12252,7971.5,9671.4,8907.4,9530.1,8558.4,10173,6815.9,3800.3,6110.1,11176,10926,10538,10976,11478,10921,9459,10556,6898.7,12841,5884.5,14876,12704,9816.9,9826.2,10785,8039.9,6191,8292.4,9235.7,5107.8,6166.3,9117,9809.8,13297,11528,10797,10692,9892.3,10468,10005,9740.7,14820,12255,15429,14892,14053,13608,12064,9654.3,11241,10625,10840,9560.2,10538,6272.5,3865.2,7642.1,11258,10588,12150,11251,11131,10845,10135,10445,7136.4,12694,6146.4,14757,12751,9607.3,9568,10246,9422.2,6651.3,8367.3,9088.8,7386,6001.6,8777,9503.5,14039,12405,11203,12118,11124,12028,10295,9221.6,10976,9860.9,6398.8,8948.8,11212,9857.2,9560.1,7629.5,11377,10067,6559.6,9064.4,12186,10348,9590.1,7698.2
14181,11705,16121,15649,13575,13272,12265,7968.2,9684.7,8849.8,9436.6,8559.4,10204,6825.2,3778.5,6086,11179,10896,10528,10969,11479,10913,9478.3,10566,6948.3,12824,5857.4,14922,12734,9828.8,9826.4,10725,8052.6,6189.8,8307.3,9235.5,5098.8,6137.9,9098.7,9830.7,13285,11513,10813,10698,10029,10484,10085,9749.4,14819,12270,15414,14882,14081,13635,12061,9647,11221,10605,10839,9560.7,10523,6266.8,3833.9,7654.7,11252,10584,12124,11246,11135,10856,10143,10471,7186.3,12697,6088,14759,12750,9629.4,9568,10259,9469.1,6652.7,8414.4,9101,7397,5962,8844.5,9514.9,14052,12396,11221,12233,11156,12037,10294,9261.1,10994,9823.9,6307.6,8969.4,11201,9807.5,9577.2,7637.2,11367,10027,6480.8,9068,12077,10353,9637.7,7708.8
14176,11712,16146,15668,13577,13259,12268,7968.6,9690,8865.1,9508.6,8553.3,10187,6880.5,3763.5,6102.5,11178,10909,10546,10997,11480,10917,9470.4,10577,6897.6,12845,5915.6,14854,12701,9794.5,9805.9,10766,8049.9,6193.1,8306.8,9245.7,5107.4,6152.2,9132.9,9802.9,13288,11523,10808,10706,9887.6,10487,10009,9742.8,14805,12271,15410,14875,14053,13649,12084,9635.8,11159,10595,10874,9551,10526,6224.5,3823,7635.1,11261,10593,12155,11245,11112,10856,10137,10429,7129,12669,6126.5,14734,12755,9616.7,9555.2,10217,9418.3,6712,8413.7,9095.3,7381.8,5937.5,8806.3,9511.4,14028,12401,11199,12162,11177,11984,10294,9222.9,10936,9822,6349.9,8918.6,11253,9865.6,9587.4,7622.6,11398,10090,6485.4,9097,12038,10343,9609.5,7710.7
14182,11708,16162,15684,13581,13278,12263,7982.4,9696.6,8848.9,9561.7,8561.8,10179,6842.5,3787.3,6092.7,11174,10947,10536,10968,11479,10927,9455,10506,6959.5,12805,5927.7,14913,12719,9802.5,9819.4,10782,8067.2,6212.9,8316.1,9221.5,5123.3,6128.2,9099.3,9810,13277,11506,10797,10651,9833.9,10464,10007,9740.9,14787,12284,15422,14876,14104,13604,12053,9653.6,11187,10587,10867,9548.5,10552,6258.9,3831.9,7645.7,11253,10590,12171,11218,11110,10847,10149,10448,7117.1,12626,6099.2,14722,12777,9606.6,9553.3,10202,9392.1,6692.4,8401,9072.6,7362.2,5970.5,8815.3,9537.1,14000,12421,11188,12133,11070,12069,10236,9226.2,10984,9839.2,6241.5,8953.9,11196,9847.8,9586.3,7617.8,11371,10064,6427.7,9098.8,12194,10377,9561.9,7724.7
14215,11730,16155,15691,13624,13269,12257,7984.1,9693.9,8876.8,9538.7,8578.7,10206,6919.2,3801.7,6102.8,11176,10928,10538,10985,11479,10927,9473.3,10502,6905.4,12818,5860.6,14873,12704,9824.2,9815.1,10744,8070,6234,8278.5,9204.6,5124.6,6147.4,9118.6,9821.6,13225,11540,10789,10686,9921.5,10465,10016,9722,14816,12266,15413,14875,14123,13633,12064,9649.6,11224,10619,10878,9540,10539,6281.5,3820.4,7636.5,11246,10563,12200,11247,11074,10848,10165,10434,7146.2,12657,6086.6,14747,12708,9615.3,9536.3,10209,9417.7,6622.5,8434.2,9091.7,7374,5998.2,8817.3,9533.8,13975,12407,11201,12081,11108,12021,10313,9255.2,10973,9862,6300.3,8977.2,11167,9829,9613.5,7627.1,11384,10051,6515.8,9066.3,12232,10330,9598.3,7722.7
14181,11698,16156,15680,13587,13282,12254,7989.9,9746.8,8869.5,9545,8571.4,10183,6860.4,3784.9,6102.6,11188,10921,10545,10971,11459,10923,9465.8,10515,6873.5,12810,5866.5,14862,12703,9812.9,9809.4,10738,8057.6,6229.6,8295.5,9224.6,5153,6138.1,9109.6,9797.6,13319,11511,10784,10748,9916.6,10470,10094,9723.9,14801,12292,15407,14885,14069,13609,12062,9644.6,11181,10588,10839,9529.7,10556,6256.8,3829.5,7640.9,11245,10576,12174,11235,11077,10834,10168,10421,7103.6,12639,6100.9,14712,12756,9603.4,9538.1,10201,9393,6649.6,8417.6,9100.3,7375.3,5975.6,8783.5,9515.2,14013,12426,11207,12099,11179,12025,10323,9212.9,11038,9861.4,6392.3,8961.3,11034,9858.3,9629.3,7626.5,11420,10039,6540.6,9108.2,12048,10361,9624.9,7705.8
14162,11691,16147,15671,13600,13280,12253,7971.3,9707,8886.8,9530,8559.1,10209,6907.5,3782.8,6092.7,11192,10926,10560,11007,11479,10926,9478.5,10526,6917.7,12803,5859.1,14887,12712,9850.9,9830.6,10735,8047.7,6208.8,8263.2,9230.3,5152.1,6167.9,9141.9,9808.5,13246,11497,10836,10681,9905.6,10470,10113,9769.8,14788,12276,15418,14880,14080,13596,12067,9638.2,11244,10607,10855,9542.3,10543,6270.8,3814.7,7641.4,11254,10609,12191,11253,11123,10853,10150,10447,7109.3,12662,6104.6,14734,12732,9609.9,9577.1,10228,9408.9,6639.3,8370.8,9101.7,7360.2,5957.4,8808.3,9494.6,14066,12400,11234,12091,11082,11998,10261,9254.5,10967,9814.7,6304.9,8933.3,11207,9830.4,9609.2,7629.4,11415,10045,6465.7,9087.7,12125,10393,9619.6,7675.7
14167,11706,16155,15655,13595,13295,12259,7980.1,9678.7,8862.1,9465.9,8562.1,10208,6899.8,3764.7,6105.5,11181,10932,10545,11010,11462,10930,9456.8,10548,6866.9,12790,5851,14863,12705,9792.5,9817.5,10743,8050.8,6185,8255.2,9219.8,5147.7,6179.5,9121.7,9805.2,13274,11557,10850,10680,9927.4,10480,10001,9742.8,14788,12242,15427,14889,14114,13620,12067,9639.8,11226,10594,10844,9534,10553,6241.1,3832.5,7663,11255,10598,12193,11271,11098,10846,10159,10483,7116.7,12646,6078.7,14697,12737,9614.3,9548.8,10246,9404.9,6648.4,8437.2,9114.2,7358.2,5976.1,8835.3,9509.9,14054,12436,11229,12114,11146,12013,10284,9241.5,10997,9851,6300.9,8940.1,11160,9804.4,9576.6,7623.1,11411,10068,6442.6,9093.4,12197,10401,9568.3,7694
14154,11706,16153,15644,13585,13274,12264,7978.4,9696.8,8859.9,9525.6,8547.1,10199,6868,3774.7,6109.5,11172,10943,10579,10991,11476,10921,9491.4,10567,6889.9,12799,5878,14910,12754,9813.2,9830.3,10765,8049,6204.1,8224.5,9236.2,5183.8,6135.1,9151.4,9819.8,13278,11526,10824,10728,9924.9,10497,10097,9732.5,14789,12314,15418,14884,14083,13612,12064,9641.3,11190,10584,10801,9543.2,10575,6286.4,3828.5,7676.1,11270,10608,12184,11264,11102,10858,10158,10467,7107.6,12659,6115.2,14680,12734,9631.7,9558.8,10254,9399.9,6608,8371.2,9096.8,7325.4,5992.4,8840.5,9511.4,14072,12399,11230,12147,11144,12044,10345,9249.2,10989,9833.3,6323.7,8964.2,11152,9849.2,9596.2,7616.4,11367,10076,6472.2,9076.7,12055,10364,9590.7,7686.9
14175,11714,16161,15668,13609,13307,12272,7998.7,9724.3,8894.9,9520.2,8547.6,10212,6847,3779.7,6103.3,11181,10904,10560,10996,11481,10919,9484.2,10593,6879.2,12789,5899.5,14859,12696,9835.3,9808.8,10793,8058.9,6227,8262.8,9226.6,5146.7,6156.2,9149.8,9835.5,13271,11504,10814,10717,9919.4,10552,10074,9756.8,14785,12291,15407,14860,14106,13590,12058,9664.5,11176,10601,10839,9522.2,10567,6238.2,3833.6,7660.5,11251,10589,12178,11258,11105,10846,10152,10474,7081.7,12666,6147.3,14716,12697,9598.6,9566.7,10257,9409.3,6628,8365.7,9100,7389.7,5997.5,8818.3,9501.1,14007,12412,11233,12077,11135,12053,10372,9243.9,11022,9812.2,6334,8958.9,11273,9892.8,9612.7,7614.5,11350,10073,6464.2,9100.5,12100,10385,9620,7712.2
14171,11702,16152,15681,13598,13273,12258,7987,9748.4,8833.1,9492.1,8543.3,10159,6860.4,3770.5,6131.2,11190,10911,10561,11017,11461,10908,9489,10569,6891.2,12811,5831.6,14881,12699,9835.3,9815.6,10741,8033.7,6220.9,8300.6,9235,5106.9,6177.5,9147.6,9812.1,13320,11506,10850,10684,9929.7,10503,10023,9741,14780,12265,15389,14858,14101,13628,12065,9651.8,11188,10618,10863,9508.3,10560,6253,3825.7,7658.8,11254,10601,12196,11248,11084,10826,10147,10468,7089.3,12631,6122.7,14719,12738,9611.6,9574.3,10227,9385,6658,8368.8,9107.6,7418.2,5965.4,8828.5,9486.9,14012,12437,11215,12153,11113,12018,10309,9240.4,11015,9843.5,6419.6,8966.5,11176,9823.3,9611.8,7637.2,11336,10093,6410.8,9131.8,12148,10372,9623,7704.5
14170,11709,16151,15670,13579,13247,12261,7987.6,9714.9,8900.4,9502.6,8557.1,10186,6906.8,3768.2,6090.3,11172,10917,10561,11021,11471,10920,9483.5,10597,6854,12778,5866.4,14880,12687,9828.2,9815.6,10764,8057.9,6202.6,8302.5,9251.2,5096.6,6169.2,9143.7,9826.9,13297,11569,10810,10693,9887.3,10443,10169,9751.4,14775,12265,15412,14851,14058,13608,12062,9655.3,11260,10631,10816,9529.4,10575,6235.4,3837.3,7672.2,11257,10604,12188,11261,11083,10839,10160,10473,7103.4,12646,6087.5,14726,12715,9616.1,9553,10262,9402.1,6708.6,8378.1,9137.6,7380.5,5966.7,8826.1,9519.6,14054,12412,11219,12171,11201,12040,10366,9248.1,10977,9858.7,6269.8,8973,11173,9862.1,9556.4,7624.1,11383,10062,6443.5,9123.9,12139,10398,9582.9,7710.8
14181,11697,16139,15646,13578,13240,12262,7984.4,9679.7,8894.5,9521.1,8574.5,10186,6875.8,3794.3,6124.1,11193,10913,10580,11005,11441,10922,9491.9,10509,6898.1,12794,5888.6,14848,12699,9800.9,9793.6,10728,8081.6,6207,8301.1,9252.6,5148.9,6151.8,9122.1,9862,13294,11498,10820,10790,9912.4,10499,10046,9771.9,14782,12269,15412,14867,14085,13605,12048,9662.7,11243,10632,10846,9530.4,10579,6300.8,3854.1,7659.8,11247,10581,12186,11258,11076,10832,10152,10470,7107.1,12618,6108.1,14690,12695,9602.5,9556,10239,9407.9,6696.3,8379.7,9105.8,7375.5,5975.5,8848.4,9493.9,14042,12433,11234,12221,11181,11994,10281,9245.4,10946,9844,6377,8963.9,11088,9867.8,9630.7,7624.5,11379,10114,6478,9079.2,12051,10360,9593,7705.2
14163,11682,16133,15655,13552,13263,12250,7964.1,9693.5,8848.1,9441.3,8553.4,10177,6896.6,3776.2,6111.1,11179,10923,10559,11013,11429,10918,9497.9,10519,6876,12753,5941.5,14870,12697,9820.7,9780.3,10716,8045.3,6221,8293.2,9239.5,5171.8,6164.1,9124.4,9836.6,13241,11503,10805,10712,9866.6,10446,10026,9730,14773,12253,15420,14881,14130,13590,12050,9636.6,11235,10617,10848,9530.1,10593,6244.5,3851.6,7667.2,11260,10606,12211,11240,11067,10838,10164,10432,7139.2,12624,6127.9,14709,12685,9598.3,9527.3,10213,9398.7,6655.5,8436.6,9098.4,7406.4,5989.1,8864.7,9519.3,14080,12390,11175,12149,11201,12053,10329,9254,10989,9841,6408.3,8960.7,11159,9838.8,9614.5,7645.1,11407,10090,6442.4,9110.7,12130,10425,9570.2,7743.7
14158,11684,16132,15676,13601,13279,12248,7957.3,9676.3,8855.3,9455.9,8541.8,10155,6918.8,3767.6,6112.4,11166,10912,10593,10999,11423,10924,9500.8,10484,6844.7,12758,5937.8,14864,12689,9785.1,9759.2,10696,8028.7,6225.7,8236.5,9224.8,5167.3,6154,9113,9808,13284,11502,10797,10665,9921.1,10487,9941.2,9734.6,14772,12277,15426,14900,14088,13626,12046,9641.7,11220,10584,10766,9538.8,10563,6227.1,3829,7694.1,11253,10588,12202,11224,11062,10845,10137,10428,7063.6,12634,6134.8,14712,12678,9581.7,9523.9,10178,9404,6728.5,8407.4,9070.8,7372.8,5976.1,8838.8,9507.8,13998,12350,11149,12227,11145,11925,10253,9254.4,11004,9849.2,6283.9,8969.1,11232,9869.7,9607.1,7663.9,11414,10079,6478.8,9092.8,12180,10423,9587.1,7703.4
14163,11721,16146,15679,13576,13254,12271,7978.2,9683.3,8884.1,9406.9,8539.5,10190,6892.4,3774.5,6120.7,11186,10942,10577,11021,11448,10915,9502.4,10503,6830.7,12780,5897.9,14845,12699,9846.2,9818.3,10721,8020.5,6231.5,8274.8,9228.9,5139.2,6148.2,9115.9,9847.9,13310,11519,10835,10745,9899.3,10457,10048,9776.6,14768,12252,15431,14861,14091,13573,12060,9640.4,11235,10623,10812,9536.1,10566,6253.7,3836.9,7696.9,11250,10572,12175,11262,11074,10849,10159,10458,7106,12650,6156.1,14733,12744,9584.6,9557.3,10233,9410.7,6701.1,8377.9,9075.3,7363.6,5968.7,8823.2,9498.7,14030,12415,11204,12141,11160,12000,10272,9269.2,11006,9848.3,6272.5,8930,11136,9819.4,9616.2,7622.8,11370,10097,6464.1,9072.7,12114,10375,9589.4,7714.8
14202,11707,16138,15667,13566,13242,12264,7967.6,9618.2,8897.8,9434.4,8549.2,10194,6862.5,3789.2,6128.7,11182,10947,10566,11024,11415,10926,9526.9,10473,6843.4,12788,5859,14844,12698,9825.1,9785.4,10719,7991.1,6161.9,8271.8,9251.6,5134.2,6171.9,9113.1,9832.7,13266,11482,10865,10718,9917.2,10458,9934.8,9777.8,14767,12259,15422,14868,14067,13617,12060,9630.1,11209,10614,10796,9537.3,10583,6265.3,3833.1,7684,11247,10594,12177,11242,11068,10851,10186,10414,7044.2,12663,6106.6,14693,12724,9590.2,9569.2,10232,9380,6633.8,8379.3,9092.4,7331.6,5985.5,8827.6,9505.5,14009,12358,11204,12121,11119,12015,10227,9292.5,10984,9846.9,6294.6,8932.4,11141,9849.6,9616.8,7617.6,11334,10086,6470.6,9090.8,12109,10409,9591.5,7702.4
14171,11707,16159,15676,13587,13273,12263,7978.6,9688.4,8846.9,9418.5,8505,10200,6890,3792.1,6136.7,11177,10964,10605,11013,11420,10928,9534.5,10498,6783.7,12814,5906.7,14863,12731,9794,9762.4,10708,8009.3,6163.8,8257.2,9217.7,5185.2,6157.4,9138.3,9838.5,13281,11501,10816,10769,9876.1,10454,9936.7,9778.5,14772,12307,15408,14876,14057,13600,12075,9633.5,11203,10639,10772,9495.2,10562,6216.9,3873,7697.6,11254,10622,12223,11256,11041,10837,10168,10388,7055.4,12672,6022.7,14698,12736,9600.6,9531.5,10218,9387.6,6638.5,8399.9,9091.2,7369.2,5955.9,8837.8,9518.2,14068,12392,11194,12162,11098,11982,10255,9281.3,11016,9837,6294.3,8981.1,11183,9901.2,9644.8,7622.1,11409,10159,6465.2,9123.5,12153,10434,9613.4,7686.6
14158,11700,16116,15685,13593,13254,12263,7988,9724.1,8876.1,9459.2,8536.4,10191,6879.4,3803,6163.6,11172,10956,10620,11057,11421,10912,9523.3,10516,6792.3,12832,5860.6,14849,12703,9797.8,9756.2,10692,8033.8,6194.3,8273.9,9217.4,5152.2,6162.7,9122.4,9820.2,13292,11531,10820,10704,9882.9,10478,10038,9779.7,14762,12290,15418,14879,14032,13638,12065,9636.2,11195,10644,10763,9488.7,10571,6210.3,3821.5,7695.2,11261,10607,12222,11264,11053,10827,10180,10431,7061.3,12683,6102.2,14699,12712,9575.9,9520.8,10231,9395.8,6633.5,8404.4,9097.1,7405.2,6019.8,8827.3,9514.8,14090,12447,11197,12083,11160,12020,10263,9266.1,11018,9919,6304.3,8962.7,11236,9905.7,9649.3,7642.6,11385,10110,6497.2,9098.1,12215,10380,9599.2,7696.9
14138,11690,16136,15668,13584,13248,12263,7965.3,9728.9,8909,9495.8,8524.6,10189,6847.8,3766.5,6144.5,11176,10942,10592,11039,11417,10907,9539,10530,6844.9,12831,5880.4,14844,12702,9785.6,9768.6,10713,8018.8,6248.1,8252.3,9210.9,5144.5,6151,9123.1,9843.8,13324,11530,10816,10703,9876.3,10466,9998.2,9772.1,14745,12270,15421,14880,14061,13655,12073,9624.5,11219,10644,10795,9507.8,10604,6209.9,3823.8,7681.1,11273,10599,12228,11272,11046,10838,10180,10442,7081.6,12714,6043.8,14724,12706,9570.4,9528,10214,9378.8,6610.1,8407.1,9107.2,7392.1,5977.9,8801.1,9513.5,14042,12398,11227,12169,11137,12035,10298,9279.1,10984,9849.1,6370,8955.8,11168,9893.6,9634.9,7641.4,11439,10102,6501.2,9104.5,12246,10362,9622.2,7716
14143,11701,16144,15670,13589,13265,12286,7972.8,9754.3,8885.3,9466.5,8520.2,10195,6860.1,3786.4,6113,11172,10974,10616,11014,11438,10913,9526.5,10551,6802.4,12852,5866.3,14869,12734,9792.7,9754.7,10761,8016.7,6200.2,8263.1,9232,5124.7,6155,9143.8,9862.7,13278,11526,10855,10703,9909.3,10475,10028,9798.4,14740,12269,15412,14867,14035,13618,12084,9633,11186,10626,10779,9524.4,10567,6217.2,3815.4,7684.6,11261,10573,12201,11267,11050,10852,10202,10456,7089.5,12730,6107,14693,12728,9584.2,9532.9,10281,9389.8,6698.5,8390.8,9108.1,7361.7,5959.8,8833.2,9516.3,14094,12430,11221,12180,11190,12007,10300,9272.2,11008,9888.7,6313.7,8968.3,11165,9860.6,9621.9,7645.7,11401,10116,6480.3,9088.7,12145,10367,9608.9,7721.8
14143,11701,16124,15670,13571,13290,12254,7961.7,9718,8883.1,9429.4,8521.2,10206,6862,3775.7,6157.9,11181,10979,10605,11032,11421,10918,9528.2,10552,6816.9,12865,5854,14852,12705,9816.5,9769.7,10758,8004.1,6199.1,8269.6,9243.7,5082.4,6137.1,9136.8,9859.5,13333,11488,10837,10682,9940.3,10466,10065,9773.9,14757,12284,15401,14874,14029,13591,12066,9652.6,11186,10650,10815,9514.8,10558,6205.2,3826,7694.7,11257,10618,12209,11249,11068,10858,10189,10513,7060.3,12699,6062.4,14695,12746,9601.8,9547.7,10246,9397.9,6679.9,8427,9113.1,7310,5987.3,8830.1,9530.1,14066,12428,11212,12154,11152,12069,10271,9262.8,11033,9894.9,6467.1,8944.1,11215,9838.8,9616.1,7639,11385,10159,6516.7,9098.1,12245,10386,9581.6,7705.6
14141,11722,16113,15661,13581,13273,12257,7955.3,9717.9,8881.3,9463.8,8534,10191,6871.6,3757.5,6096.3,11179,10980,10604,11055,11405,10911,9533.9,10559,6797.1,12848,5879.7,14848,12734,9765.3,9754.4,10797,7994.9,6186.4,8272.8,9266.2,5129.1,6137.7,9160,9846.6,13261,11548,10835,10739,9977.2,10438,10087,9788.4,14765,12313,15397,14874,14057,13608,12062,9654.1,11174,10611,10805,9485.8,10551,6262.9,3850.7,7663.9,11244,10623,12190,11254,11042,10849,10198,10502,7059.6,12703,6089.3,14708,12748,9590.4,9538.6,10289,9446.7,6670.7,8462.8,9111,7396.7,6035.2,8818.7,9519.2,14083,12422,11193,12165,11146,12037,10344,9269.5,11045,9914.8,6259.1,8973.8,11170,9805.7,9659.8,7631.2,11444,10127,6489.3,9116.4,12115,10394,9638.2,7698
14138,11684,16144,15677,13569,13260,12263,7965.1,9739.2,8909.3,9455.6,8530,10198,6881,3777.7,6145.2,11183,10979,10627,11014,11435,10927,9511.7,10597,6832.2,12834,5875.3,14854,12721,9798.4,9772.7,10798,8021.7,6189.7,8322.4,9294.6,5125.1,6145.8,9155.3,9829.4,13260,11532,10792,10749,9924.6,10503,10163,9788.4,14746,12262,15396,14867,14060,13603,12073,9658.2,11268,10633,10812,9519.7,10576,6232.1,3848.6,7662.4,11263,10619,12195,11267,11077,10850,10180,10507,7059,12685,6096.3,14711,12752,9594.5,9552.4,10273,9385.4,6685.5,8457.3,9145.1,7347.6,5979.2,8850.8,9532.6,14133,12452,11175,12107,11198,12072,10391,9243.8,10975,9866.8,6386.2,8976.5,11243,9869.3,9624.3,7628.4,11376,10074,6448.4,9090.4,12073,10413,9621,7717.7
14113,11738,16135,15674,13532,13269,12258,7957.2,9729.6,8886.9,9437.8,8541.2,10197,6861.4,3784.7,6137.3,11171,10974,10612,10987,11434,10916,9500.6,10607,6811.6,12831,5820.3,14830,12705,9780.2,9773,10806,8027.3,6241.7,8304,9272.1,5139.8,6171.3,9188.8,9826.8,13312,11560,10826,10725,9932.2,10492,10090,9766.8,14733,12317,15410,14874,14056,13602,12058,9664.2,11192,10599,10809,9476.6,10542,6235.8,3810,7665.2,11248,10614,12233,11252,11063,10836,10169,10537,7083.3,12701,6066.9,14680,12724,9592.5,9555,10252,9388.8,6669.5,8445.4,9140.7,7321.8,6003.1,8873.2,9521.9,14018,12456,11159,12175,11101,12058,10337,9237.4,11004,9862.2,6355,8968.5,11264,9899.2,9622.1,7654.1,11415,10113,6526,9104.6,12054,10296,9627.3,7710.5
14142,11747,16145,15678,13558,13280,12278,7969.4,9720.2,8886.6,9477.2,8546.2,10205,6844.2,3769.9,6120,11183,10970,10608,11023,11431,10905,9480.6,10631,6810.3,12816,5842.3,14840,12707,9753.2,9793.1,10841,8007.6,6194.3,8297.4,9289,5137.5,6164.8,9127.6,9834.8,13320,11563,10831,10699,9915,10500,10156,9765,14751,12332,15414,14864,14025,13609,12068,9646.3,11181,10648,10814,9493.1,10559,6193.8,3798.6,7645.2,11249,10628,12222,11254,11075,10839,10151,10534,7025.4,12709,6101.5,14710,12730,9604.7,9558.8,10307,9382,6658.1,8510.4,9131.3,7371.5,5967.1,8840.2,9498.8,14106,12460,11169,12105,11188,12112,10332,9200.3,11055,9876.3,6345,8998.9,11149,9821,9635.8,7653.3,11384,10086,6560,9121.1,12099,10362,9599,7738.3
14119,11722,16144,15689,13556,13299,12265,7962.3,9660.4,8874.8,9443.8,8536.5,10209,6844.9,3791.2,6135.8,11167,10980,10628,11010,11420,10915,9502.2,10627,6793.8,12827,5868.1,14865,12749,9793.2,9793.3,10857,8032.4,6203,8335.9,9285.5,5157.9,6170.6,9155.3,9830.4,13290,11533,10837,10687,9907.3,10513,10169,9770.7,14746,12297,15416,14875,14042,13657,12071,9655.6,11211,10613,10806,9520.1,10543,6190.5,3828.5,7632.8,11238,10635,12206,11249,11074,10837,10150,10537,7068.8,12701,5998.5,14705,12760,9610.9,9557.4,10300,9409.8,6655,8391.8,9146,7323.3,5960.5,8845.1,9526.4,14073,12411,11212,12099,11161,12077,10369,9224.5,10993,9888.6,6303.1,8961.3,11202,9808.5,9640.6,7630,11422,10101,6454.7,9105.2,12146,10368,9627.2,7704.5
14123,11724,16138,15688,13547,13276,12253,7951,9693.4,8870.8,9465.2,8550.3,10187,6847.5,3783.7,6151.3,11175,10996,10646,11031,11407,10921,9497.8,10604,6825.4,12866,5850.4,14854,12751,9799.8,9794.6,10826,8017.3,6174.2,8359.2,9313.7,5147.5,6186.7,9153.8,9828.4,13266,11553,10852,10678,9861.3,10440,10129,9775.5,14749,12280,15414,14889,14035,13622,12064,9649.6,11158,10595,10792,9508.2,10540,6238.8,3840.4,7674.2,11235,10637,12196,11262,11092,10848,10165,10530,7037.1,12708,6116.5,14704,12768,9584.6,9588.1,10354,9390,6659.2,8434,9156,7350.4,5975.3,8825.8,9513.2,14114,12430,11151,12065,11144,12074,10333,9212.9,11051,9865,6284.4,9001,11135,9837.7,9606.5,7626.2,11397,10114,6496.5,9122.4,12216,10352,9653,7715
14126,11710,16135,15679,13600,13267,12257,7952.5,9693.7,8867.5,9436.6,8536.3,10201,6876.8,3780.1,6153.4,11169,10987,10593,11028,11459,10929,9508.5,10625,6846.1,12849,5856.5,14880,12741,9774.6,9803.5,10859,8013.9,6171.5,8295.1,9289.7,5165.6,6166,9146.2,9843.8,13331,11531,10817,10716,9874.5,10438,10157,9773.6,14756,12281,15424,14893,14071,13641,12045,9661.8,11220,10609,10780,9527.4,10537,6250,3828.4,7655.9,11246,10616,12181,11254,11082,10848,10145,10566,7050.6,12698,6089.3,14695,12773,9584.6,9581.5,10344,9405.1,6671.9,8431.2,9142.6,7347.3,5983.6,8844.3,9509.3,14112,12389,11188,12205,11113,12008,10365,9223.7,11045,9843.4,6404.2,8964.9,11119,9843.7,9603.4,7640.3,11406,10096,6395.3,9061.4,12075,10366,9601.4,7718.1
14114,11734,16131,15684,13568,13232,12259,7962.3,9686,8871.3,9505.9,8539.6,10206,6869.6,3798.8,6127.7,11179,10975,10615,11025,11453,10908,9494.4,10637,6792.7,12839,5824.3,14868,12741,9797.4,9778.8,10830,8013.4,6219.6,8342,9283.8,5174.1,6154.7,9148.7,9816.9,13289,11533,10823,10728,9863.5,10451,10149,9780.5,14752,12292,15423,14887,14105,13588,12053,9648.7,11240,10613,10840,9511.8,10536,6253.7,3844.9,7633.7,11244,10622,12195,11274,11091,10848,10133,10569,7098.5,12682,6049,14708,12760,9586.5,9578.6,10345,9430,6685.8,8479.2,9154.7,7377.3,6016.2,8836.5,9513.3,14166,12434,11215,12116,11202,12056,10399,9225.6,10990,9888,6336.4,8998.6,11152,9869.8,9628.2,7641.5,11384,10093,6507.7,9138.9,12114,10302,9650.1,7713.1
14156,11742,16147,15682,13571,13289,12248,7952.3,9704.4,8831.7,9472,8546.7,10191,6889.3,3797.8,6126.3,11172,11024,10621,11009,11463,10941,9483.3,10642,6766.7,12812,5804.3,14858,12713,9825,9809.2,10833,8023.5,6183.9,8357.2,9271,5128.9,6141.6,9155.7,9829.1,13287,11505,10806,10670,9869.8,10438,10159,9778,14777,12275,15431,14902,14088,13644,12030,9632,11154,10602,10749,9540.1,10541,6261,3829.9,7650,11217,10636,12182,11275,11107,10858,10153,10572,7030.8,12669,6026.9,14683,12746,9618.1,9584.2,10333,9415.4,6670.2,8469.5,9158.9,7374.2,5986.3,8835.3,9509.6,14017,12388,11143,12063,11135,12049,10395,9216.4,11034,9857.5,6407.5,8969.6,11087,9840.7,9606.9,7628.4,11385,10075,6526.1,9081.8,12101,10290,9610.3,7695.1
14146,11710,16140,15673,13554,13272,12241,7948.9,9720.3,8896.1,9423.6,8519.2,10207,6894.5,3811.3,6149.6,11164,11010,10608,11013,11467,10940,9487.4,10617,6783.7,12780,5852.1,14825,12667,9803.6,9817.2,10817,8009.1,6205.4,8287.9,9277.1,5112.6,6173.1,9155.4,9843.9,13289,11499,10816,10699,9936.6,10434,10132,9757.1,14788,12259,15436,14892,14122,13626,12042,9624.8,11179,10604,10790,9546.6,10520,6274.5,3867.5,7630.9,11228,10641,12186,11282,11127,10867,10145,10545,7074.9,12637,6002.9,14706,12747,9609.2,9587.4,10338,9437.7,6649.6,8380.3,9135.2,7424.1,5957.3,8845.9,9512.3,14066,12389,11146,12105,11110,12044,10417,9242.6,10976,9830.3,6356.1,8975.3,11225,9865.2,9593.5,7629.8,11373,10095,6505.8,9073.2,12102,10353,9629.7,7707.6
14144,11708,16139,15672,13549,13256,12225,7964.2,9664.1,8831.2,9449.6,8533,10222,6884.9,3799.8,6119.6,11169,10977,10603,11020,11462,10931,9469,10597,6839.4,12759,5850.9,14857,12735,9828.7,9813.7,10788,8024.8,6208.1,8278.4,9249.8,5164.5,6160.7,9138.4,9814.2,13277,11482,10765,10668,9916.8,10482,10197,9749.4,14788,12264,15423,14900,14107,13624,12019,9642.9,11111,10580,10841,9555.3,10536,6279.9,3853.9,7635.9,11228,10652,12164,11278,11110,10860,10129,10514,7085.8,12599,6134.3,14750,12741,9606.9,9606.5,10310,9431.1,6689.8,8453.4,9156.2,7410.8,5950,8827.3,9505.8,14092,12385,11162,12086,11129,12002,10365,9214.6,10957,9847.2,6464,8963.7,11126,9872.3,9577.2,7645,11438,10035,6491.9,9102,12228,10320,9601.4,7719
14124,11742,16138,15703,13544,13266,12244,7950.5,9731.6,8842.4,9409.2,8528.2,10188,6879,3816.3,6120.8,11160,11005,10637,11018,11467,10944,9478.1,10628,6788.9,12746,5867.3,14852,12742,9832.6,9819,10811,8012.2,6184.1,8254.8,9257.5,5159.5,6140.8,9128.8,9819.9,13318,11507,10809,10678,9905.7,10479,10089,9769.3,14812,12244,15427,14907,14128,13615,12028,9629.1,11156,10623,10870,9534.6,10529,6240.3,3863.3,7659.3,11231,10656,12147,11241,11131,10873,10136,10528,7049.5,12628,6108,14687,12748,9650,9597.2,10314,9444,6640,8484.8,9122.9,7376.8,5949.1,8807.8,9515.7,14040,12354,11170,12167,11129,12039,10386,9258.7,10960,9856.2,6427.1,8951.9,11162,9866.3,9576.9,7625.8,11391,10077,6378.5,9090.5,12142,10282,9600.9,7693.7
14139,11721,16147,15685,13563,13266,12217,7914.7,9667.8,8899.6,9441.8,8517.3,10189,6820.1,3791.7,6104.1,11171,11022,10625,11012,11468,10943,9481.3,10625,6758.5,12756,5862.9,14830,12730,9827,9836.7,10786,8010.3,6210.4,8293.8,9261.4,5126.2,6164.4,9108.5,9815.4,13272,11468,10791,10678,9941.3,10459,10175,9780.8,14809,12228,15449,14902,14112,13619,12028,9645.9,11210,10630,10812,9537.5,10526,6203.8,3828.7,7629,11227,10663,12176,11280,11155,10875,10138,10508,7020,12632,6052.3,14691,12767,9627.8,9630.6,10332,9396.5,6626.4,8350.6,9139.8,7340.6,5966.9,8816.3,9513.1,14056,12395,11160,12067,11124,12055,10397,9246.4,10986,9833.8,6373,8973.3,11060,9778.6,9577.4,7623.5,11346,10062,6537.7,9088.2,12200,10325,9610,7704.5
14132,11698,16100,15673,13565,13229,12232,7941.8,9725.8,8880.9,9459.4,8516.4,10208,6862.3,3793.9,6140.1,11178,11008,10590,11043,11473,10953,9485.4,10611,6794.2,12758,5859.3,14852,12714,9811.2,9830.9,10816,8000.4,6192.4,8275.4,9228.1,5124.4,6152.6,9114.6,9811.7,13229,11495,10819,10704,9929.5,10419,10155,9785.5,14793,12233,15425,14895,14123,13578,12015,9642.7,11151,10632,10852,9565.8,10534,6208,3842.3,7655.9,11224,10641,12179,11261,11142,10872,10129,10521,7056.6,12668,6009.9,14710,12768,9644.6,9620.1,10351,9405.1,6636,8412.5,9127.3,7284.4,5987.8,8815.6,9525.9,14029,12398,11129,12128,11086,12013,10390,9276.1,10929,9864.2,6344.3,8979.9,11145,9802.5,9600.1,7633.4,11366,10052,6481.8,9101.8,12104,10347,9591.3,7720.4
14142,11694,16127,15679,13543,13249,12227,7959.2,9662,8867.1,9430.7,8547.7,10196,6860.1,3766.7,6118.1,11167,11006,10626,11028,11486,10946,9474.2,10611,6756.1,12750,5805.7,14855,12716,9822.1,9843.3,10785,7984.9,6217.2,8245.3,9233.5,5125.8,6155.7,9136,9809.6,13330,11509,10802,10726,9876.6,10446,10141,9756.1,14787,12285,15423,14910,14114,13613,12025,9632,11164,10615,10819,9545.6,10555,6237.3,3847.6,7662.4,11237,10646,12181,11262,11129,10873,10132,10507,7029.2,12638,6015.4,14700,12752,9603.9,9597.3,10300,9385.8,6640.8,8441.9,9116.3,7363,5982.3,8809.5,9500.1,14088,12360,11157,12142,11159,12047,10311,9256,10949,9841.4,6410.6,8978.7,11212,9898.2,9583.4,7652.1,11368,10117,6433.4,9083.7,12135,10351,9585.9,7704.4
14149,11691,16163,15672,13551,13275,12225,7960.9,9708.7,8860.5,9504.9,8568.2,10200,6887,3790.2,6146.1,11181,10997,10644,11030,11499,10950,9476.6,10579,6811.8,12784,5845.2,14875,12739,9818.8,9837.4,10767,8014.7,6204.5,8277.1,9220.4,5093.7,6155.4,9151.5,9820.8,13296,11496,10790,10691,9919.3,10387,10131,9721.4,14794,12273,15432,14902,14105,13601,12011,9643.6,11193,10625,10840,9549.2,10577,6240.1,3845.4,7666.6,11218,10634,12191,11267,11140,10856,10144,10477,7071.1,12658,6030.3,14708,12804,9614.9,9607.3,10292,9411.1,6652.8,8434.7,9113.1,7394.9,6019.5,8863.1,9496.7,14027,12373,11142,12083,11112,12086,10350,9237.8,10979,9821.5,6364.8,8937.4,11043,9821.8,9621.9,7624.3,11375,10062,6483.9,9096.7,12009,10374,9604.3,7693.6
14171,11685,16167,15680,13589,13256,12243,7983.4,9699.8,8871.2,9471.1,8543.7,10196,6885.1,3814.3,6122,11181,11019,10614,11023,11477,10963,9474.9,10582,6845.8,12819,5769.3,14878,12736,9843.1,9833.9,10760,8019.7,6204.7,8272.8,9242.6,5135.9,6147.7,9140.3,9829.6,13236,11473,10803,10664,9901.3,10443,10126,9751.7,14809,12262,15447,14887,14093,13615,12039,9631.8,11241,10613,10830,9538.2,10534,6234.4,3852.9,7658.9,11221,10616,12154,11263,11129,10871,10167,10478,7070.2,12685,6058.7,14710,12743,9601.2,9580.7,10308,9389.2,6674.9,8441,9097.8,7414.2,6024.3,8825.4,9510.9,14022,12385,11168,12162,11091,12066,10363,9260.9,10916,9818.2,6369.1,8976.2,11144,9843.5,9582.7,7636.1,11358,10104,6470.3,9097.9,11997,10423,9574.3,7713.9
14150,11734,16120,15685,13577,13246,12237,7963.1,9620,8875.2,9489.5,8551,10202,6875.9,3786.7,6133.9,11188,11007,10605,11020,11467,10945,9470.8,10606,6837.4,12844,5819.4,14850,12719,9824.6,9837.4,10769,8014,6211.2,8268.1,9257.6,5114.9,6180.3,9122.1,9813.6,13330,11495,10785,10685,9915.9,10436,10186,9739,14811,12280,15443,14879,14083,13634,12044,9636.2,11177,10597,10816,9562.6,10561,6237.9,3860.2,7652.1,11227,10647,12191,11259,11126,10874,10160,10522,7005.4,12673,5978.8,14719,12750,9636.7,9606.6,10292,9441.3,6687.5,8376,9081.6,7385.2,5999.4,8801.7,9510.2,14094,12410,11149,12067,11101,12032,10404,9227.7,11020,9882.5,6371.7,8964.4,11126,9856.7,9597.6,7635.9,11376,10095,6420.8,9076.5,12198,10317,9539.1,7692.1
14130,11701,16134,15679,13557,13261,12230,7960.8,9677.7,8896,9462.4,8532.9,10186,6873.3,3775.6,6135.2,11172,11009,10616,11022,11481,10951,9470.8,10593,6820,12831,5794.8,14874,12707,9837.9,9842,10833,7999.7,6214.7,8269.1,9252,5059.5,6158.5,9133.7,9821.2,13263,11517,10779,10664,9923.7,10475,10098,9746.4,14813,12285,15426,14894,14063,13611,12025,9615.8,11174,10649,10798,9540.6,10523,6268.1,3843.3,7661.1,11214,10635,12185,11273,11131,10862,10136,10483,7035.7,12676,6072.6,14761,12786,9616.9,9619.5,10319,9399.5,6644,8376.6,9096,7369.3,6012.7,8827.2,9514.2,14028,12419,11133,12120,11140,11990,10368,9235.2,11009,9856.2,6254,8985.7,11206,9852.3,9605.7,7612.7,11396,10108,6455.7,9108.4,12193,10348,9572.3,7692.7
14146,11698,16136,15679,13553,13275,12237,7946.6,9652.8,8884.9,9413.4,8564.5,10182,6870.5,3774.7,6113.3,11174,10973,10605,11022,11470,10926,9446.4,10568,6791.1,12802,5873.4,14886,12681,9837.4,9854.2,10750,7998,6180.4,8285.9,9244.7,5114.1,6160.3,9108.5,9812.2,13289,11496,10797,10613,9846.3,10462,10165,9723.7,14814,12278,15432,14868,14048,13583,12015,9612.3,11250,10640,10790,9562.6,10540,6242,3847.6,7655.3,11230,10592,12152,11250,11138,10849,10118,10461,7029.1,12649,6058.9,14737,12754,9646.9,9599.1,10283,9389.6,6658.8,8483.4,9117,7361.3,6026.3,8831.1,9489.4,14109,12397,11153,12123,11158,12001,10309,9222.2,10952,9846,6419.8,8981.7,11044,9826.8,9582.3,7653.7,11315,10091,6465.5,9098.9,12078,10383,9622.2,7713
14162,11699,16146,15679,13553,13274,12238,7955.4,9687.8,8882.5,9482.1,8533.7,10196,6872,3819.6,6145.3,11161,10989,10587,10993,11502,10934,9466.2,10586,6816,12798,5801.3,14885,12743,9851.7,9852.9,10765,8009.3,6212.6,8326.4,9230.7,5122.8,6169.4,9138.4,9819.9,13304,11524,10792,10750,9896.2,10497,10107,9733.8,14818,12258,15431,14884,14111,13578,12024,9628.4,11197,10619,10772,9560.8,10540,6268.5,3868.6,7667.8,11206,10581,12151,11217,11113,10833,10129,10455,7023.4,12638,6000.3,14723,12796,9656.6,9610.5,10296,9358,6626.7,8450.6,9094.1,7330.2,5984.1,8801.8,9507.9,14086,12395,11168,12129,11162,12037,10298,9239,10949,9814.9,6360.9,8969.1,11118,9792.8,9594.8,7646.6,11373,10074,6463,9095.6,12077,10377,9576,7702.5
14161,11729,16161,15703,13590,13308,12241,7955.1,9675.3,8874.5,9470.5,8548.1,10219,6865.2,3811.5,6126.2,11155,10977,10597,11011,11518,10939,9478.5,10563,6808.9,12820,5836.9,14896,12683,9841.6,9857.9,10742,8013,6183.9,8292.7,9218.8,5106.7,6147.1,9127.4,9784,13360,11494,10774,10731,9930.2,10487,10099,9730.3,14798,12249,15451,14896,14084,13572,12022,9626.7,11198,10608,10832,9575.8,10522,6250.2,3863.5,7662.6,11212,10569,12125,11227,11129,10849,10114,10447,7023.7,12635,5987.1,14725,12772,9635.4,9606.2,10254,9376.1,6651.7,8387.1,9092.7,7382.3,5982.7,8800.2,9505.2,14136,12431,11156,12105,11195,12056,10256,9222.3,10905,9834.1,6414.6,8990.8,11189,9849.2,9591.7,7624.1,11372,10122,6544.6,9074.7,11979,10329,9579.8,7705.5
14165,11711,16172,15698,13589,13305,12238,7976.9,9750.6,8821.1,9462.6,8574,10205,6897.8,3802.9,6139.8,11167,10956,10602,11018,11516,10948,9465.3,10574,6779.9,12803,5854.5,14869,12693,9848.8,9849.6,10742,8030,6180.4,8315.2,9240.5,5143.3,6127.6,9116.8,9820.3,13324,11487,10806,10706,9849,10487,10052,9740.7,14805,12233,15437,14890,14075,13621,12023,9628.3,11242,10604,10831,9557.8,10545,6235.6,3853,7684.4,11224,10563,12135,11231,11123,10838,10114,10449,7016.1,12670,6025.5,14721,12724,9617.6,9605.1,10229,9352.9,6640.1,8381.5,9096,7385,5984.5,8811.9,9488.3,14099,12441,11184,12090,11130,12007,10286,9242.8,10906,9853.8,6310.7,8947.3,11184,9860.2,9595.6,7633.8,11337,10078,6478.3,9056.3,12105,10330,9560.5,7702
14178,11687,16160,15709,13576,13297,12246,7957.2,9722.5,8860.9,9474.8,8554.5,10219,6839,3805.2,6129.1,11193,10982,10603,11002,11471,10956,9453.3,10565,6808.8,12829,5872.4,14865,12723,9845.2,9862.3,10726,8031.8,6173.3,8323.3,9233.5,5086.8,6143.8,9089.9,9824.8,13295,11523,10805,10657,9861,10474,10016,9732.8,14804,12254,15444,14888,14048,13615,12035,9627,11222,10635,10820,9571.8,10554,6198.9,3848,7672.5,11235,10578,12142,11240,11134,10851,10143,10442,7017,12644,6097.5,14723,12731,9614.5,9613.2,10232,9375.5,6622.4,8432.2,9088.5,7328.7,5994.2,8829.1,9501,14008,12368,11151,12105,11176,12014,10304,9234.1,10949,9817.3,6299.6,8995.3,11049,9811.7,9608.9,7624.4,11369,10074,6485.8,9099.7,12044,10344,9584.9,7711.8
14166,11710,16156,15708,13601,13300,12243,7927.6,9686.3,8888.4,9477.4,8527.6,10201,6875.1,3803,6153.2,11177,10998,10607,11014,11497,10949,9453.7,10579,6794.1,12814,5891.4,14861,12701,9849,9860.2,10759,8010.9,6201.5,8280.8,9239.1,5094.4,6178.7,9131.7,9819.2,13335,11527,10804,10684,9927.1,10443,10023,9723.6,14807,12268,15429,14897,14071,13592,12029,9635.8,11174,10626,10834,9557.2,10526,6231.2,3845.4,7658.5,11233,10588,12153,11266,11150,10869,10120,10464,7033.7,12653,6047.1,14690,12737,9641.9,9614.7,10248,9407,6666.1,8386.4,9079.6,7336.2,5981.4,8842.7,9491.7,14088,12394,11140,12107,11115,12005,10311,9226.8,10941,9839.6,6293,8967.4,11152,9808.4,9583.5,7631.6,11342,10063,6426.4,9054,12090,10378,9591.5,7738.5
14169,11720,16159,15697,13640,13311,12235,7960.4,9718.8,8867.3,9432.3,8523.3,10207,6867.8,3794.5,6141.6,11167,10986,10627,11028,11481,10949,9453.3,10588,6819.7,12804,5877.9,14850,12731,9838.4,9865.9,10770,8032.7,6222.2,8309.4,9230.4,5121.9,6150,9134.1,9803.9,13354,11545,10811,10711,9929.1,10449,10072,9726.7,14806,12266,15435,14910,14068,13625,12034,9621.6,11156,10635,10799,9566.6,10525,6231.3,3870.2,7657.3,11206,10572,12154,11260,11134,10869,10122,10465,7024.5,12652,6097.9,14679,12759,9645.1,9609.6,10229,9390.6,6653.3,8392.5,9076.1,7370.6,5971.9,8806.4,9469.5,14043,12398,11180,12118,11111,12121,10301,9221.8,10962,9840.8,6410.3,8988.1,11150,9818.3,9609.8,7629.9,11361,10099,6412.3,9081.1,12168,10304,9554.9,7703.7
14161,11703,16152,15728,13624,13306,12233,7941,9738.7,8841.5,9452.1,8538.6,10211,6856.8,3799.7,6138.7,11169,10968,10629,10989,11480,10959,9453.6,10563,6779.9,12800,5824.4,14865,12737,9834.6,9869.9,10773,8028.3,6237.5,8276.5,9237.3,5141.3,6169.8,9147.3,9802.5,13289,11545,10798,10681,9845.2,10494,10102,9721.7,14816,12226,15441,14915,14035,13586,12029,9641.2,11195,10600,10789,9584.1,10556,6248.1,3847.2,7699.6,11231,10558,12131,11257,11162,10859,10101,10482,7053.2,12598,6117.5,14700,12747,9647.3,9602.6,10243,9366.3,6668.4,8428.8,9116.4,7359,5996.8,8813.3,9471.1,14040,12400,11181,12164,11115,12001,10353,9191.1,10925,9841.3,6363.9,8962.5,11314,9886.7,9641.2,7637.5,11327,10094,6438,9114.8,12148,10364,9594.3,7698.9
14174,11723,16141,15715,13584,13270,12243,7949.2,9780.7,8832.3,9496.8,8541.2,10210,6873,3811.4,6092.3,11158,10962,10589,11016,11502,10937,9441.9,10571,6813,12776,5881.3,14852,12715,9866.6,9868.5,10752,8033.3,6198.8,8262.4,9245.1,5149,6156.5,9103.1,9821.9,13278,11501,10846,10691,9954.7,10469,10113,9704.2,14818,12292,15440,14911,14072,13603,12033,9655.1,11220,10647,10799,9569.6,10560,6238.6,3837.7,7661.9,11232,10552,12117,11261,11169,10857,10106,10459,7062.6,12587,6058.8,14758,12766,9636.4,9614.6,10260,9391.1,6651.7,8441.7,9069.9,7336.1,6001.8,8792.7,9475.9,14045,12365,11185,12142,11214,12083,10318,9221.9,10951,9832.4,6396.2,8960.6,11141,9819.2,9605.4,7632.7,11405,10108,6483.1,9091.4,12086,10367,9597.7,7698.4
14169,11712,16138,15716,13595,13248,12245,7951.1,9717.6,8856.5,9457,8574.5,10205,6847.2,3784.8,6091.8,11170,10937,10592,10991,11500,10943,9437.7,10562,6853.3,12750,5899.1,14886,12727,9865.5,9851,10809,8032.7,6177.8,8311.6,9240.3,5146,6151.5,9120.7,9798.4,13300,11502,10791,10673,9955.9,10464,10114,9696.5,14830,12263,15442,14908,14098,13593,12021,9664.2,11255,10652,10830,9587.8,10586,6196.7,3832.5,7685.3,11227,10555,12140,11236,11179,10847,10091,10442,7067,12617,6092.7,14740,12788,9667.3,9596.4,10256,9402.8,6661.6,8388.9,9098.3,7326.9,5992.6,8826.8,9472.1,14040,12389,11156,12136,11112,12023,10343,9175.6,10927,9886.2,6373.5,8958.4,11074,9801.7,9647.4,7609.2,11329,10092,6455.8,9089.9,12148,10385,9606,7721.6
14175,11701,16128,15706,13615,13302,12238,7973.1,9705.2,8864,9479.6,8556.9,10217,6875.9,3798.3,6122.9,11172,10957,10606,11002,11510,10950,9451.9,10576,6873.1,12770,5829.8,14875,12709,9854.1,9861.1,10797,8032,6244,8304.1,9244.6,5064.5,6118.3,9145.8,9803.7,13375,11507,10840,10690,9960.9,10451,10025,9717,14808,12262,15431,14902,14052,13573,12034,9643.5,11252,10631,10771,9599.3,10552,6235.4,3825,7682.3,11224,10545,12130,11241,11156,10850,10102,10475,7048.1,12607,6068.8,14699,12756,9686.3,9608.1,10228,9415.2,6679.3,8454.8,9086.3,7375.4,5982.8,8812,9478,14036,12384,11151,12122,11187,12024,10253,9213.4,10969,9837.4,6433.6,8964.8,11144,9937,9613.8,7630,11374,10090,6477,9082.1,12149,10368,9592,7708.6
14179,11690,16152,15707,13626,13307,12233,7964.4,9670.9,8846.3,9515.5,8548.3,10233,6884.4,3799.9,6141.3,11166,10938,10628,10996,11512,10949,9427.5,10581,6909.8,12749,5888.1,14876,12704,9853.1,9848.8,10743,8046.7,6252.9,8289.6,9251.1,5090.7,6149.6,9114.4,9795.3,13254,11503,10778,10706,9892.5,10468,10038,9710.6,14811,12227,15436,14906,14071,13600,12009,9655.3,11171,10577,10843,9581.8,10563,6223.9,3856.4,7659.9,11225,10543,12085,11242,11157,10848,10084,10484,7039.3,12600,6043.6,14654,12738,9604.8,9613.8,10261,9421.9,6637.8,8383.2,9115.3,7350.8,6024.6,8812.7,9501.4,14044,12410,11175,12074,11178,12019,10352,9201,10949,9845.7,6338.5,8948.8,11080,9890.7,9629.7,7629.9,11346,10078,6469.9,9098.2,12025,10413,9613.3,7693.5
14168,11710,16142,15736,13635,13296,12243,7968,9725.6,8864.8,9482.7,8542.9,10206,6875.1,3796.4,6128.6,11143,10946,10598,11000,11496,10952,9449,10567,6868.7,12778,5863.8,14870,12704,9870.9,9872.9,10805,8034.5,6184.7,8258.4,9236.2,5151.6,6146.8,9117.6,9839.7,13308,11491,10818,10671,9838.1,10437,10137,9720.3,14806,12231,15424,14904,14042,13588,12009,9650.9,11186,10585,10839,9582.6,10563,6252.4,3853.8,7678.8,11212,10552,12075,11258,11150,10848,10068,10439,7081.8,12562,6071.7,14674,12746,9652.6,9597.8,10245,9389.8,6671.5,8426.4,9087,7352.8,6005.8,8793,9505.2,14000,12376,11191,12039,11097,11966,10390,9212.7,10945,9809.6,6263.8,8959.7,11205,9827.5,9612.4,7634.4,11301,10033,6489.7,9075.7,12094,10426,9614.8,7706.7
14175,11683,16143,15715,13689,13328,12243,7957.9,9713.6,8870.6,9492.5,8576.2,10239,6850.7,3798.2,6164.9,11179,10950,10600,10993,11531,10958,9460.4,10641,6854.2,12747,5842.3,14854,12719,9861.1,9862.8,10797,8046.6,6145.4,8302.2,9252,5096.5,6154.9,9131.9,9803.8,13290,11520,10775,10668,9849.8,10454,10120,9742.8,14799,12228,15412,14900,14088,13568,12013,9653.6,11168,10611,10825,9603.2,10575,6219.5,3857.1,7677.6,11217,10551,12063,11215,11147,10850,10078,10463,7052.1,12566,6150.9,14731,12765,9663.5,9618.3,10263,9418.3,6652.5,8411.2,9077.4,7359.3,5986.5,8780.3,9484.9,13974,12338,11161,12057,11144,12051,10405,9240.8,10964,9836.6,6304.7,8960.2,11153,9816.1,9613.9,7638.7,11422,10076,6504.8,9083.8,12155,10372,9610.4,7701.4
14177,11667,16171,15727,13618,13314,12246,7976.1,9668.3,8835.4,9473.9,8584.9,10230,6849,3811.7,6143.6,11168,10935,10540,11002,11525,10987,9465.8,10641,6861.9,12743,5862.1,14846,12698,9850.3,9856.4,10762,8053.5,6241.3,8298.4,9247.7,5122.4,6154.3,9096.3,9835.1,13235,11495,10773,10648,9930.2,10417,10106,9756,14811,12219,15414,14890,14025,13552,12020,9630,11266,10563,10820,9580.1,10567,6238.6,3838.1,7664.2,11218,10565,12081,11216,11145,10842,10111,10438,7101.4,12632,6047.6,14714,12724,9615.5,9583.8,10258,9395.2,6686,8396.5,9084.9,7370.1,5957.4,8807,9491.2,13958,12316,11168,12110,11165,11994,10295,9256.5,10908,9865.5,6316.7,8944.8,11201,9895.5,9628.6,7636.4,11352,10070,6514.5,9087.8,12053,10392,9584.8,7686.7
14203,11597,16170,15727,13673,13312,12255,7986.7,9662.5,8835.4,9493.6,8581.1,10232,6846.5,3827.1,6136.3,11164,10945,10556,10974,11492,10963,9440.4,10583,6866.4,12759,5848.7,14851,12680,9854,9836.9,10754,8064.5,6225.2,8281,9241.5,5135.6,6153.1,9110.2,9824,13279,11501,10769,10657,9915.7,10438,10116,9734.9,14823,12252,15412,14883,14100,13568,12017,9658.8,11179,10596,10843,9540.1,10566,6273.6,3857.4,7662.5,11221,10551,12059,11223,11118,10839,10085,10421,7095.6,12594,6017.4,14695,12722,9579.3,9568.4,10228,9410.2,6616.2,8428.5,9084.1,7383.7,5993.2,8816.9,9491.4,13971,12315,11134,12031,11190,12015,10313,9215.2,10992,9852.7,6328,8964.3,11285,9954.8,9635.2,7619.1,11385,10037,6542.5,9118,12050,10421,9607.4,7695.2
14179,11704,16161,15729,13666,13331,12244,7949.5,9709.8,8862.8,9503,8542.8,10239,6861.1,3800.5,6145.5,11176,10962,10597,10978,11471,10955,9451.3,10559,6861.5,12746,5926.3,14905,12739,9857.5,9852.4,10727,8079.7,6258.1,8246.2,9230.8,5159,6149.4,9121.5,9793,13305,11505,10744,10694,9878.6,10411,10021,9745.7,14809,12249,15427,14900,14107,13575,12018,9653.8,11203,10617,10847,9553.3,10561,6243.4,3852.5,7664.7,11233,10538,12064,11192,11117,10840,10074,10415,7105.4,12572,6067.2,14722,12757,9592.8,9576.7,10174,9415.6,6715.2,8421,9085.8,7336.7,6001.1,8778.4,9480.9,13995,12305,11124,12071,11119,11985,10335,9199.1,10969,9844,6321.9,8963.7,11174,9865.1,9653.3,7646.8,11399,10095,6491.9,9113.5,12132,10353,9602.1,7740.6
14199,11722,16172,15726,13671,13363,12246,7979,9720,8838.3,9516.9,8549.5,10231,6877.5,3797.9,6141.5,11171,10937,10586,10973,11543,10966,9465.3,10543,6874.4,12732,5879.8,14914,12712,9830.6,9863.6,10686,8047.4,6205.1,8264.1,9218.8,5139.2,6148.2,9104.1,9810.2,13298,11496,10733,10698,9947.9,10456,9995.3,9776.1,14794,12246,15410,14875,14100,13590,12012,9642,11276,10609,10849,9554.7,10546,6251.7,3864.9,7644.8,11235,10526,12054,11205,11126,10850,10085,10427,7086.1,12605,6127,14721,12697,9631.8,9587.3,10200,9426.5,6692,8429.3,9091.8,7362.1,6007.2,8802.6,9510.1,14032,12353,11098,12089,11130,11967,10268,9260.7,10934,9858,6346,8951.7,11176,9892.4,9637.4,7634.5,11398,10111,6483.4,9068.2,12108,10368,9628,7704
14201,11701,16161,15706,13665,13346,12238,7994.2,9728.3,8870.9,9519.8,8578.5,10250,6853.3,3790.9,6113.4,11158,10941,10564,10977,11492,10959,9446.5,10523,6849.3,12752,5826.1,14880,12707,9867.7,9864.7,10646,8051.8,6201.5,8281.3,9202.4,5116.1,6152.8,9117.8,9802.4,13262,11481,10772,10722,9904.2,10461,9986.7,9751.6,14793,12224,15408,14868,14109,13619,12010,9669,11230,10584,10812,9539.2,10559,6252.1,3887.5,7635.2,11210,10528,12043,11185,11101,10821,10059,10402,7084.5,12599,6071.6,14745,12765,9608.5,9601.7,10157,9421.3,6643.2,8516.2,9092.4,7389.6,6010,8798.4,9501,14023,12338,11146,12083,11114,11979,10278,9242.3,10959,9878.4,6359.3,8994.7,11274,9879.8,9634.4,7648.3,11410,10102,6489.5,9105.5,12135,10433,9635.9,7707.1
14163,11673,16172,15686,13648,13292,12242,7994.7,9755,8838.2,9497.9,8576.5,10242,6893.5,3797.7,6136.5,11180,10968,10550,10966,11499,10953,9459.4,10503,6851.3,12712,5870.8,14891,12704,9835.2,9866.4,10703,8084.2,6197.2,8369.6,9204.2,5147.6,6180.8,9068.8,9810,13276,11491,10754,10698,9911.7,10481,10021,9746.9,14793,12224,15413,14865,14063,13586,12008,9654.8,11252,10590,10863,9577.4,10575,6273.2,3829.8,7654.7,11269,10561,12060,11175,11094,10827,10067,10409,7102.3,12580,6041.7,14727,12758,9617.8,9589.7,10160,9396.6,6625.6,8396.1,9078.1,7413.1,5976.4,8786.3,9496.9,14005,12363,11144,12103,11130,11932,10282,9250.2,10963,9806.2,6435.5,8937.3,11210,9850.1,9647.3,7639,11392,10055,6513.1,9071.3,12089,10362,9584.7,7709.6
14179,11675,16174,15670,13621,13331,12258,7986.7,9702.4,8841.4,9552.9,8588.2,10190,6877.8,3772.5,6118.2,11178,10972,10541,10945,11502,10946,9478.1,10484,6880.6,12767,5890.4,14882,12717,9828.1,9880.5,10610,8071.9,6182.6,8279,9210.4,5165.7,6163.6,9092,9796.4,13312,11488,10727,10727,9942.8,10475,9892.8,9724.5,14792,12236,15412,14856,14094,13571,11997,9652.3,11306,10573,10909,9577.2,10551,6238.4,3853.5,7644.5,11249,10567,12035,11179,11070,10812,10072,10417,7115.4,12568,6141.8,14740,12757,9623.6,9581.7,10132,9413.7,6650.3,8445.2,9078.8,7352.5,5973.7,8820.8,9519.4,13983,12337,11153,12135,11111,12043,10236,9208.8,11021,9867.2,6365,8961.3,11123,9839.8,9574.8,7622.4,11383,10085,6484.5,9092.8,12193,10362,9612.7,7705.9
14189,11651,16164,15645,13614,13281,12252,7992.3,9668.5,8878.9,9522.6,8582.5,10197,6895.1,3756.5,6145.9,11208,10965,10528,10956,11475,10961,9506.9,10494,6895.3,12756,5891.8,14904,12675,9841,9851.1,10646,8028.2,6179.1,8305.2,9210.5,5103.7,6166.4,9123.6,9811.4,13246,11481,10754,10697,9885,10517,9938.1,9759.3,14781,12186,15409,14827,14089,13599,12039,9632.4,11240,10588,10859,9568.7,10560,6224.6,3816.8,7635.9,11267,10582,12080,11168,11031,10830,10099,10399,7154.1,12628,6118.7,14728,12709,9626.7,9594.5,10144,9383.1,6627.2,8426,9073.4,7295.6,5950.7,8808.8,9486,13951,12373,11132,12075,11144,11938,10251,9266.9,11019,9855.7,6369.7,8942.3,11113,9841.6,9585.4,7645.1,11346,10073,6394.7,9096.3,12237,10358,9635.1,7708.2
14185,11691,16187,15652,13594,13271,12258,7996.3,9666.7,8826.4,9541.9,8577,10208,6944.6,3785.1,6133.4,11210,10989,10528,10959,11463,10941,9491.1,10493,6882.8,12783,5902.3,14898,12731,9823.6,9852.3,10697,8056.9,6229.9,8287.2,9229.5,5128.9,6133.5,9116.3,9841.3,13249,11493,10757,10652,9902,10516,10086,9768.2,14789,12223,15391,14845,14077,13573,12029,9643.2,11213,10571,10825,9554.6,10564,6247.8,3819.9,7641,11270,10564,12049,11176,11043,10814,10111,10397,7075.1,12602,6123.9,14743,12746,9577.8,9573.5,10145,9405.6,6622.5,8407.9,9081,7303.3,5956.1,8800.5,9507.7,13963,12404,11180,12146,11157,11961,10251,9263.6,11042,9845.9,6271.1,8952.9,11150,9877.9,9599.7,7643.5,11388,10091,6422.6,9079.2,12220,10353,9571.1,7710.7
14176,11718,16191,15660,13582,13256,12262,7986.1,9718.6,8850.9,9505.8,8568.7,10222,6887.9,3821.5,6124.4,11201,10996,10530,10961,11493,10947,9498.2,10518,6882.6,12775,5881.6,14899,12704,9803.1,9845.1,10738,8045.7,6188.9,8245.3,9241.5,5155.2,6138,9097.8,9852.2,13271,11507,10792,10657,9911.3,10403,10175,9765.4,14775,12211,15408,14830,14088,13561,12036,9636,11195,10592,10816,9569.5,10557,6274.3,3862.8,7633.4,11275,10565,12090,11182,11048,10799,10103,10441,7068.9,12600,6057,14763,12773,9611.6,9561.9,10157,9385.5,6664.7,8379.5,9085.2,7343.7,5945.7,8833.3,9492.9,13989,12346,11121,12079,11115,12018,10289,9256.9,11008,9873.4,6238.3,8957.9,11245,9895.2,9593.4,7633.3,11406,10085,6464.6,9089,12040,10384,9614.4,7720.3
14183,11698,16163,15638,13566,13260,12269,7970.2,9663.7,8910.9,9481.9,8591.2,10194,6874.6,3793.2,6123.9,11201,10969,10537,10969,11473,10947,9499.3,10513,6884.5,12842,5884.6,14904,12721,9829.3,9837.4,10757,8026.2,6191.1,8300.6,9235.8,5101.2,6176,9150.7,9833.6,13249,11493,10784,10707,9861,10501,10013,9767.5,14766,12238,15419,14817,14046,13564,12038,9619.5,11233,10609,10799,9581.3,10568,6265.2,3835.3,7647.6,11276,10576,12107,11175,11022,10817,10121,10465,7101,12655,6127.7,14741,12730,9585.8,9577.7,10243,9342.7,6668.6,8389.3,9094.1,7352.8,5963.3,8824.3,9501,13942,12375,11157,12110,11148,12029,10299,9266.8,11039,9866.6,6382.4,8927.2,11151,9816.2,9604.7,7648.5,11414,10090,6447.6,9107,12184,10363,9604.9,7702.7
14171,11692,16164,15620,13528,13232,12251,7968.2,9712.9,8881.3,9527.3,8584.7,10188,6892.8,3799,6097.3,11206,10967,10520,10934,11450,10929,9503.1,10485,6855.5,12798,5889.8,14908,12750,9790.9,9860.4,10739,8046.7,6206.6,8319,9232.2,5120.8,6176.3,9155.3,9820.7,13299,11522,10781,10710,9928.9,10514,10022,9768.1,14765,12219,15420,14816,14058,13585,12022,9642.3,11209,10638,10852,9553.4,10574,6286,3844.5,7638.8,11270,10587,12077,11185,11038,10810,10105,10395,7091.2,12597,6078.9,14739,12745,9597.4,9565.7,10192,9362.2,6690.5,8371.3,9077.5,7368.8,5979.8,8833.5,9489.5,13971,12365,11194,12230,11172,11966,10289,9235.9,11065,9888,6221,8936.2,11188,9892.4,9579.3,7643.8,11387,10099,6451.5,9091.7,12272,10435,9582.3,7729
14171,11676,16172,15652,13483,13195,12264,7993.9,9745.5,8868.1,9512.6,8565.1,10185,6875.2,3765.3,6102.2,11212,10981,10504,10934,11424,10930,9481.9,10514,6902.8,12791,5895.8,14864,12737,9817.1,9847.3,10767,8032.2,6170,8304.5,9248.5,5121.2,6147.5,9144.3,9837,13292,11496,10815,10668,9911.1,10511,10073,9769.2,14764,12240,15437,14846,14008,13551,12031,9649.4,11276,10622,10851,9585.7,10564,6239.7,3832.9,7664,11267,10578,12094,11174,11033,10824,10126,10410,7112,12601,6104.9,14731,12773,9599.8,9571.1,10236,9364.6,6633.4,8358.1,9105.3,7391.3,5971.2,8830.3,9481.1,13966,12360,11161,12162,11170,12039,10322,9223.8,10983,9859.4,6348.6,8933,11291,9855.2,9590.5,7627.4,11445,10118,6382.9,9072.7,12174,10347,9633.2,7735.9
14165,11698,16181,15640,13497,13205,12264,7983.5,9687.2,8902.3,9530.3,8571.2,10146,6917.7,3766.4,6096,11215,10950,10509,10938,11454,10940,9487.9,10572,6930.1,12795,5888.1,14890,12710,9815.2,9846.4,10799,7994.5,6217,8263,9262.9,5146.3,6170.3,9111.9,9830.2,13251,11497,10810,10731,9912.5,10494,10021,9769.1,14748,12229,15419,14832,14003,13572,12024,9653.9,11207,10620,10807,9552.8,10553,6219.6,3828.9,7675.3,11262,10607,12094,11185,11028,10823,10139,10489,7109.8,12622,6029.3,14718,12740,9611.4,9564.6,10270,9357.9,6569,8380.6,9088.9,7403.6,5996.6,8853.6,9480.5,13995,12333,11200,12138,11153,12042,10340,9249.6,11004,9878.8,6267.7,8944.8,11277,9836.5,9598.6,7612.5,11411,10093,6405.4,9077.8,12230,10365,9603,7706.9
14179,11670,16161,15655,13466,13187,12253,7949.6,9703.6,8892.3,9516.2,8552,10153,6926.8,3773.6,6091.6,11210,10951,10499,10923,11423,10933,9483.1,10565,6886.8,12774,5859.9,14876,12719,9820.7,9848.4,10794,7996.1,6175.9,8311.9,9260.6,5114.3,6138.2,9131.5,9829.6,13221,11498,10772,10683,9834.1,10468,10114,9739.9,14755,12223,15407,14836,13975,13559,12026,9645.6,11267,10570,10824,9555.9,10568,6211.8,3814.2,7654.8,11267,10619,12089,11172,10998,10820,10123,10474,7077.5,12628,6063.9,14702,12705,9567.9,9567.2,10261,9342,6667.9,8457.6,9102.2,7385.8,5967.8,8837.1,9459.6,14020,12369,11142,12069,11107,11978,10337,9213.9,11007,9888.3,6404,8938.6,11138,9825.5,9612.9,7622,11390,10087,6492.2,9041.8,12276,10400,9594,7691.5
14167,11665,16143,15659,13501,13203,12267,7984.6,9735.8,8887.9,9515.3,8572.8,10172,6872.7,3796.5,6103.9,11222,10939,10497,10927,11436,10938,9490.7,10579,6903.1,12752,5864.7,14845,12726,9829,9845.6,10843,8011.7,6181.3,8275.5,9236,5090.5,6154.9,9134.1,9848.9,13258,11510,10808,10695,9884.4,10524,10110,9758.8,14738,12238,15395,14822,13927,13519,12027,9629.3,11241,10620,10840,9557.3,10556,6216.5,3842.8,7672.1,11276,10578,12088,11166,11007,10821,10140,10487,7073.3,12648,6093.9,14642,12700,9582.5,9547.9,10303,9383.9,6643.1,8381,9103,7317.3,5997.2,8838,9477.2,13983,12345,11211,12135,11053,11967,10319,9256.5,10977,9897.1,6383.2,8959.2,11176,9851.4,9633.4,7628.5,11398,10077,6492.3,9096.2,12141,10432,9635.7,7691.2
14160,11668,16148,15664,13492,13222,12281,7974.7,9749.5,8912.6,9503.4,8540.3,10207,6857.6,3774.1,6106.8,11214,10944,10509,10949,11424,10935,9494.6,10608,6846.4,12796,5854.4,14847,12718,9803.1,9848.6,10871,7989.6,6167.7,8338.5,9282.2,5104.5,6150.5,9118.3,9829.7,13292,11503,10844,10745,9847.5,10502,10024,9779.6,14736,12244,15376,14818,13997,13513,12045,9647.5,11274,10612,10823,9554.1,10592,6244.8,3814.7,7663.5,11262,10612,12100,11190,11015,10835,10149,10507,7078.1,12684,6079.5,14687,12724,9579.6,9560.1,10349,9340.8,6626,8433.5,9113.6,7418.5,6011.5,8858.3,9485.7,13976,12366,11197,12046,11180,12041,10386,9256.6,10995,9841.9,6333.7,8913.7,11230,9909.5,9624,7629.1,11400,10074,6522,9098.4,12138,10404,9635.3,7713.6
14158,11651,16133,15662,13509,13183,12266,7963,9691.1,8912.1,9481.8,8545,10203,6866.9,3801,6122.6,11215,10948,10536,10966,11430,10922,9486.2,10668,6855.2,12803,5903.2,14836,12680,9832.8,9849.5,10883,7988.1,6206.7,8274.2,9276.3,5166.4,6138.9,9113.3,9823.3,13269,11518,10822,10705,9910.7,10449,10103,9766.9,14737,12231,15379,14821,13982,13535,12032,9620.1,11234,10656,10797,9540.6,10583,6279.3,3825.9,7627.4,11273,10610,12086,11193,11000,10821,10142,10487,7063.8,12657,6068.8,14697,12744,9594.9,9570.1,10342,9347.8,6669.1,8354.6,9103.4,7405,6014.5,8856.8,9483.1,13935,12356,11178,12184,11153,11969,10352,9256,10963,9869.1,6303.1,8926.5,11258,9829.5,9620.1,7617,11399,10083,6444.6,9080,12129,10442,9613.4,7691.5
14118,11674,16134,15656,13525,13267,12268,7953,9685.4,8893.8,9454.9,8531.4,10185,6809.7,3792.9,6125.5,11212,10940,10559,10965,11454,10930,9496.9,10661,6895.2,12814,5865.7,14807,12720,9822.4,9849.4,10888,8002.8,6236.1,8299.6,9255.8,5109.8,6143.2,9108.5,9838.8,13262,11494,10831,10699,9882.2,10463,10115,9783.5,14707,12211,15387,14816,13986,13536,12056,9646,11245,10598,10805,9545.8,10595,6212.8,3838.8,7653.8,11274,10590,12073,11168,11024,10815,10103,10499,7126.2,12651,6090.9,14608,12712,9616.9,9566.3,10346,9356,6677.3,8363.3,9107.8,7324.4,5958,8841.1,9497.2,13949,12376,11200,12136,11211,12048,10359,9286.8,10948,9864.6,6276.9,8919.6,11126,9865.7,9627.7,7647.2,11382,10091,6517.9,9079.6,12207,10387,9616.7,7700.7
14152,11681,16154,15696,13518,13247,12282,7962.1,9692.4,8872.4,9461.9,8543.7,10217,6863.1,3776.2,6116.8,11208,10958,10569,10992,11431,10947,9486,10655,6839.5,12819,5860,14819,12705,9832.4,9833.4,10871,7944.9,6236.8,8290,9261.4,5128.7,6164.3,9097.5,9841.3,13238,11521,10823,10642,9919.1,10473,10069,9781.3,14732,12218,15389,14851,14012,13527,12042,9640.3,11245,10597,10781,9539.2,10569,6233,3848.2,7636.4,11254,10597,12074,11184,11019,10818,10114,10505,7070.3,12635,6108,14643,12718,9564.3,9549.5,10351,9356.1,6650.2,8359.4,9114.3,7327.3,5943.7,8831,9501.6,13912,12351,11171,12198,11187,12011,10396,9268.4,10944,9835.6,6304.5,8940,11160,9936.4,9577,7634.2,11353,10068,6524.7,9099,12148,10404,9628.8,7709.7
14145,11664,16154,15708,13571,13273,12278,7952.6,9670.2,8879.6,9482.8,8542.9,10218,6855.8,3771.3,6120.4,11217,10950,10573,10989,11457,10945,9476,10663,6835.7,12844,5882.9,14816,12674,9829.8,9857,10852,8000,6185.3,8293.5,9231.3,5121.8,6155.3,9092.4,9835.8,13297,11515,10828,10718,9903.5,10489,10041,9776.6,14723,12227,15378,14825,13991,13557,12044,9612.7,11255,10622,10791,9511.9,10562,6202.9,3819.9,7638.8,11268,10604,12086,11170,11038,10807,10111,10537,7088.9,12657,6081.2,14615,12724,9561.8,9549.3,10330,9330.5,6631.8,8380.7,9108.7,7354.7,5970.5,8799.8,9498.6,13908,12321,11178,12163,11184,11997,10404,9287.3,10997,9850.2,6305.1,8960.5,11184,9936.8,9639.1,7625.6,11390,10074,6524.2,9040,11997,10386,9597,7704.1
14128,11696,16146,15711,13594,13257,12267,7972.1,9701.7,8893.9,9462,8535,10242,6841.8,3799.8,6104.6,11208,10944,10590,10995,11495,10945,9479.8,10630,6835.4,12819,5858.8,14809,12699,9798.7,9832.8,10835,8029.4,6154.4,8272.1,9255.5,5109.4,6171.1,9108,9825.2,13322,11490,10809,10656,9871.8,10486,10095,9769.1,14725,12228,15392,14853,13969,13549,12061,9627.3,11213,10582,10786,9527.2,10569,6152.5,3824.7,7660.7,11254,10587,12096,11197,11064,10794,10088,10496,7071.5,12651,6125.4,14633,12685,9582.5,9537.5,10336,9339.9,6641.2,8408,9140.5,7371.1,5955.6,8811.6,9504,13954,12368,11190,12104,11141,12060,10436,9277,10926,9819.7,6324.3,8943.1,11174,9830.6,9607.4,7647.9,11331,10027,6492.4,9068.6,12024,10373,9600.1,7731.9
14126,11688,16144,15735,13606,13296,12274,7989.4,9678.9,8852.4,9454.5,8536.3,10252,6849.5,3776.2,6143.2,11217,10965,10636,11003,11474,10934,9481.1,10647,6811.4,12804,5893.6,14819,12675,9822.7,9829.5,10837,7996.2,6209.6,8293.9,9255.6,5147,6180.6,9122.8,9840.5,13255,11527,10806,10650,9948.4,10465,10124,9792.7,14736,12270,15406,14851,14003,13527,12055,9619.1,11215,10635,10828,9531.5,10547,6177.7,3826.2,7645.2,11273,10575,12112,11168,11053,10802,10091,10503,7089.4,12648,6063.4,14640,12672,9604.8,9562,10338,9351.5,6679.5,8419.5,9126.4,7374.2,6007.3,8784.5,9485.6,13980,12346,11178,12140,11205,12061,10411,9291.3,10939,9817.1,6333.5,8980.6,11196,9847.8,9610.5,7642,11352,10073,6459.8,9083.7,12002,10390,9591.7,7719.3
14142,11696,16163,15726,13604,13282,12276,7979.2,9726.6,8844.5,9399.9,8555.3,10238,6887.2,3760.7,6104.2,11215,10966,10606,11009,11521,10948,9482.2,10678,6813.1,12799,5894.2,14824,12677,9818.7,9849.1,10885,8026.5,6172.6,8335.9,9256.5,5111.6,6162.5,9092.7,9827.6,13323,11526,10813,10737,9987.7,10497,10086,9814.3,14737,12260,15396,14852,14035,13540,12050,9603.2,11198,10601,10807,9549.1,10545,6264,3821.8,7618.3,11249,10562,12122,11185,11081,10823,10091,10552,7134.3,12659,6081.1,14668,12709,9599.5,9558.7,10336,9371.4,6611.5,8422.2,9128.2,7330.8,5962.6,8784.5,9499.5,14035,12360,11173,12047,11194,12050,10343,9280.9,10946,9851,6375.7,8949.3,11157,9886.2,9591.7,7648.8,11367,10049,6489.7,9098.8,12097,10374,9616.1,7718.3
14140,11719,16161,15721,13618,13290,12276,7953.3,9701.5,8868.6,9468.4,8558.7,10218,6872.6,3776.6,6103,11203,10941,10615,11020,11500,10941,9476.9,10673,6790.1,12788,5843.8,14826,12701,9825,9842.7,10826,8013.3,6172.6,8326.4,9242.9,5112.1,6150.2,9113.3,9810.6,13323,11539,10793,10704,9924,10473,10096,9795.3,14740,12239,15406,14862,14026,13548,12062,9610.4,11178,10649,10775,9517.4,10528,6240.6,3816.5,7619.8,11247,10540,12118,11196,11099,10806,10072,10531,7111,12627,6070.4,14665,12716,9596.6,9569.7,10319,9396.3,6628.3,8394.2,9113.2,7333,5999.5,8796.2,9506.9,13979,12349,11237,12094,11155,12091,10386,9268.4,10929,9812.9,6295.6,8983.2,11163,9866.7,9599.4,7631.1,11371,10072,6433.8,9087.4,12203,10329,9610.9,7725.2
14139,11711,16166,15714,13563,13304,12265,7964.7,9719.4,8889.9,9475.8,8540,10212,6906.6,3790,6119.5,11196,10955,10612,11008,11505,10954,9476.6,10663,6823.4,12799,5873.9,14835,12711,9809.5,9833.1,10818,8016.3,6191.6,8292.7,9257.4,5128.4,6177.5,9133.1,9809.1,13277,11477,10783,10738,9918.1,10503,10067,9807.1,14741,12260,15397,14844,14061,13551,12038,9620,11224,10614,10794,9514.8,10537,6204.9,3817.3,7642.7,11250,10513,12102,11181,11072,10817,10083,10524,7072.2,12627,6185.2,14653,12715,9580.6,9561.5,10297,9385,6628.2,8408.8,9110.1,7385.6,5965.4,8790.8,9510.6,13983,12354,11164,12136,11226,12028,10338,9273.7,10973,9834,6308.6,8984.3,11099,9841.5,9630.6,7637.1,11350,10057,6381.7,9078.9,11997,10294,9609.6,7724.4
14138,11700,16180,15706,13605,13292,12271,7972.9,9731,8881,9445.2,8559.9,10219,6877.3,3802.1,6156.5,11211,10955,10613,11004,11499,10952,9484.8,10669,6821.2,12792,5844.2,14869,12712,9845.9,9836.7,10844,8033.8,6183.5,8337.3,9249.1,5115.2,6164.2,9097.7,9823.5,13237,11502,10799,10681,9917.1,10509,10140,9768.4,14746,12255,15405,14864,14045,13564,12045,9639.5,11279,10608,10804,9543.6,10544,6239.3,3837.1,7651.7,11260,10542,12113,11205,11087,10812,10088,10539,7133,12642,6146.4,14696,12709,9594.6,9578.3,10275,9382.5,6639.7,8432.9,9142.8,7359.7,5969.9,8775.7,9506,14022,12375,11189,12103,11173,12103,10382,9249.7,10882,9806.9,6234.1,8989.1,11013,9866.4,9616.9,7634.8,11327,10110,6444.9,9079.4,11976,10390,9644.7,7720.8
14143,11717,16183,15732,13609,13320,12277,7975.6,9726.4,8888.9,9462.6,8552.1,10223,6877.7,3788.6,6131.4,11200,10955,10616,11049,11513,10967,9497.9,10691,6810.5,12814,5872.7,14854,12729,9841,9821.5,10810,8052.2,6190.6,8273.6,9255.1,5139.6,6164.2,9138.6,9821,13299,11527,10782,10626,9901.8,10507,10101,9801.7,14748,12269,15397,14875,14029,13602,12043,9642.1,11214,10617,10790,9523.2,10549,6195.1,3825.3,7639.8,11233,10552,12106,11219,11084,10826,10096,10528,7084.4,12620,6074.6,14702,12709,9591.7,9564.6,10275,9411.6,6657.2,8409.3,9127.3,7385.2,5973.4,8827,9515.9,14028,12370,11199,12145,11120,12054,10357,9267.4,10957,9846.3,6311.8,8977.6,11158,9871.9,9609.2,7647,11320,10046,6520,9083.6,12047,10375,9604.1,7702.2
14163,11706,16200,15759,13599,13296,12280,7963.6,9718.9,8887.1,9496.3,8560,10214,6821.8,3800.8,6115.1,11184,10985,10623,11002,11537,10979,9482.6,10658,6808.3,12801,5846.4,14826,12701,9841.9,9832.1,10758,8048.6,6209.4,8305.7,9246.2,5104.6,6163.7,9129.6,9798.3,13236,11484,10830,10710,9913.7,10462,10132,9759.3,14753,12246,15404,14862,14058,13605,12047,9651.6,11196,10624,10777,9521,10541,6229.6,3825.6,7628.4,11254,10533,12113,11189,11088,10815,10087,10517,7063.6,12592,6165.5,14692,12697,9586.8,9564.6,10251,9357.3,6670,8459.3,9090.2,7357.1,5972.4,8827.2,9496.2,13958,12355,11146,12134,11147,12020,10355,9228.9,10880,9854,6368.3,8984,11090,9856.2,9619.7,7657.3,11389,10061,6544.6,9083.6,12184,10374,9633.7,7714.9
14158,11683,16185,15737,13615,13291,12269,7972.9,9693,8888.4,9495.2,8569.9,10235,6828.9,3796.8,6116.5,11191,10945,10620,10998,11536,10975,9493.8,10620,6839.4,12766,5848.8,14840,12697,9833.6,9833.8,10745,8042.2,6171,8259,9244.6,5092,6164.8,9132.3,9782.8,13217,11517,10837,10713,9907,10495,10108,9762.1,14760,12266,15422,14874,14024,13549,12040,9636.8,11203,10643,10855,9542.2,10557,6203.4,3843.4,7639.3,11251,10540,12092,11183,11092,10813,10078,10494,7074.2,12597,6176.4,14673,12740,9597.8,9559.9,10257,9417.4,6668.8,8450.6,9102.3,7371.6,5955.9,8788.6,9503,13933,12378,11185,12102,11217,12128,10374,9232.7,10916,9874.8,6335.4,8942.8,11109,9938.4,9626.5,7642.1,11318,10040,6443.8,9082.7,12178,10350,9640.2,7721.2
14166,11719,16153,15732,13627,13297,12252,7987.8,9715.9,8866.1,9483.6,8553.5,10198,6879.3,3802.2,6146.1,11194,10958,10605,10989,11511,10971,9489.5,10587,6842.1,12815,5860.9,14859,12669,9840.7,9824,10744,8036,6227.9,8289.5,9250.6,5144.8,6146.2,9095.2,9815.6,13295,11501,10802,10711,9900.9,10489,10075,9759.3,14765,12260,15416,14896,14102,13573,12017,9641.5,11216,10634,10826,9556.5,10551,6246,3858.8,7643,11229,10541,12091,11199,11090,10831,10096,10443,7077.7,12647,6173.1,14703,12702,9596,9553.9,10227,9391.1,6646.4,8512.8,9111.9,7428.9,5990,8817.2,9493.8,14009,12374,11220,12177,11213,12070,10242,9218.4,10979,9831.6,6291.2,8965.8,11118,9842.9,9673.9,7621.4,11415,10053,6491.5,9116.1,12113,10363,9640.4,7709.9
14162,11704,16166,15718,13621,13265,12248,7981.6,9710.6,8882.4,9478,8556.7,10206,6888.6,3802,6128.8,11201,10964,10582,10984,11516,10960,9483.6,10574,6847.7,12823,5909.4,14840,12709,9840.5,9830.2,10703,8065.6,6237.5,8265.9,9242.2,5220.3,6146.1,9139.8,9803.4,13273,11508,10809,10699,9925.1,10452,10022,9755.7,14769,12284,15418,14890,14060,13574,12037,9670.2,11253,10605,10814,9558.3,10550,6227.9,3842.3,7639.4,11258,10539,12090,11176,11106,10821,10095,10460,7145.7,12628,6136.7,14685,12729,9625.8,9541.9,10210,9446,6631.6,8472.9,9118.3,7384.2,5983.7,8819.4,9490.1,14083,12376,11214,12103,11210,12036,10315,9224,10928,9856.5,6354.6,8967.4,11177,9860.3,9632.7,7616.1,11317,10039,6451.2,9090.6,12097,10323,9655.3,7717.3
14149,11709,16177,15708,13584,13297,12261,7985,9710.9,8915.1,9436.4,8552.8,10213,6893.6,3806.8,6120.2,11204,10945,10567,10992,11519,10962,9469.1,10536,6852.6,12770,5873.7,14867,12696,9837.3,9806.8,10700,8039.6,6207.7,8301.2,9223.6,5095.7,6142.2,9108.2,9790.5,13309,11520,10826,10699,9971.7,10480,10099,9760.7,14761,12262,15415,14865,14087,13585,12045,9657.3,11258,10653,10843,9576,10561,6151,3852.5,7623.9,11274,10532,12074,11187,11098,10821,10087,10443,7156.1,12631,6177.6,14696,12766,9601.4,9528.4,10187,9432.4,6729.9,8391,9101.9,7384.2,5972.2,8813.3,9479.5,14039,12375,11206,12099,11224,12080,10298,9248.8,10938,9859.7,6371.2,8923.4,11094,9864.3,9663.1,7631.4,11351,10090,6461.3,9068.1,12126,10373,9650.5,7745.8
14164,11704,16166,15687,13593,13281,12274,7976.3,9732,8886.8,9510.2,8547.8,10211,6864.1,3773.4,6126.7,11206,10971,10543,10973,11486,10967,9470.3,10540,6871.7,12788,5856.2,14856,12714,9806.9,9808.2,10701,8045.1,6169.4,8281.6,9236.9,5086.6,6155.3,9129.6,9797.4,13227,11519,10833,10700,9902.8,10482,10067,9745.4,14765,12247,15412,14866,14045,13597,12041,9633.3,11257,10630,10888,9580.5,10579,6214.7,3853.5,7641.1,11257,10544,12082,11194,11084,10828,10096,10450,7172.8,12589,6155.2,14675,12716,9609.5,9546.4,10221,9380.4,6705.7,8466.2,9080.1,7410.8,5999.2,8823.7,9479.4,14017,12359,11201,12137,11186,12063,10334,9223.1,10994,9821,6378.4,8977.1,11180,9874.8,9653.9,7642.1,11392,10070,6503.7,9097.9,12006,10378,9656.8,7727.5
14164,11701,16159,15706,13587,13255,12282,7984.4,9764,8896.5,9491.8,8563.8,10234,6835.9,3793.8,6151.4,11199,10956,10547,10995,11518,10965,9475,10535,6873.8,12782,5888.6,14855,12719,9810.8,9801.1,10726,8070.2,6175.8,8264.7,9229.8,5126.7,6173.2,9140.7,9804,13271,11532,10845,10704,9954.2,10467,10035,9764.7,14772,12256,15414,14885,14129,13586,12039,9639.6,11239,10650,10815,9567.2,10547,6232.4,3866.4,7640.9,11254,10544,12126,11200,11098,10833,10112,10496,7180.6,12635,6035.4,14701,12748,9579.2,9555,10201,9433.7,6670.7,8471.2,9106.6,7349.2,5967.8,8809.5,9501,14043,12421,11216,12085,11195,12050,10300,9231.6,11019,9850.9,6281.6,8988.2,11182,9877.3,9671.7,7634.4,11401,10053,6501.1,9108,12145,10411,9647.4,7723.7
14177,11724,16174,15713,13598,13270,12269,8000.1,9710.2,8923.7,9469.9,8573.6,10209,6883.6,3801.6,6125.5,11195,10955,10538,10988,11494,10958,9480,10516,6872.6,12779,5912.1,14872,12685,9836.2,9793.9,10686,8054.2,6217.2,8300.8,9213.3,5176.1,6178.3,9106.5,9802.8,13238,11520,10819,10720,9908,10518,10039,9764.3,14783,12236,15430,14863,14075,13585,12022,9648.6,11247,10630,10810,9553.6,10568,6205.7,3826,7665.6,11261,10543,12080,11188,11085,10825,10121,10485,7149.4,12640,6133.2,14664,12726,9637.6,9532.8,10196,9411.9,6701,8416,9077.2,7418.1,5987.6,8791.3,9492.6,14041,12358,11155,12116,11108,12054,10232,9271.9,10996,9847.5,6301.5,8955.5,11194,9842.8,9669.7,7638.5,11391,10103,6515.9,9078.2,12046,10418,9656.6,7700.5
14157,11698,16181,15710,13616,13284,12258,7987.2,9725.7,8890.5,9478.4,8567.6,10194,6868.1,3765.4,6126.2,11202,10962,10557,10963,11490,10947,9472.1,10549,6831.8,12779,5930.6,14864,12715,9846.3,9789.7,10710,8035.9,6195.5,8317.8,9227.3,5147.8,6156.1,9134.4,9795,13247,11498,10810,10668,9912.4,10422,9974.8,9745,14766,12247,15428,14874,14071,13560,12037,9650.3,11206,10644,10778,9560.1,10590,6213.9,3824.9,7640.9,11254,10534,12060,11190,11107,10818,10113,10479,7122.8,12582,6146.8,14679,12757,9638,9514.9,10150,9412.1,6701.3,8431.3,9102.7,7437.1,5999,8824.2,9492.8,14007,12358,11188,12066,11142,12119,10285,9227.6,10987,9872.8,6354.6,8965.2,11106,9825.5,9652.8,7640.9,11345,10109,6505.4,9110.5,12050,10340,9660.4,7717
14169,11693,16179,15696,13586,13249,12249,8001.7,9758.9,8906.6,9477.8,8587.9,10214,6847.8,3818,6115.7,11180,10955,10525,10987,11485,10956,9473.6,10548,6873.5,12765,5864.7,14855,12683,9852.3,9796.9,10728,8030.9,6220,8299.1,9240.7,5158.3,6177.7,9127.6,9816.7,13191,11484,10802,10646,9929.3,10487,10008,9764.4,14784,12259,15436,14873,14057,13570,12036,9645.6,11230,10637,10800,9598.6,10563,6303.7,3851.8,7644.9,11259,10538,12091,11187,11097,10830,10114,10461,7164.2,12626,6181.7,14703,12782,9590.1,9531.4,10180,9409.9,6685.8,8457.4,9091.9,7381.8,5961.8,8815.2,9505.9,13942,12360,11154,12122,11156,12043,10286,9245.1,10980,9881.9,6353.8,8948.1,11145,9871.7,9640.8,7629.5,11380,10050,6432.7,9089.5,12214,10399,9664.2,7719
14166,11674,16176,15717,13587,13230,12249,7974,9721.9,8876.6,9513.8,8545.9,10207,6858.9,3789.6,6143.4,11191,10960,10533,10978,11488,10953,9464.1,10508,6854.9,12768,5838.8,14840,12676,9828.3,9802,10672,8052.7,6218,8304.9,9224.3,5111.7,6160.3,9114,9804.4,13262,11542,10806,10677,9869.9,10523,9991.9,9767.7,14786,12245,15443,14870,14087,13576,12030,9630.7,11224,10641,10822,9567.5,10575,6210.9,3830.1,7638,11253,10533,12067,11181,11117,10834,10114,10446,7127.6,12619,6165.3,14705,12716,9601.2,9523.5,10208,9382.9,6650.1,8422.6,9096.1,7316.7,5976.5,8832.7,9479.9,14005,12363,11184,12097,11146,12006,10242,9233.7,10981,9873.5,6384.4,8953.1,11048,9845.2,9633.4,7634.9,11371,10075,6449.9,9073.4,12194,10362,9605.8,7701.1
14179,11684,16184,15730,13598,13260,12251,7980.5,9732.7,8897.6,9471.7,8551.8,10201,6874.2,3815.3,6144.2,11177,10955,10547,10949,11503,10961,9465.3,10514,6858.9,12737,5881.7,14870,12689,9797.3,9790.2,10693,8057.7,6176.6,8361.1,9223.6,5102.5,6170.8,9107.8,9793,13296,11477,10792,10693,9803.4,10502,10067,9733.1,14791,12218,15437,14878,14053,13602,12016,9644.9,11218,10616,10836,9573.3,10566,6200.4,3854.1,7639.9,11247,10540,12059,11179,11102,10825,10128,10442,7094.9,12593,6164.9,14683,12721,9598.9,9516.2,10173,9393,6645,8398.3,9090.2,7303.7,5959.9,8844.1,9499.7,13944,12376,11141,12089,11147,12072,10283,9240,10984,9844.6,6384.4,8977,11105,9802,9622.9,7638.1,11426,10125,6525.2,9102.4,12062,10422,9607.9,7705.9
14198,11678,16179,15721,13601,13272,12251,7991.6,9713.5,8904.8,9490.4,8577.7,10200,6859.6,3804.1,6109.3,11170,10940,10522,10937,11508,10958,9464.2,10522,6862.3,12741,5830,14848,12684,9805.7,9780.9,10723,8092.8,6180.5,8335.6,9209.4,5088.6,6172.6,9119.6,9790.5,13276,11484,10805,10680,9947,10492,10096,9751.7,14795,12230,15429,14881,14076,13595,12032,9626.4,11211,10636,10816,9557.9,10564,6186.5,3826.8,7613.5,11225,10515,12073,11156,11077,10817,10119,10452,7118,12565,6174.9,14692,12712,9568.7,9506.4,10154,9381.6,6673.4,8480.2,9088.5,7380.7,5953.8,8816.4,9495.9,13898,12342,11166,12079,11138,12084,10271,9237.4,11011,9841.1,6362.8,8953.1,11221,9862.2,9619.1,7644.6,11419,10092,6458.9,9100.6,12140,10343,9638.9,7684.8
14167,11698,16167,15667,13583,13236,12251,7989.1,9760.2,8909.1,9517.7,8565.7,10208,6854.5,3814.6,6103,11185,10944,10512,10944,11503,10954,9480.4,10549,6882.5,12787,5879.1,14912,12694,9850.7,9793.3,10732,8044.5,6222.9,8299.5,9234.7,5071.5,6164.6,9106.3,9824.6,13245,11515,10772,10722,9908.1,10463,10021,9788.6,14794,12215,15435,14865,14025,13550,12029,9642.5,11213,10630,10839,9609.1,10573,6240,3800.2,7654.7,11248,10527,12070,11143,11071,10842,10135,10482,7188.3,12567,6205.9,14703,12700,9617.5,9522.5,10182,9387.1,6649.7,8435.7,9104.1,7380.6,5960.5,8834.1,9502.9,14003,12347,11171,12097,11146,12039,10260,9274,11001,9875,6285.8,8969.5,11130,9874.7,9670.2,7632.8,11434,10129,6400.3,9075.2,12121,10367,9616.7,7690.7
14163,11656,16145,15655,13542,13196,12253,7998.9,9722.7,8902.8,9509.4,8569.6,10189,6844.4,3785.3,6068.1,11188,10936,10499,10952,11477,10954,9482.7,10562,6861.4,12772,5859,14854,12689,9818.3,9791.6,10746,8022.8,6191.7,8283.7,9232.7,5181.2,6166.3,9114.9,9828.4,13233,11504,10754,10701,9888.9,10513,10089,9777,14786,12231,15407,14871,14008,13563,12032,9664.2,11217,10620,10859,9601.9,10574,6249.4,3809.9,7629.1,11237,10539,12060,11180,11079,10848,10143,10463,7163,12606,6147.2,14691,12718,9617.8,9525.7,10201,9380.4,6640.2,8487.4,9099.5,7318.1,6005.2,8814.5,9508,13991,12335,11168,12082,11173,11985,10289,9295.6,11015,9869.2,6285.9,8982.2,11123,9883.9,9649.6,7625.4,11363,10066,6465.1,9100.5,12184,10383,9644.9,7694.1
14167,11711,16145,15662,13576,13221,12245,7965.6,9748.9,8864,9488.5,8560.6,10167,6860.6,3797.3,6107.4,11180,10956,10496,10925,11475,10948,9490.3,10555,6860.2,12764,5857.5,14827,12685,9802.7,9807.9,10724,8032.1,6235.6,8312.5,9220,5211.7,6139.8,9096.9,9832.3,13168,11507,10778,10738,9915.9,10490,10055,9787.1,14785,12232,15421,14893,13999,13518,12032,9668.1,11224,10594,10837,9579.1,10540,6187,3850.3,7624,11251,10552,12056,11174,11065,10844,10133,10458,7170.3,12610,6253.4,14701,12725,9639.8,9539.4,10196,9381.8,6641.6,8456.2,9109.6,7333.8,6026.2,8823.7,9490.9,13907,12346,11185,12090,11215,12008,10308,9271.8,11016,9856.9,6302.9,8953.8,11252,9828.8,9606.3,7632.5,11386,10087,6449.2,9044.8,12167,10371,9618,7702.4
14173,11705,16142,15677,13574,13226,12246,7977.3,9700.4,8881.5,9506.9,8555.6,10187,6866.1,3812.8,6076.7,11168,10927,10495,10933,11471,10954,9486.3,10570,6861.4,12776,5883.6,14863,12692,9785.2,9786.8,10725,8057.3,6201,8295.8,9236.2,5147.1,6155.3,9092.6,9811,13247,11491,10800,10695,9911.9,10490,10010,9781.4,14798,12226,15423,14890,14016,13561,12038,9616.8,11286,10640,10813,9581.1,10554,6227.3,3815.3,7650.8,11230,10527,12060,11177,11061,10854,10152,10467,7186.7,12616,6178.4,14711,12715,9608.9,9526.8,10209,9367.2,6649.5,8443.2,9113.3,7343.2,5984.5,8836.3,9514,13910,12349,11131,12097,11100,12091,10317,9287,10980,9869.9,6270.8,8934.2,11122,9897.4,9618.8,7658,11395,10119,6436.7,9055.2,12142,10353,9649.3,7724.5
14157,11689,16131,15686,13539,13219,12243,7986.4,9711.1,8922.7,9515.8,8558.2,10187,6852,3810.4,6084.4,11170,10926,10521,10949,11461,10941,9472.6,10570,6862.2,12749,5915.8,14849,12654,9845.7,9792.4,10708,8057,6202.7,8313.6,9231.3,5108.7,6164.4,9112.5,9799.1,13256,11504,10797,10698,9929.7,10473,10064,9782.3,14780,12248,15403,14896,14036,13525,12034,9636.5,11284,10622,10852,9545.6,10559,6254,3820.6,7631,11231,10552,12029,11142,11045,10842,10142,10460,7145.5,12594,6146.5,14694,12714,9614.7,9531.7,10176,9380.6,6691.3,8433.9,9089.2,7333.9,5956.1,8811.3,9517,13980,12308,11138,12082,11202,12034,10341,9284.5,11011,9908.7,6319.8,8938.6,11182,9892.1,9602.9,7648.8,11413,10105,6493.3,9102.9,12225,10396,9600.8,7706.3
14158,11695,16151,15663,13556,13232,12245,8005,9739.9,8900.1,9511.7,8590.1,10207,6891.9,3800,6111.7,11174,10937,10495,10927,11479,10937,9482.3,10561,6900.8,12754,5893.7,14864,12675,9820.4,9797.6,10758,8044.6,6175.9,8299,9235.7,5082.5,6183.4,9150.2,9821.2,13194,11506,10808,10672,9883.7,10488,10059,9764.1,14782,12231,15414,14895,13999,13530,12022,9655.8,11264,10624,10881,9575.9,10552,6261,3829.9,7602.9,11243,10536,12051,11160,11048,10851,10155,10459,7204.5,12599,6181.4,14731,12724,9610.5,9534.3,10226,9403.3,6679.8,8438.7,9095.1,7357.2,5982.8,8847.2,9511.8,13958,12361,11200,12095,11061,11974,10288,9279.4,11072,9865.5,6333.4,8941.6,11121,9920.5,9601.8,7625.2,11427,10088,6481.2,9063.5,12107,10328,9601.6,7699.9
14156,11696,16150,15680,13532,13188,12257,7995.2,9708.7,8903.3,9509.6,8567.7,10204,6882.1,3793.5,6146.3,11185,10904,10498,10954,11460,10961,9478.6,10540,6848.6,12760,5896.4,14851,12692,9828.9,9799.8,10742,8022.7,6191.8,8263.3,9234,5126,6157.2,9110,9810.9,13247,11508,10781,10689,9900,10490,10060,9773.1,14764,12231,15398,14876,13989,13533,12033,9668.9,11222,10623,10859,9583.5,10567,6253.7,3837.2,7652.9,11241,10553,12043,11164,11041,10845,10162,10424,7187.2,12611,6180.2,14658,12711,9599.7,9552.3,10234,9389.5,6675,8437.2,9112.4,7358.7,5958.6,8864.8,9513.8,13940,12366,11185,12086,11117,11973,10312,9276.5,11068,9831.5,6420,8902.7,11171,9848.9,9595.5,7614.2,11466,10113,6495.7,9103.4,12151,10353,9597.4,7720.9
14159,11692,16158,15662,13553,13230,12268,7978.7,9726.5,8892.1,9507.4,8568.6,10203,6864.5,3775.6,6093.6,11174,10932,10498,10979,11488,10961,9485.7,10565,6858.5,12797,5897.8,14841,12695,9830.8,9830.5,10757,8046.2,6185.1,8263.2,9208.8,5111.4,6170.6,9121.8,9814.8,13240,11501,10808,10629,9853.7,10436,9978.9,9790.8,14758,12229,15396,14866,14008,13530,12040,9680.6,11290,10617,10842,9564.5,10584,6230.7,3818.4,7643.3,11246,10547,12058,11168,11051,10858,10170,10495,7151.9,12614,6160.2,14729,12762,9640.9,9591.9,10240,9368.8,6674.6,8430.1,9112.8,7348.4,5977.4,8811,9495.9,13950,12383,11179,12170,11179,11980,10344,9278.1,11066,9874.5,6274.2,8916.1,11201,9879.9,9605.3,7608,11443,10052,6404.4,9070.6,12183,10358,9588.2,7691.6
14132,11686,16140,15661,13576,13216,12243,7972,9714.2,8895.2,9497.3,8560.6,10191,6873.6,3774.1,6124.5,11162,10923,10513,10951,11491,10950,9495,10561,6892.1,12757,5910.1,14840,12663,9820.8,9834.9,10733,8023.8,6183.3,8293.4,9228.4,5107.8,6144.1,9123.1,9810.6,13199,11494,10811,10653,9879,10466,10107,9771.4,14762,12211,15406,14865,13980,13523,12023,9671.9,11301,10652,10890,9587.9,10595,6251.4,3834.7,7626.4,11249,10568,12062,11190,11052,10876,10151,10458,7188.9,12607,6176.6,14700,12711,9632.5,9581.2,10250,9419.3,6661.2,8422.6,9109.6,7380.2,5969.7,8808.1,9516.6,13962,12364,11170,12111,11113,12016,10268,9279,10992,9875.3,6343.7,8949.1,11308,9810.3,9623,7647.1,11364,10121,6503.9,9093.8,12188,10379,9635.1,7704.9
14140,11698,16140,15655,13513,13234,12248,7991.2,9727.1,8861.1,9500.6,8556.6,10201,6873.1,3766.8,6126,11173,10908,10519,10955,11457,10947,9469,10559,6897.1,12741,5918.1,14847,12684,9826.8,9827.6,10744,8015.8,6242.2,8327.5,9222.4,5112.4,6147.4,9118.2,9800.8,13265,11493,10810,10615,9870.8,10426,10051,9789.7,14764,12228,15415,14864,13991,13489,12013,9673.6,11270,10612,10846,9565.8,10588,6274.5,3848.1,7626.8,11241,10553,12097,11165,11050,10869,10150,10470,7149.3,12586,6150.4,14688,12739,9619.9,9566.4,10233,9398,6651.7,8452.6,9081.2,7381.5,6008.8,8810,9513,14007,12335,11158,12096,11154,11914,10235,9277.9,11083,9831.3,6351.8,8902.3,11305,9878.7,9606,7653.7,11434,10086,6404.9,9063.3,12154,10415,9613.3,7715.9
14134,11695,16130,15661,13557,13266,12247,7985.5,9702.9,8893.5,9485.3,8573.9,10197,6878.1,3795,6109.3,11177,10926,10532,10965,11504,10956,9485.7,10570,6861.3,12755,5939.9,14863,12715,9856.5,9838.3,10704,8016.6,6196.5,8280,9216.4,5166.1,6159.6,9116.9,9816.9,13240,11511,10808,10655,9879.1,10474,10081,9783.4,14767,12234,15413,14886,14011,13543,12022,9662.2,11260,10643,10854,9571.1,10561,6238.9,3845.7,7615.5,11230,10571,12095,11177,11068,10868,10139,10513,7184.1,12606,6153.8,14718,12719,9598.3,9596.6,10234,9414.6,6650,8419.2,9109.2,7368.4,5983.6,8792.3,9490.5,13991,12383,11157,12113,11163,12051,10320,9281.5,11019,9857,6337.3,8942.2,11148,9831.9,9623.6,7623.2,11434,10101,6445.3,9066,11980,10396,9598.4,7720.6
14120,11709,16115,15674,13565,13250,12253,7967,9712.3,8859.4,9505.8,8551.1,10221,6820.5,3796.3,6106,11172,10956,10561,10977,11478,10951,9498,10589,6833.4,12796,5888.1,14799,12706,9830.8,9834.2,10730,8027.1,6170.8,8288.1,9240.5,5137.9,6148.2,9146.5,9810,13261,11507,10810,10693,9896.4,10439,10062,9781.7,14767,12243,15411,14892,13931,13550,12008,9667.3,11261,10627,10810,9566,10587,6252,3813.6,7638.9,11244,10594,12089,11179,11075,10850,10149,10521,7147.7,12592,6146.4,14729,12747,9584.1,9609.6,10251,9382.9,6630.4,8430.3,9103,7428.3,5983.6,8807.1,9495.6,13962,12382,11182,12059,11156,12024,10298,9268.2,11027,9904,6326.2,8944.1,11122,9918.3,9618.8,7621.3,11401,10126,6464.5,9084.3,12190,10341,9634.8,7698.7
14123,11700,16133,15669,13600,13312,12233,7998.8,9717.8,8866.9,9532,8574.6,10238,6843.4,3820.2,6121.8,11173,10922,10576,10995,11478,10940,9490.4,10553,6830.9,12811,5897.9,14885,12679,9840.7,9827.4,10728,8034,6141.2,8285.1,9253.5,5138.7,6139.7,9122.3,9800.1,13269,11540,10824,10710,9919.2,10503,10070,9765.4,14754,12320,15414,14871,14033,13571,12009,9651.6,11223,10654,10865,9537.9,10576,6265.7,3841.3,7652.5,11233,10581,12112,11201,11059,10838,10140,10466,7116.5,12635,6198.9,14736,12769,9635.3,9574.2,10277,9382.9,6649.7,8422.9,9088.1,7382.7,5981.6,8821.6,9489,14036,12381,11168,12152,11117,12057,10302,9247.3,11035,9893.2,6433.6,8953.2,11240,9888.9,9640.8,7618.2,11411,10091,6479.5,9061.6,12112,10478,9648,7696.7
14133,11727,16138,15684,13597,13315,12234,7975.8,9706.8,8869.3,9499.6,8588.2,10238,6920,3801,6096.9,11172,10916,10598,11015,11488,10956,9472.7,10560,6829.2,12802,5876.6,14867,12702,9842.4,9818,10718,8031.3,6177.5,8304.8,9238.3,5144.9,6174.1,9118.4,9825.2,13323,11537,10816,10703,9933.7,10521,10096,9756.1,14753,12244,15425,14877,14000,13579,12024,9664.7,11253,10596,10857,9551.2,10596,6254.1,3834.4,7630.3,11224,10554,12135,11240,11073,10844,10137,10481,7152.7,12649,6111.2,14722,12731,9609.5,9575.8,10224,9387,6658.3,8458.2,9084.2,7364.9,5941,8824.4,9479.9,14027,12392,11155,12144,11180,11996,10333,9251.1,11015,9867.5,6323,8953,11156,9862.1,9604,7616.9,11391,10107,6469.3,9065.4,12173,10392,9594,7713.8
14124,11711,16151,15713,13570,13279,12243,7987.4,9694.7,8875.1,9505.6,8541.4,10247,6861.2,3781.6,6138.8,11168,10929,10622,11038,11515,10947,9495.5,10603,6812.3,12828,5860.8,14855,12718,9828.5,9829.8,10709,8020.2,6181.3,8286.3,9238.1,5131.7,6172.9,9117.2,9828.8,13341,11548,10798,10688,9918.8,10436,10051,9756.4,14759,12269,15418,14876,14042,13595,12037,9659.2,11255,10584,10851,9576.7,10581,6246.9,3846,7642.5,11239,10594,12158,11229,11091,10850,10137,10498,7160.9,12642,6117.6,14723,12749,9640.5,9592.9,10203,9413.8,6653.7,8425.4,9101.7,7349,5973.9,8818.1,9500.1,14057,12377,11178,12090,11116,12030,10301,9253.9,11050,9853.1,6297.7,8977.7,11174,9886,9636.4,7623.1,11395,10118,6445.8,9086.1,12141,10381,9591.7,7694.8
14139,11701,16137,15697,13609,13308,12230,7958.9,9674.3,8872.3,9510.6,8559.3,10199,6858.8,3822.7,6122.6,11164,10946,10635,11033,11510,10959,9493.6,10575,6846.5,12830,5897.1,14839,12686,9836.9,9850,10730,8014.1,6225.8,8318.6,9216.2,5183,6118.8,9171.4,9821.7,13270,11538,10821,10728,9919.9,10443,10043,9749.2,14773,12249,15415,14893,14047,13623,12027,9647,11215,10611,10826,9552,10571,6233.2,3823.8,7657.7,11218,10581,12132,11234,11108,10859,10144,10504,7094.1,12624,6157.1,14710,12728,9605.6,9591.5,10246,9400.8,6682.5,8447,9091.9,7374.2,5999.8,8810.1,9508.5,14069,12415,11168,12090,11067,12058,10291,9251.6,11037,9902.4,6376,8977.2,11138,9871.1,9601.1,7611.6,11385,10082,6488.6,9090,12062,10403,9568.6,7702.9
14140,11741,16147,15695,13584,13334,12241,7958.1,9685.2,8865.5,9489.1,8540.1,10214,6909.7,3788.8,6119.9,11168,10943,10631,11050,11499,10944,9470.6,10582,6864.7,12826,5952,14880,12733,9838.1,9833.4,10737,8021.1,6187.6,8300.2,9220.6,5158.2,6139.6,9095,9801.2,13248,11536,10805,10692,9901.9,10420,10062,9736.2,14788,12295,15422,14894,14038,13606,12024,9643.8,11206,10617,10842,9551.9,10578,6255.9,3865.7,7643.5,11221,10583,12151,11244,11107,10861,10130,10527,7163.6,12626,6107.8,14705,12767,9634.4,9584,10193,9440.2,6665.2,8456.2,9080.8,7395.8,5974.4,8805.7,9509.6,13957,12373,11155,12105,11126,11991,10257,9243.6,11018,9860.1,6407.7,8935.8,11273,9837.4,9595.8,7626.8,11385,10109,6461.6,9080.4,12054,10381,9617.8,7711.8
14125,11740,16148,15698,13552,13312,12261,7978,9705.6,8866.9,9456.7,8546.2,10219,6888.2,3777,6120.4,11175,10954,10634,11029,11505,10953,9470.9,10597,6787.4,12828,5877.1,14872,12712,9825.9,9842.2,10744,8032.3,6128.3,8270.1,9254.6,5151.4,6129.5,9103.5,9801,13327,11537,10806,10747,9947.9,10451,10025,9734.3,14789,12268,15444,14906,14072,13627,12029,9631.6,11240,10641,10841,9553.3,10582,6275.3,3861,7655,11232,10590,12158,11241,11130,10861,10130,10481,7116.7,12645,6131.3,14718,12752,9623.4,9609.1,10239,9412.3,6640.6,8479.3,9122.3,7348.5,5955.7,8800,9523.7,14080,12420,11178,12124,11120,12051,10398,9221.1,10986,9911.2,6262.2,8947.1,11197,9902.2,9589.5,7624.8,11359,10101,6520.5,9081.3,12214,10381,9604.5,7689.4
14120,11731,16167,15701,13588,13283,12257,7955.2,9697.7,8878.6,9430.6,8545.3,10234,6828.3,3788.2,6091,11190,10946,10630,11053,11509,10945,9483.1,10611,6839.8,12847,5878,14903,12726,9823.1,9867.3,10747,8036.3,6178.6,8268,9241.5,5138.8,6127.8,9128.1,9815.7,13323,11530,10822,10713,9879.5,10475,10111,9756.2,14775,12280,15436,14910,14012,13608,12045,9641.6,11180,10647,10811,9564.4,10577,6228.9,3829.8,7639.4,11243,10585,12179,11238,11142,10852,10118,10508,7130,12664,6193.2,14749,12748,9615.3,9608,10251,9419.2,6688.5,8342.2,9114.3,7341.1,5989.7,8811.7,9505.2,14094,12425,11187,12134,11119,12041,10333,9216.5,10979,9880.2,6329.4,8936.9,11188,9826.3,9614.6,7615.1,11361,10085,6488.9,9075.3,11986,10402,9604.8,7696.2
14130,11725,16139,15692,13563,13278,12258,7945,9728.5,8871.4,9477.2,8522.6,10212,6875.9,3800.3,6149.2,11196,10941,10613,11041,11492,10926,9477.4,10554,6859.8,12818,5869.4,14880,12728,9850.4,9868.1,10753,8006.1,6198.3,8288.7,9219.4,5155.9,6150.3,9113.6,9825.7,13302,11560,10871,10672,9902.8,10474,10169,9729.6,14795,12296,15447,14886,14070,13601,12054,9616.1,11261,10648,10854,9559.3,10593,6235.1,3841.9,7663.2,11250,10609,12194,11250,11121,10850,10108,10509,7134,12672,6137.5,14748,12770,9652,9623.6,10265,9424.3,6641,8459.4,9095.9,7309.6,5971.8,8802.1,9490.7,14089,12456,11223,12098,11139,11996,10325,9213.8,11051,9900.3,6284.4,8945.6,11072,9855.5,9609.9,7622.2,11419,10090,6453.5,9076.2,12179,10375,9589.6,7705.9
14117,11719,16141,15698,13553,13300,12242,7971.3,9680.4,8879.3,9470.5,8534.3,10184,6893.8,3803.5,6134.5,11173,10912,10628,11039,11475,10924,9476,10572,6879.1,12846,5899.4,14900,12715,9808.3,9839.1,10690,8016.2,6210.5,8282.3,9252.4,5166.4,6167.2,9115.1,9823.6,13280,11525,10843,10690,9914,10505,10136,9710.7,14764,12301,15457,14878,14068,13615,12028,9635,11235,10626,10808,9553.7,10579,6279.6,3852.9,7671.1,11236,10592,12212,11258,11165,10853,10109,10506,7094.8,12689,6089.1,14741,12737,9629.7,9607.9,10273,9411.9,6670.9,8338.9,9104.8,7318.4,5965.4,8787.8,9503,14062,12409,11183,12067,11150,12000,10350,9193.8,11042,9888.5,6264.7,8935.5,11248,9824.7,9631.1,7624.6,11379,10114,6510.6,9087.6,12187,10309,9629.2,7709.4
14105,11684,16143,15700,13583,13319,12249,7948.4,9693.1,8872,9410.3,8539.5,10211,6845.1,3801,6119,11178,10957,10661,11064,11505,10933,9472.4,10588,6818,12835,5856.8,14863,12720,9842,9843.1,10735,8022.4,6231.3,8280.6,9209.2,5205.9,6170.3,9110.4,9818.7,13277,11546,10846,10728,9918.5,10522,10044,9726,14765,12278,15418,14900,14093,13643,12047,9649.6,11166,10626,10791,9564.5,10571,6257.3,3861.5,7667.7,11236,10608,12227,11284,11143,10849,10110,10485,7048.7,12664,6140.4,14744,12697,9559.7,9591.5,10253,9409.8,6662.1,8434.9,9112.8,7356.5,6002.5,8791.6,9508.5,14122,12423,11177,12172,11093,11994,10364,9226.1,11008,9842,6256.9,8966,11280,9862.8,9571.7,7646.7,11401,10079,6433.9,9078.6,12247,10355,9621.5,7706.3
14124,11700,16143,15703,13570,13312,12231,7935.3,9656.3,8889,9453.2,8539.8,10204,6859.4,3815.1,6107.6,11180,10983,10684,11050,11490,10934,9480.1,10567,6781,12844,5850.4,14857,12743,9837.8,9847.3,10762,8012.4,6211.5,8272.6,9254.3,5145.4,6154.6,9125.8,9834.1,13316,11540,10811,10695,9853.3,10438,10116,9728,14798,12237,15442,14932,14120,13635,12029,9616.8,11211,10628,10824,9571.9,10547,6209,3830.2,7679.2,11263,10622,12218,11256,11136,10859,10131,10479,7075.6,12672,6103.5,14715,12759,9616.7,9594.8,10243,9395,6617.9,8402.6,9095.2,7386.9,5953.7,8838.3,9516.5,14083,12387,11194,12167,11116,12058,10272,9192.4,11034,9876.1,6343.1,8963.6,11203,9909,9624.3,7636.7,11414,10133,6489.1,9077.5,12022,10328,9618,7707
14148,11695,16152,15704,13563,13304,12234,7959.7,9722.1,8880.5,9459.3,8524.5,10214,6820.5,3819.8,6173.7,11173,10974,10651,11036,11491,10945,9513.5,10585,6855.4,12837,5874.1,14871,12736,9848.2,9818.7,10752,8064.5,6205.7,8256.5,9216.7,5148.6,6141.5,9134.3,9831.6,13245,11508,10827,10718,9908.6,10480,10009,9754.6,14785,12287,15456,14915,14006,13610,12029,9621.2,11146,10612,10797,9540.1,10539,6232.8,3813.1,7692.3,11237,10634,12193,11275,11121,10854,10150,10451,7077.6,12681,6094.3,14723,12725,9590,9573.8,10220,9435.7,6662.8,8386.2,9082.5,7403.8,5953.3,8833.1,9503.8,14064,12396,11180,12184,11127,12052,10311,9227.8,11050,9926.1,6343.1,8971.9,11233,9854.1,9598.8,7634.2,11405,10114,6476.9,9094.2,12193,10366,9586.2,7698.5
14142,11718,16151,15710,13611,13298,12245,7969.7,9671.6,8878.4,9433.7,8532.2,10209,6839.6,3796.3,6112,11169,10977,10619,11044,11492,10923,9491.6,10586,6802.9,12842,5829.4,14899,12730,9834.1,9827.4,10747,8017.2,6187.8,8272.7,9238,5118.9,6150.5,9108,9826.6,13301,11500,10783,10741,9929.4,10466,10089,9717.3,14791,12265,15444,14915,14040,13617,12039,9631,11180,10650,10807,9529.1,10532,6214.6,3852.2,7683,11240,10622,12189,11255,11125,10834,10128,10495,7084.2,12656,6127.2,14706,12754,9640.6,9577.2,10222,9419.5,6679.4,8420.3,9104.5,7406,6039.2,8836,9509.9,14150,12413,11226,12122,11084,12111,10288,9205.3,11034,9882.4,6357.3,8957.9,11133,9856.2,9583.1,7645.2,11377,10150,6478.3,9087,12064,10338,9605.7,7712.5
14151,11677,16152,15699,13603,13298,12263,7952.2,9700.7,8869.9,9426.5,8564.3,10194,6828.7,3776.9,6107.8,11186,10969,10618,11024,11496,10932,9479.4,10588,6805.3,12793,5859.5,14886,12730,9822.2,9821.1,10777,8031.7,6176.4,8307.4,9248.5,5115.5,6162,9125.4,9837,13325,11511,10836,10653,9854.7,10425,10040,9734.7,14777,12246,15449,14924,14086,13640,12038,9646.1,11201,10595,10764,9542.7,10545,6222.1,3850.5,7655.3,11240,10614,12190,11268,11131,10841,10128,10457,7139.5,12678,6117.4,14744,12754,9585,9561.3,10278,9399.1,6658.1,8368.9,9112.7,7366.1,6038.7,8837.7,9492.7,14068,12380,11159,12163,11161,11997,10305,9237.2,10996,9832.9,6263.3,8937.4,11185,9887.7,9606.4,7639.3,11420,10082,6507.8,9073.8,12036,10393,9608.3,7708.6
14158,11722,16152,15696,13568,13285,12259,7945.7,9706.2,8881.4,9451,8543.4,10210,6865.2,3803.7,6119.3,11173,10981,10624,11038,11472,10938,9477.6,10556,6800.2,12807,5831.9,14878,12718,9811.8,9809.5,10801,8033.4,6185.7,8300.9,9251.2,5131.4,6142.5,9144.8,9829.5,13248,11550,10778,10654,9919.7,10468,10128,9740.2,14795,12266,15432,14892,14049,13643,12045,9631.3,11226,10653,10784,9529.6,10545,6222.2,3856.7,7653.4,11247,10616,12149,11256,11107,10848,10129,10449,7122,12668,6135,14766,12748,9584.2,9542.4,10269,9394.3,6664.8,8369,9110.6,7360.7,5968,8829.4,9529.9,14069,12379,11203,12175,11070,12032,10325,9230.9,11005,9886.7,6316.8,8941.1,11112,9847.7,9627.1,7628.4,11489,10090,6456.7,9072.9,12118,10399,9610.9,7704
14160,11669,16149,15715,13568,13294,12250,7968.5,9728,8863,9467.8,8547,10219,6804.7,3802.3,6099,11162,10948,10616,11043,11487,10919,9483.2,10558,6833.9,12845,5802.5,14846,12703,9837.8,9816.9,10776,8036.2,6182.5,8250,9235.7,5148.8,6145.4,9132.3,9832.1,13310,11537,10776,10655,9942.9,10447,10109,9743,14785,12243,15445,14918,14078,13645,12033,9662.3,11215,10618,10810,9548,10553,6177.9,3818.2,7673.7,11236,10610,12183,11262,11131,10836,10139,10455,7105.5,12668,6067.9,14735,12749,9609.3,9539.8,10245,9377.8,6652.1,8455,9094.1,7334.8,5979.5,8838.4,9499.7,14097,12416,11171,12144,11086,12023,10299,9217.2,10979,9883.9,6340.5,8927.1,11128,9850.3,9612.5,7632.9,11403,10055,6419.8,9064.1,12224,10356,9623.8,7708.5
14160,11681,16149,15727,13572,13284,12248,7946.4,9746.8,8854.2,9438.5,8539.1,10189,6801.9,3802.4,6140.6,11171,10986,10616,11035,11497,10949,9493.7,10553,6811.9,12829,5838.4,14834,12696,9814.3,9811.7,10743,8020,6199,8270.9,9222.2,5170.8,6138.6,9145.5,9857,13330,11483,10784,10708,9912.3,10464,10023,9747,14772,12263,15432,14914,14018,13604,12042,9628.9,11172,10599,10761,9540.2,10552,6193.7,3809.7,7664.1,11242,10634,12179,11249,11104,10843,10145,10462,7086.1,12665,6040.1,14715,12732,9561.8,9537.4,10270,9355.2,6659.9,8428.2,9083.3,7304,6007.7,8835.3,9520,13987,12382,11177,12104,11064,12043,10301,9243.2,10984,9871.8,6345.8,8954.3,11181,9865,9604.1,7647.3,11355,10061,6382.4,9074.6,12128,10371,9617.3,7727.5
14143,11702,16149,15710,13554,13295,12248,7983.8,9676.3,8835.6,9463.6,8539.7,10240,6856.4,3801.8,6141.5,11183,10992,10609,11028,11476,10933,9501.3,10542,6800.2,12817,5834.5,14871,12688,9832,9817.5,10775,8036.6,6189.6,8248,9232.5,5148.2,6139.1,9128.8,9827,13320,11491,10791,10718,9910,10449,10074,9749.5,14799,12262,15445,14902,14014,13613,12057,9620.2,11174,10618,10756,9526,10532,6188.5,3847.3,7673.7,11238,10654,12174,11247,11121,10835,10152,10442,7086.8,12675,6126.9,14734,12744,9603.2,9543,10255,9371.4,6664.4,8458.7,9086.8,7412.1,5957.5,8841.4,9499.2,14048,12389,11209,12087,11085,12086,10306,9218.8,11020,9882.6,6274.6,8922.9,11177,9854.1,9597.8,7642,11392,10071,6392.1,9110,12172,10344,9608.8,7710.3
14168,11674,16161,15711,13527,13267,12245,7957.4,9731.8,8898.9,9456.9,8541.4,10238,6880.1,3797.8,6143.7,11188,10968,10592,11007,11522,10938,9478.8,10530,6770.5,12850,5943.4,14871,12682,9823.1,9806.6,10746,8020.5,6225.3,8262.1,9246.9,5178.4,6133,9137.3,9848,13297,11488,10823,10640,9930.1,10486,10071,9751.4,14801,12240,15441,14903,14030,13607,12051,9616.4,11193,10580,10761,9536.3,10536,6219.3,3828.4,7672.9,11234,10636,12168,11264,11116,10842,10161,10443,7097.3,12663,6048.2,14778,12756,9594.8,9526.4,10277,9357.1,6619.7,8424.1,9085.5,7401.6,5954.8,8822.8,9516.1,14090,12365,11150,12205,11108,12024,10363,9249.5,11001,9865.1,6221.1,8953.7,11212,9844.1,9637.7,7608.7,11393,10090,6424.5,9073.2,12229,10393,9615.7,7699.7
14157,11683,16164,15721,13570,13304,12257,7975.9,9720.9,8882.6,9443.1,8539.9,10202,6845.9,3773.7,6108.1,11183,10989,10608,11023,11507,10934,9478.8,10590,6809.4,12846,5926.6,14909,12668,9773.6,9788.4,10777,8065.5,6151.3,8257.2,9250.9,5168.1,6138.2,9140.3,9816.3,13374,11500,10785,10703,9890.5,10434,10111,9762.4,14785,12268,15447,14926,14052,13621,12052,9640,11179,10612,10765,9552.1,10515,6202.2,3849.4,7640.2,11232,10631,12155,11266,11139,10836,10132,10467,7087.8,12676,6113.9,14722,12748,9576.1,9508.5,10257,9397.7,6672.5,8360,9079.2,7334,6002.8,8827.8,9495.1,14158,12419,11195,12095,11092,11996,10345,9231.8,10924,9855.8,6327.8,8949.2,11218,9857,9637,7606.9,11358,10089,6416.3,9053.9,12072,10376,9562.9,7688.4
14170,11685,16164,15710,13597,13323,12253,7979.1,9713.4,8883,9457.3,8548.4,10229,6845.3,3792.1,6130.6,11174,10971,10585,11033,11492,10925,9473.9,10532,6775,12845,5903.3,14872,12723,9781.5,9779.6,10757,8035.9,6131.6,8280.8,9240,5142.6,6146.2,9109.9,9822.7,13280,11560,10830,10751,9849.4,10490,10010,9752.7,14806,12274,15431,14914,14050,13647,12061,9605.4,11216,10620,10795,9566,10540,6185.6,3833.1,7657.6,11230,10601,12158,11268,11125,10820,10111,10467,7111.5,12691,6106,14700,12706,9576.6,9495.2,10251,9419.8,6677.4,8406.9,9100.7,7341,5972.8,8812.5,9476.6,14061,12373,11195,12203,11136,11997,10338,9222.8,10948,9850.1,6366.5,8921.4,11175,9866.2,9589.4,7627.2,11354,10061,6503.9,9064.5,12150,10345,9642.2,7684.1
14135,11712,16141,15708,13540,13273,12266,7966.6,9723,8879.1,9463.7,8544.3,10241,6883.3,3804.5,6106.3,11163,10978,10594,11030,11482,10909,9480.5,10596,6826.1,12834,5909.9,14881,12718,9795,9782.9,10793,8023.1,6190.3,8272,9243.2,5130,6169,9109.8,9833.1,13319,11540,10815,10763,9907.7,10489,10097,9746,14794,12294,15424,14908,14038,13648,12049,9643.9,11208,10625,10786,9550.4,10558,6229,3829.8,7646.8,11234,10589,12150,11278,11139,10822,10115,10427,7088.8,12680,6155.2,14733,12742,9607.6,9526.4,10270,9397.5,6670,8443.5,9106.6,7345,6000.7,8817.3,9479.6,14122,12388,11223,12186,11160,12014,10249,9254.5,10980,9866.5,6370.9,8974.7,11041,9831.9,9633.9,7617.6,11349,10073,6523,9070.7,12281,10394,9617.8,7707.9
14151,11710,16135,15707,13546,13350,12254,7978.1,9711.6,8905.5,9481.6,8573,10217,6903.3,3801.8,6136.3,11179,10961,10605,11043,11481,10907,9458.6,10609,6787.3,12825,5879.1,14853,12701,9800.4,9781,10812,8045.7,6179.3,8247.5,9251.1,5166.7,6182.5,9120.4,9816.9,13363,11523,10820,10714,9832.7,10472,10113,9749.9,14800,12302,15442,14902,14036,13655,12061,9655.1,11160,10613,10803,9555.4,10530,6195.3,3826.3,7678.2,11253,10612,12214,11269,11144,10823,10133,10462,7092.7,12684,6089.4,14755,12702,9604.3,9514.8,10267,9418.8,6624.9,8456.3,9090.8,7359.7,5987.9,8807.1,9485,14122,12449,11209,12137,11103,12054,10358,9235.4,10981,9858,6323.2,8922.4,11171,9841.7,9597.6,7622.7,11394,10046,6498.6,9067.4,12127,10341,9606.6,7688.1
14162,11698,16161,15716,13548,13307,12263,7974,9683.4,8870.1,9489.4,8549.1,10206,6858.8,3787,6144.7,11167,10950,10556,11007,11507,10911,9461,10554,6783.2,12835,5917.9,14857,12687,9789.3,9764.5,10729,8060,6225,8261.9,9226,5152.9,6130,9133.4,9831.4,13298,11528,10796,10718,9869.6,10477,10036,9744.2,14795,12283,15432,14913,14021,13626,12059,9667.7,11224,10593,10844,9571.5,10550,6259,3857.2,7683.6,11235,10590,12171,11243,11138,10825,10143,10481,7119,12700,6108.3,14746,12722,9589.1,9504.4,10213,9430.2,6591.8,8461.6,9078.8,7379.2,5987.2,8818.9,9470.6,14086,12415,11191,12186,11095,12000,10298,9248.7,10922,9839.2,6344.2,8915.6,11196,9834,9596.1,7653.4,11413,10041,6471.1,9076.7,12069,10355,9598.3,7723.5
14162,11672,16161,15691,13540,13307,12262,7958.1,9710.5,8892.5,9483.5,8555.6,10222,6822.1,3793.7,6148.4,11184,10971,10574,11008,11497,10921,9467.4,10572,6852.8,12861,5878.9,14866,12692,9814.3,9768.2,10738,8027,6185.3,8304.9,9239.9,5132.2,6149.6,9124.3,9851.8,13288,11560,10835,10667,9951.9,10473,10074,9783.2,14807,12266,15466,14917,14074,13655,12062,9630.9,11202,10591,10829,9581.1,10555,6226.1,3821.5,7662.8,11253,10605,12190,11261,11150,10840,10128,10459,7124,12688,6195,14705,12695,9563.5,9528,10233,9402.1,6670.8,8403.4,9093.7,7363.2,5967.2,8814.3,9497.5,14083,12380,11210,12109,11182,12055,10292,9268.8,10931,9841.7,6334.6,8941.3,11110,9839.2,9592.5,7630.6,11420,10085,6468.1,9101.7,12149,10359,9596.6,7710.5
14163,11713,16130,15716,13619,13342,12274,7977.9,9668.3,8882.4,9484.3,8543.1,10208,6874.7,3797,6138.8,11188,10997,10600,11048,11491,10921,9488.6,10579,6810.1,12881,5814.6,14832,12692,9817.6,9762.5,10754,8053.9,6180.7,8236.8,9241.5,5100.7,6157,9161,9842.1,13354,11503,10842,10717,9913.4,10453,10068,9766.2,14800,12271,15441,14915,14068,13637,12062,9636,11170,10616,10829,9520.6,10527,6240.8,3834.8,7678.8,11245,10631,12183,11290,11152,10828,10122,10462,7102.7,12715,6055.2,14712,12707,9583.1,9523.5,10257,9455.2,6622.7,8386.9,9107.1,7341.5,5983.3,8823.8,9492.5,14028,12412,11196,12171,11143,12002,10285,9248.7,10963,9844.3,6350.2,8952.8,11148,9798.9,9559.7,7629.5,11374,10028,6457.2,9073.9,12035,10350,9624.9,7692.3
14170,11699,16168,15718,13596,13371,12274,7972.9,9708.3,8872.8,9478.9,8546.6,10199,6868.2,3802,6142.1,11173,10962,10603,11033,11519,10907,9455.9,10562,6802.4,12849,5847.6,14861,12724,9807.1,9767.7,10783,8052.4,6143,8292.3,9265.5,5116.5,6149.5,9108.8,9817.9,13349,11580,10829,10768,9860.5,10433,10085,9753.5,14803,12283,15445,14899,14096,13689,12061,9653.4,11120,10608,10798,9538.3,10557,6226.2,3813.5,7660.4,11254,10597,12178,11275,11136,10814,10092,10466,7102.6,12705,6120.9,14748,12733,9558.8,9528.7,10238,9354.9,6574.3,8419.4,9095,7291.3,5943.3,8824.9,9506.2,14097,12444,11190,12099,11155,11995,10289,9269.4,10908,9833.8,6314.3,8934,11046,9824.6,9607.4,7627.7,11387,10084,6489.9,9076.9,12136,10291,9598.1,7708
14146,11698,16154,15699,13547,13322,12265,7966.2,9723.5,8886.3,9500.7,8537.8,10194,6887.3,3780,6103.6,11180,10969,10609,11032,11495,10902,9452.1,10583,6825,12886,5902,14876,12704,9782.3,9777.6,10778,8047.3,6180.9,8294.4,9255.1,5131,6147,9135.3,9822.9,13251,11570,10811,10724,9892.7,10513,10048,9758.7,14805,12309,15436,14922,14090,13611,12064,9642.7,11114,10626,10808,9576.8,10547,6261.4,3826.6,7681.8,11248,10612,12180,11270,11144,10825,10105,10470,7163.6,12658,6179.9,14768,12749,9570.3,9528.5,10252,9407.7,6656.5,8415.5,9100,7317.9,5988.1,8856.4,9515.5,14057,12451,11213,12197,11152,11986,10324,9230.1,10957,9841.3,6317.7,8942,11100,9860.3,9582.2,7640.6,11270,10056,6508.1,9091.1,12135,10355,9573.8,7711.1
14174,11702,16152,15712,13563,13318,12262,7985.3,9685.6,8861,9458.8,8530.3,10210,6903.2,3777.5,6111.9,11180,10962,10596,11016,11497,10906,9459.2,10610,6824.7,12834,5889.1,14866,12683,9762.3,9782.4,10786,8044.6,6165.7,8259.7,9224,5146.2,6139.7,9107.9,9841,13339,11548,10829,10771,9934.3,10434,10100,9747,14827,12309,15451,14944,14089,13674,12062,9659.9,11150,10584,10819,9542.9,10553,6282.8,3836.6,7676,11247,10592,12175,11294,11130,10816,10096,10454,7116.2,12669,6174.4,14729,12751,9624.5,9526,10247,9464.4,6662.8,8381.7,9097.6,7341.4,5996.6,8813.3,9512.3,14020,12448,11200,12137,11192,12048,10270,9252.6,10943,9840.5,6339.9,8924.3,11163,9814,9591.7,7638.1,11421,10058,6494.6,9077,12176,10384,9554.3,7699.3
14193,11716,16169,15742,13611,13333,12286,7985.1,9716.1,8870.4,9462.6,8563.3,10232,6887.4,3805,6133.8,11166,10929,10591,11044,11531,10911,9451.1,10605,6842.3,12875,5918.6,14923,12745,9790.9,9762.8,10793,8058,6144.9,8259,9254.3,5107.6,6182.7,9128.1,9829.7,13306,11530,10820,10710,9889.3,10480,10052,9750.7,14798,12281,15449,14929,14104,13684,12069,9649.2,11196,10614,10849,9557.9,10517,6273.8,3840.5,7644.5,11231,10592,12174,11258,11136,10807,10108,10500,7135.8,12677,6185.2,14763,12724,9562.7,9515.3,10229,9422.2,6620.1,8390,9106.1,7394.8,5979.4,8824.8,9497.6,14064,12437,11184,12151,11111,12054,10283,9237.1,10973,9858.9,6365.4,8948.4,11198,9832.7,9576.4,7614.2,11356,10090,6496.7,9074.4,11991,10304,9581.9,7711.4
14182,11753,16176,15715,13564,13329,12264,8017.2,9732.8,8887.6,9464.7,8592.7,10225,6839.8,3766.6,6120.5,11176,10945,10592,11010,11515,10910,9459.6,10602,6854.1,12842,5880.8,14915,12683,9810.8,9786,10751,8072.8,6162.7,8302.4,9245.2,5088.2,6126.4,9119.4,9831.1,13302,11543,10870,10678,9915.4,10478,10005,9761.9,14801,12275,15436,14922,14088,13634,12055,9682.7,11221,10578,10795,9531.5,10558,6243.5,3845.3,7681.3,11244,10578,12153,11267,11108,10811,10096,10443,7171,12647,6170.2,14751,12724,9568.4,9530.6,10237,9434.7,6608.7,8434.2,9100.4,7289.6,5974,8806.3,9520.7,14042,12453,11197,12215,11157,12008,10337,9265.3,10985,9837.8,6245.8,8953.3,11124,9806.4,9616.4,7600.5,11386,10061,6498.2,9118.2,12120,10328,9562.5,7713.7
14192,11694,16136,15716,13585,13309,12240,7995.3,9713,8881.3,9502.9,8573.6,10184,6863.6,3794.4,6119.5,11169,10952,10594,11022,11473,10901,9456.4,10566,6848.4,12830,5854.8,14876,12691,9776.8,9766.8,10740,8072.5,6218.1,8259.6,9264.9,5101.4,6159.4,9136.2,9861,13363,11520,10837,10636,9867.1,10493,10013,9751.8,14818,12265,15428,14933,14053,13644,12046,9649.2,11095,10604,10810,9574.3,10550,6274.2,3852.9,7658.6,11247,10609,12187,11262,11110,10827,10110,10462,7136.5,12632,6196.7,14724,12738,9556.4,9525.5,10180,9438.5,6677.8,8361.4,9084.3,7357,6017.9,8806.7,9509.8,14056,12422,11165,12114,11166,12012,10286,9251.3,10920,9796.3,6266.1,8949.1,11169,9832.1,9613,7621.1,11382,10041,6470.2,9094.5,12069,10374,9600.1,7728.4
14171,11682,16152,15716,13582,13318,12257,7964.8,9712.5,8860.4,9505.7,8568.8,10202,6889.9,3801.2,6172.4,11172,10953,10614,11031,11453,10915,9482.3,10585,6814,12875,5880,14863,12709,9790.7,9771.9,10769,8050.3,6181,8275.9,9254.4,5138.4,6154.1,9105,9862.8,13291,11530,10836,10714,9951.8,10442,10028,9802.1,14827,12287,15418,14923,14075,13641,12047,9624.7,11172,10612,10821,9556.7,10568,6234.9,3840.4,7640.7,11246,10612,12195,11262,11092,10833,10123,10477,7133.9,12636,6132.4,14718,12760,9571.4,9542.7,10224,9423.8,6670.2,8431.4,9101.2,7348,5997.8,8807.3,9518.4,13991,12396,11187,12169,11145,12027,10348,9305,11010,9802.5,6392.5,8949,11099,9811,9594.8,7627.9,11386,10041,6480.6,9108.4,12047,10358,9578.3,7715.9
14191,11710,16175,15719,13596,13314,12262,7985.7,9683.1,8869.5,9509.5,8585.5,10190,6850.7,3782.6,6149.3,11166,10957,10604,11026,11472,10915,9489.5,10595,6823.4,12830,5880.7,14873,12681,9815.4,9776.6,10713,8059.2,6189.2,8288.7,9244.6,5133,6140.9,9124.6,9861.1,13287,11494,10822,10682,9888.7,10479,9956.6,9762.5,14818,12271,15429,14931,14051,13612,12055,9634.9,11167,10568,10775,9534.5,10532,6227.5,3847.5,7660.2,11238,10583,12164,11255,11116,10817,10102,10444,7119.6,12609,6184.8,14716,12719,9572.2,9536.1,10211,9439.1,6623.7,8404.4,9102.5,7381,5980.6,8822.3,9517.3,14011,12414,11145,12122,11151,12031,10298,9288.1,10935,9775,6350.5,8943.4,11166,9788.4,9646.4,7626.2,11386,10050,6545.4,9097.1,12229,10293,9588.8,7705.5
14167,11740,16154,15705,13596,13312,12266,7968.9,9669.4,8843.8,9477.9,8547.8,10209,6883.6,3809.9,6138.3,11176,10958,10618,11012,11462,10922,9484.9,10583,6813.5,12783,5875.8,14839,12727,9803.8,9770.8,10744,8041.9,6214.9,8296.7,9257.8,5173.6,6131.9,9100.7,9863.9,13273,11489,10803,10673,9910,10422,10033,9766.2,14801,12256,15454,14911,14028,13607,12036,9625.4,11142,10578,10807,9550.2,10581,6261.9,3833.3,7666.6,11244,10576,12193,11240,11090,10815,10107,10462,7103.9,12657,6122.9,14733,12729,9593.1,9515,10187,9419.3,6621.5,8420.5,9104.4,7372,5980,8824,9511.5,14068,12403,11164,12136,11082,12090,10256,9262.3,10933,9792.9,6322.2,8956.6,11133,9847.6,9635.7,7626.6,11327,10047,6414.3,9097.2,12074,10359,9591.5,7716.5
14159,11689,16129,15684,13589,13281,12256,7960.7,9644.9,8848.5,9502.2,8538.5,10192,6841.2,3793.7,6151.2,11167,10963,10604,11018,11469,10940,9494.8,10573,6826,12783,5856.9,14852,12682,9788,9796.1,10752,8010.9,6229.3,8324.7,9257.9,5147.9,6159.9,9116.9,9866.1,13230,11486,10763,10652,9932.2,10478,10027,9791.9,14796,12252,15434,14899,14006,13567,12047,9604.9,11136,10614,10780,9517.4,10531,6215,3839.1,7673.4,11236,10605,12213,11253,11095,10843,10156,10437,7087.2,12620,6018.1,14714,12718,9589.5,9538.5,10249,9365.4,6646.1,8444.9,9100.3,7326.9,5996.1,8825.3,9499.1,14057,12378,11190,12098,11196,12071,10286,9290.2,10963,9853.3,6283.8,8943,11126,9861.3,9599.4,7628.2,11387,10057,6497.8,9078.2,12079,10301,9572.9,7712.3
14196,11702,16151,15715,13550,13295,12264,7975,9697.2,8831.2,9481.3,8557.9,10183,6844.5,3788,6125,11168,10948,10607,11021,11436,10919,9467.1,10559,6864.4,12816,5889.9,14905,12692,9807.2,9777.8,10784,8020.5,6254.5,8294.5,9266.9,5183,6185.9,9125.1,9847.7,13253,11544,10852,10697,9917,10482,10036,9787.7,14818,12288,15435,14908,13988,13538,12038,9631.6,11156,10580,10803,9497.5,10542,6233.6,3825,7670.9,11253,10571,12208,11212,11088,10813,10123,10450,7144.7,12624,6160.2,14754,12705,9556.7,9532.8,10184,9414.4,6646.7,8391.2,9095.3,7408.5,6008,8803.7,9500.6,14070,12388,11185,12090,11157,12044,10323,9240.8,10991,9819.2,6382.7,8945.5,11154,9811.5,9635.9,7620.9,11368,10049,6508.4,9071,12087,10365,9622.1,7701.6
14175,11715,16163,15696,13593,13323,12271,7977.5,9714,8874.7,9461.3,8574.4,10191,6900.6,3787.8,6111,11183,10948,10640,11031,11473,10941,9486,10567,6822.6,12848,5821.1,14901,12734,9759.1,9798,10748,7955.8,6216.2,8328.6,9243.3,5180.2,6170.1,9127,9818.9,13370,11521,10872,10736,9940.1,10513,10106,9759.5,14799,12282,15415,14890,14071,13607,12060,9616.9,11151,10653,10808,9538.8,10544,6274,3828.6,7654.2,11255,10582,12201,11227,11090,10797,10078,10474,7093.8,12656,6069.6,14742,12729,9566.3,9538.4,10226,9391.3,6700,8387,9081.6,7527.6,5990.9,8799.6,9491,14027,12426,11204,12148,11194,12011,10365,9234.2,11028,9866.5,6394.4,8970.9,11121,9847.8,9594.5,7622.1,11390,10096,6434.2,9083.7,12144,10437,9629.9,7708.5
14173,11706,16126,15720,13570,13331,12280,7964.9,9721.7,8860.4,9483.3,8550.9,10223,6861.8,3780.9,6080.8,11199,10967,10624,11056,11438,10926,9499.5,10538,6831.8,12821,5885.3,14862,12695,9774,9753.7,10756,8062.8,6148.9,8239.5,9242.8,5141.1,6141.4,9116.7,9830,13272,11537,10847,10675,9861,10451,9991.3,9777.8,14811,12263,15406,14898,14092,13682,12052,9644.7,11144,10643,10800,9531.8,10563,6263,3815.1,7624.1,11248,10577,12189,11223,11056,10803,10118,10457,7074,12639,6085,14726,12749,9555.1,9518.3,10173,9408.1,6686.8,8402.7,9101.7,7420.7,5954.7,8818.2,9503.6,14008,12405,11180,12144,11163,12124,10306,9270,11048,9824,6337.8,8938.6,11100,9880.7,9578.5,7606.7,11332,10055,6453.5,9098,12101,10312,9567.6,7716.5
14154,11710,16128,15708,13564,13291,12289,7976.2,9687.3,8822.2,9502.7,8518.4,10176,6842.8,3787,6120.2,11184,10962,10648,11036,11419,10938,9520.8,10543,6853,12840,5919.5,14833,12653,9791.6,9759.4,10725,8049.2,6185.3,8214.3,9231.2,5096.9,6148.3,9133.7,9847.8,13294,11520,10811,10691,9941.8,10438,10025,9823.7,14798,12261,15434,14897,14058,13700,12070,9651.6,11147,10598,10769,9508.5,10523,6226.8,3830.5,7674.1,11254,10620,12251,11241,11079,10826,10178,10400,7096.2,12652,6171.2,14684,12704,9589.3,9507.2,10193,9426.8,6604.2,8443.8,9091.5,7298.2,5967.6,8840,9529.8,14089,12402,11190,12143,11157,12026,10269,9330.9,11036,9845.2,6315.2,8938.1,11196,9801.3,9595.4,7616.6,11389,10071,6473.9,9080.3,12167,10343,9579.9,7699.7
14141,11760,16137,15723,13549,13326,12286,7970.3,9694.7,8824.6,9503.7,8529.2,10196,6880.3,3784.5,6177.5,11197,10971,10628,11037,11443,10925,9502.7,10576,6820.9,12871,5839.4,14835,12696,9767.3,9770,10753,8011.6,6253.8,8292.6,9232,5194.9,6165.3,9138.5,9846.5,13325,11543,10807,10695,9925.1,10473,10059,9794.9,14806,12334,15406,14904,14129,13734,12066,9675.6,11184,10630,10761,9493,10529,6269.6,3834.2,7660.2,11261,10618,12227,11255,11066,10818,10154,10463,7095.4,12680,6080.9,14696,12719,9572,9497.9,10221,9365.9,6688.8,8465.4,9128.5,7422.6,5939.4,8848.9,9519.9,14071,12418,11202,12052,11134,12077,10282,9224.7,11026,9898,6397.9,8985.2,11079,9815.2,9623.8,7622.7,11399,10090,6486.3,9043.2,11984,10314,9612.5,7703
14129,11750,16132,15727,13555,13306,12285,7948.2,9686.8,8854.7,9464.6,8522.4,10201,6863.8,3786.3,6104.4,11208,10968,10623,11041,11409,10923,9498.2,10549,6842.4,12841,5823.5,14844,12663,9742.6,9769.9,10734,7997.2,6225.4,8276.5,9238.8,5197.4,6177,9181.6,9835.4,13306,11527,10861,10740,9919.4,10478,10061,9757.8,14792,12263,15421,14896,14060,13715,12097,9612.5,11214,10638,10781,9498.3,10547,6204.8,3823.1,7659.5,11285,10604,12242,11226,11078,10827,10139,10494,7058.4,12701,6069.8,14685,12743,9555.8,9523.4,10172,9372.3,6629.9,8436.3,9092.5,7371.6,5977.8,8824.7,9495,14050,12433,11226,12054,11144,12074,10259,9247.9,11007,9860,6338.9,8973.5,11181,9839.7,9614.6,7635.2,11331,10110,6506.4,9079.6,11976,10328,9600.3,7734.3
14131,11757,16120,15727,13556,13274,12276,7967.2,9731.4,8880.9,9445.3,8519.8,10171,6864.1,3795.4,6135.3,11211,10969,10662,11031,11424,10906,9503.5,10542,6845.3,12873,5805.6,14812,12726,9744.9,9756.9,10706,8030.8,6227.9,8274.3,9225.7,5207.5,6155.8,9178.1,9835.2,13268,11531,10842,10705,9875.7,10515,10093,9766.5,14781,12331,15403,14886,14089,13692,12093,9628.7,11186,10599,10775,9503.1,10536,6244.6,3815.9,7693,11269,10621,12219,11218,11057,10813,10151,10475,7071.1,12658,6071.7,14637,12708,9581.5,9504.6,10211,9408.2,6661.6,8444.4,9090.8,7378.6,6015.1,8851.5,9527.6,14096,12380,11227,12102,11145,12072,10299,9240.9,11011,9869.4,6363,8974.8,11090,9818,9636.7,7616,11404,10119,6568.9,9090.6,12197,10358,9658.3,7710.6
14139,11731,16127,15707,13602,13296,12293,7951.4,9714.1,8865.9,9476.8,8523.2,10180,6876.8,3804.5,6140.4,11220,10984,10637,11009,11413,10901,9494.1,10527,6783.5,12860,5815.3,14827,12704,9733.6,9742.7,10735,8014.5,6245.8,8274.3,9229.7,5211.4,6168.5,9113.7,9816.5,13281,11557,10823,10718,9911.9,10517,9999.2,9773.8,14779,12302,15406,14878,14104,13724,12080,9635.7,11151,10592,10834,9504.7,10509,6269.7,3801.3,7648.1,11277,10610,12220,11229,11043,10801,10146,10478,7047.1,12680,6076.2,14650,12724,9547.9,9517.5,10208,9357.8,6635.3,8440,9105,7323.6,5971.8,8840.8,9494.7,14074,12426,11230,12089,11155,12102,10264,9221,11022,9877.3,6373.1,8981,11145,9765.3,9629.4,7642.7,11400,10049,6447.7,9080.7,11993,10365,9620.4,7698.8
14109,11746,16115,15697,13506,13261,12291,7970.1,9751.6,8852.1,9453.1,8539.5,10162,6866,3791.6,6117.1,11217,10987,10612,10995,11396,10910,9481.1,10543,6804,12843,5839.1,14801,12710,9789.6,9777.9,10740,7960.1,6211.5,8269.7,9241.5,5173.8,6170.1,9120.3,9812.2,13250,11571,10831,10699,9931.2,10512,10080,9757.1,14730,12279,15429,14863,14031,13689,12070,9626.6,11185,10583,10777,9516.1,10527,6232.8,3794.6,7683.1,11292,10617,12205,11210,11040,10795,10155,10462,7061.1,12693,6051.2,14674,12738,9557,9537.9,10224,9382.9,6646.6,8423,9103.9,7332.9,5965.8,8826.4,9492.8,14027,12427,11240,12220,11167,12016,10273,9260.2,11029,9907.2,6410.2,8948.8,11197,9813.3,9654.3,7628.7,11359,10124,6435.5,9099.3,12079,10335,9625.1,7722.9
14104,11705,16117,15700,13516,13266,12308,7960.6,9753.5,8892.8,9360.4,8520.4,10170,6890.8,3784.8,6129.3,11233,11040,10630,11052,11388,10914,9500.1,10555,6791.6,12853,5875.3,14795,12699,9739.7,9790.1,10747,7979.4,6197.7,8283.4,9237,5134.6,6132.8,9152.3,9816.9,13282,11547,10823,10695,9941.1,10489,9994.5,9776.8,14738,12291,15408,14850,13991,13629,12091,9612.3,11205,10566,10722,9500.5,10532,6178.9,3799.5,7660.1,11312,10667,12229,11247,11025,10838,10150,10453,6966,12720,6077.8,14622,12738,9568.2,9545.2,10250,9399.2,6665.2,8383.8,9110.5,7337.6,5968.6,8836.3,9491.7,14056,12462,11238,12151,11091,12042,10266,9286.4,10976,9829.6,6268,8922,11254,9789.6,9570.3,7642.8,11359,10021,6445,9102.8,12283,10385,9602.1,7717.3
14090,11685,16110,15676,13531,13273,12294,7920.6,9646.7,8839.1,9356.7,8522.5,10175,6871.1,3813.3,6131.8,11225,11058,10668,11069,11374,10916,9514.2,10568,6764.3,12829,5797.2,14818,12722,9784.6,9791.6,10738,7930.8,6203.5,8249,9216.4,5161.2,6148.1,9113.6,9837.2,13280,11557,10816,10686,9926,10530,10076,9780,14729,12286,15413,14850,13986,13635,12089,9606.9,11154,10558,10681,9519.1,10529,6160.3,3836.5,7674.7,11301,10703,12243,11261,11050,10850,10162,10467,6982.1,12704,6029.7,14662,12731,9566.5,9564.6,10223,9331.7,6661.5,8347,9063.4,7337,5975.6,8832.6,9487.3,14071,12464,11219,12184,11197,11908,10246,9284.4,10947,9857.9,6310.4,8960.5,11061,9865.1,9573.7,7649.1,11375,10032,6477.4,9113.1,12027,10324,9570.6,7712
14091,11694,16117,15688,13492,13241,12280,7912.5,9676.9,8824.7,9431.4,8495.5,10133,6883.6,3795.4,6147.6,11239,11079,10659,11021,11385,10926,9507.7,10504,6814.7,12824,5846.2,14795,12731,9806,9833.8,10745,7923.7,6179.2,8264.2,9216.8,5139.8,6131.5,9093.2,9835.4,13321,11508,10819,10697,9909.4,10504,10039,9769.3,14745,12295,15406,14855,14023,13644,12092,9594.7,11112,10557,10717,9457.2,10513,6226.5,3814.1,7685.3,11308,10738,12216,11237,11059,10858,10170,10453,7004.4,12701,6015,14652,12734,9594.1,9575.7,10224,9303.7,6690.2,8358.7,9076.8,7387,5984.8,8775.9,9505.5,14050,12434,11174,12207,11064,11989,10281,9294.3,10929,9820.4,6307.1,8939.2,11179,9848.4,9565,7637.9,11330,10068,6439.7,9069.3,11986,10265,9598.1,7720.8
14105,11705,16126,15711,13542,13295,12266,7945.2,9680.3,8848.9,9438.2,8514.7,10175,6866.1,3781.4,6116.5,11242,11086,10651,11029,11405,10935,9513.7,10591,6766,12871,5846.7,14795,12730,9789.2,9812.7,10734,7965.8,6181,8241.4,9240.7,5180.5,6116.9,9114.3,9815.5,13325,11520,10791,10637,9909.1,10477,10047,9770,14747,12284,15428,14861,14031,13664,12107,9592.4,11100,10538,10748,9426.7,10474,6205.7,3798.3,7668.7,11297,10712,12224,11255,11043,10837,10160,10466,6957.4,12702,6039.8,14633,12745,9598.2,9553.8,10227,9394,6664.7,8414.6,9097.4,7367.9,5961,8809.6,9495.5,14017,12418,11168,12052,11103,12037,10372,9278.6,10987,9891.5,6276.5,8973,11055,9810,9549.9,7633.9,11320,10131,6456.9,9097,12145,10372,9576.3,7713
14138,11701,16128,15687,13538,13281,12276,7948.4,9663.8,8841.2,9426.3,8511.6,10182,6848.8,3772.9,6139.9,11226,11074,10651,11034,11413,10924,9496.6,10598,6783.4,12883,5844,14799,12720,9825.2,9818.8,10760,7970.1,6201.8,8257.2,9242.7,5132.1,6153,9092.6,9807.5,13267,11554,10861,10660,9956.9,10514,10084,9769.7,14753,12298,15415,14860,14002,13649,12070,9613.2,11100,10517,10771,9455.3,10509,6208.9,3792,7654.9,11294,10711,12234,11283,11073,10832,10144,10486,6986.9,12727,6038.3,14657,12724,9619.8,9575.3,10256,9382.4,6615.4,8285,9098.6,7361.9,5990.6,8817.9,9512,14076,12435,11189,12202,11156,11973,10322,9288.8,10951,9855.9,6317.5,8951,11111,9875.3,9545.1,7628.1,11307,10088,6433,9088.6,12256,10300,9572.9,7728.6
14099,11701,16132,15689,13494,13273,12283,7926.9,9728.7,8849.2,9412.2,8507.6,10164,6927.4,3760.3,6148.8,11230,11088,10666,11047,11402,10922,9492.1,10595,6757.6,12859,5787.9,14816,12750,9794.5,9851.5,10772,7972.6,6189.3,8266.2,9235.2,5089.7,6126.5,9109.5,9843.7,13302,11522,10862,10723,9877.3,10507,10136,9779.7,14750,12316,15417,14849,14029,13610,12076,9590.5,11100,10574,10736,9476.5,10501,6208.3,3801,7660.8,11284,10712,12207,11285,11068,10848,10132,10507,6971.5,12717,5976.5,14673,12773,9603.4,9598.5,10292,9337.8,6644.6,8459.1,9131,7329.6,5988.1,8807.9,9493.7,14074,12456,11176,12122,11207,12031,10351,9271.7,11001,9865.9,6284.5,8977.3,11145,9792.8,9563.8,7649.1,11334,10090,6492.9,9086.8,12105,10334,9563.3,7722
14116,11736,16126,15669,13544,13279,12280,7936,9707.1,8857.9,9428.3,8512,10182,6883.7,3781.5,6110.7,11221,11095,10653,11062,11398,10925,9496.8,10603,6755.5,12843,5877.7,14826,12736,9767.9,9845.6,10770,7963,6210.6,8296.3,9264.5,5140.6,6161.7,9121.3,9818.1,13315,11554,10828,10692,9892,10445,10172,9773.5,14739,12311,15391,14851,14000,13626,12094,9610.9,11078,10590,10711,9460.1,10508,6230.8,3773.9,7663.7,11286,10746,12235,11274,11063,10855,10144,10498,7006.4,12696,6018.4,14666,12761,9613,9591.6,10270,9366.1,6624.4,8406.6,9094.7,7372.8,5983.7,8842.8,9497.9,14086,12443,11205,12167,11154,11959,10336,9266.5,10934,9883.4,6367.5,8938.3,11256,9848.2,9604,7646.1,11337,10116,6434.4,9125.2,12191,10333,9559.8,7701.3
14095,11739,16127,15688,13535,13288,12278,7929.6,9686,8850,9422.7,8494.2,10190,6824.2,3795.3,6105,11217,11075,10667,11045,11383,10928,9497.2,10633,6775,12812,5838.2,14816,12731,9786,9853.4,10793,7956.6,6189.8,8289.1,9269.2,5147.4,6165.6,9097.7,9807.3,13330,11556,10866,10673,9917.8,10493,10142,9767.2,14736,12324,15399,14851,14023,13646,12088,9609.8,11184,10562,10731,9482.8,10515,6174.7,3823.1,7652.4,11295,10715,12246,11292,11083,10849,10120,10525,7003.1,12654,5984.7,14692,12771,9630,9582.3,10287,9351,6635.7,8436.9,9126.6,7362.3,5971.4,8820,9497.8,14111,12469,11214,12165,11193,12010,10331,9270.7,10956,9830.4,6328.3,8957.2,11162,9814.7,9589.3,7646.3,11308,10146,6455,9086.5,12097,10330,9595.6,7715.7
14102,11692,16112,15657,13561,13279,12268,7962,9684.4,8856.2,9441.1,8511,10160,6918.4,3797.2,6101.2,11219,11034,10655,11046,11395,10903,9470.6,10612,6810.2,12834,5868.5,14799,12774,9817.1,9833.4,10742,7972.1,6147.4,8246.6,9255.6,5119.4,6174.2,9083.6,9815.9,13335,11566,10828,10673,9943.6,10495,10177,9767.9,14756,12293,15419,14848,14073,13672,12065,9624.4,11160,10599,10777,9486.8,10487,6249.6,3831.7,7647.9,11312,10710,12206,11251,11093,10833,10100,10494,7037.1,12675,6005.6,14678,12735,9631,9589.1,10262,9391.1,6631.4,8416.1,9093.9,7309.4,5992.4,8797.4,9469.7,14113,12465,11201,12222,11219,11961,10336,9256.1,10975,9813.8,6399.7,8960.2,11282,9841.2,9604,7626.8,11308,10051,6489.5,9077,12071,10347,9636.6,7727.4
14130,11732,16129,15694,13586,13313,12259,7962.4,9670,8847.1,9456,8505.6,10181,6905.8,3777.7,6095.8,11192,11043,10649,11048,11429,10919,9469.5,10548,6819.9,12829,5835.3,14806,12780,9795.3,9812,10739,8002.7,6198.4,8312.3,9243.7,5126.3,6184.6,9099.8,9811.4,13315,11520,10819,10707,9900.7,10466,10027,9754.4,14761,12306,15421,14862,14056,13647,12089,9659.2,11176,10579,10771,9522.7,10492,6252.5,3806.1,7646.7,11294,10686,12222,11276,11079,10824,10100,10416,7034.9,12666,6037.7,14666,12767,9596.4,9560.7,10201,9407,6611.7,8367.6,9082.5,7322.6,5972.4,8819.1,9473,14055,12411,11138,12188,11121,12039,10319,9244.6,10946,9872.7,6274.5,8928.2,11253,9767.4,9581.8,7647.5,11376,10056,6423.2,9067.9,12168,10416,9568,7753.2
14157,11719,16165,15705,13612,13320,12268,7955.3,9757.5,8844.2,9455.4,8540.6,10200,6863.7,3798.3,6126.4,11195,11034,10658,11052,11444,10937,9490.3,10574,6768.9,12782,5862,14814,12733,9779.8,9797.8,10697,8019.1,6237.6,8311.9,9250.6,5100.4,6138.3,9108.4,9794.6,13318,11529,10807,10759,9885.1,10430,10054,9732.9,14780,12295,15434,14895,14111,13650,12088,9630.7,11182,10603,10775,9490.4,10500,6252.2,3809.4,7661.4,11285,10708,12237,11279,11117,10839,10123,10476,7000.1,12667,6008.8,14646,12731,9592.5,9534.4,10246,9429.6,6681.4,8351.7,9096.2,7356.2,5979.3,8801.9,9509.3,14143,12406,11145,12103,11166,12100,10322,9221,10922,9889.7,6409.2,8988.1,11071,9831.6,9603,7642,11317,10096,6440.7,9098.4,11926,10288,9626.8,7712.1
14151,11705,16159,15701,13666,13327,12258,7955.1,9727.2,8846.9,9514.6,8543.9,10197,6873.2,3785.9,6111.5,11191,11048,10650,11056,11441,10939,9513,10576,6804.5,12820,5876.2,14810,12710,9744.5,9795.1,10705,7994.3,6217,8287.9,9245,5130.7,6151,9118.4,9817.5,13334,11525,10802,10720,9964.9,10494,10054,9770,14770,12272,15408,14905,14107,13688,12071,9629.9,11204,10626,10759,9483.9,10535,6282.6,3797.2,7637.6,11265,10685,12242,11277,11053,10823,10127,10467,7084.8,12671,6054,14674,12711,9536,9529.8,10217,9397.9,6629.9,8434.1,9084.2,7288.6,5964.1,8817.7,9509.7,14067,12410,11155,12174,11203,12000,10277,9259.3,10995,9864.8,6321,8985.2,11135,9895.9,9616.8,7620.8,11345,10119,6447.8,9082.7,12132,10328,9596.4,7707
14139,11699,16138,15696,13617,13336,12265,7960.2,9719.6,8875.9,9481,8535.3,10219,6863.1,3801.9,6114.1,11209,11026,10679,11071,11416,10936,9498.1,10574,6760.8,12854,5846.4,14815,12731,9792.5,9784.7,10736,7993.9,6191.9,8306.2,9229.2,5145.1,6154.5,9134.6,9805.5,13315,11527,10823,10695,9980.5,10477,10063,9773.1,14752,12295,15419,14880,14091,13637,12084,9617.8,11172,10617,10771,9499.9,10533,6186.9,3808.8,7675,11279,10669,12248,11293,11100,10838,10133,10455,7002.3,12676,6045.9,14684,12710,9573,9528,10200,9355.6,6668.7,8413.8,9085.7,7340.8,5978.7,8820,9503.2,14098,12462,11209,12183,11178,12031,10348,9258.7,10967,9886.7,6423.1,8975,11118,9864.5,9611.1,7647.9,11346,10127,6532.5,9111.9,12125,10358,9622.7,7714.4
14129,11678,16136,15680,13630,13350,12273,7944.9,9713.9,8873.2,9426.1,8527.5,10211,6921.6,3801.7,6141.9,11188,11029,10665,11055,11426,10934,9498.5,10528,6800.4,12796,5870.4,14827,12719,9789.9,9767.4,10715,8029.7,6209.5,8308.4,9217.2,5132.4,6129.7,9116.6,9811.8,13266,11535,10801,10767,9959.4,10507,10046,9760.2,14758,12321,15403,14887,14069,13623,12076,9619.3,11207,10637,10769,9501.7,10523,6184.4,3815.6,7662.4,11282,10671,12215,11292,11094,10823,10136,10452,6997,12662,6039.4,14676,12746,9548.6,9518.3,10206,9405.8,6613.7,8355,9099.3,7356.6,5972.9,8808.6,9499.3,14070,12442,11194,12183,11128,12047,10268,9253.4,11016,9887.8,6347.2,8943,11131,9803.3,9628.6,7627.6,11341,10084,6505.3,9066.2,12155,10345,9602.8,7726.2
14148,11717,16158,15681,13609,13338,12287,7946.2,9720.8,8833.2,9432.5,8518.5,10203,6894.7,3805.8,6100.7,11189,11009,10646,11052,11451,10926,9488.9,10574,6820,12809,5816.6,14811,12721,9782.3,9760.6,10722,8003.3,6204.8,8246,9219.9,5144.8,6157.2,9098.1,9820.7,13316,11536,10818,10722,9934.6,10514,10060,9747.6,14776,12313,15418,14857,14156,13642,12089,9644.3,11225,10636,10792,9513.3,10529,6268.5,3831.6,7634.3,11286,10656,12209,11296,11103,10818,10139,10475,7053.9,12657,6046.2,14648,12714,9533.3,9526.5,10202,9397.3,6617,8460.2,9113.8,7424.5,5992.7,8819.7,9496.7,14082,12441,11200,12114,11160,12076,10260,9243.3,10996,9855.2,6422,8934.6,11127,9820.6,9596,7637.9,11366,10113,6464.7,9100.3,12136,10351,9583.9,7704
14165,11710,16174,15706,13658,13346,12283,7958.4,9776.8,8877,9449.5,8553.4,10239,6872.4,3797.4,6109.5,11193,11031,10631,11019,11469,10935,9481.1,10583,6827.9,12838,5875.2,14830,12729,9773.7,9780.4,10746,8003.4,6228.4,8344.4,9237.4,5160.4,6135.3,9108.6,9811.1,13235,11513,10825,10742,9940,10532,10011,9762.1,14797,12276,15433,14880,14132,13641,12080,9632.5,11210,10655,10779,9530.2,10544,6261.2,3815.2,7672.2,11285,10658,12210,11259,11073,10814,10144,10494,7037.2,12675,6116.5,14651,12738,9598,9516.7,10195,9394.5,6659.7,8465.3,9101.6,7387.6,5988.8,8802.2,9517,14045,12400,11217,12154,11145,12065,10310,9242.8,10992,9863.4,6373.7,8986.6,11194,9830.5,9635.5,7632.3,11324,10115,6490,9066.6,12007,10351,9587,7719.7
14173,11710,16171,15711,13663,13359,12262,7972.3,9687.5,8892,9477.1,8553.9,10216,6859.4,3803.1,6123.9,11203,10985,10634,10992,11461,10929,9473.1,10587,6868.2,12778,5878.6,14860,12696,9808.5,9787.1,10722,8043.9,6183.1,8264.1,9239.9,5223.7,6172.6,9130.9,9801.4,13277,11527,10809,10728,9968.3,10448,10071,9752.5,14781,12306,15416,14900,14119,13644,12074,9644.6,11169,10613,10781,9505.5,10528,6256.2,3818.9,7657.1,11291,10624,12223,11253,11081,10803,10120,10475,7025.8,12639,6011.4,14659,12698,9584.4,9512.3,10207,9425.2,6616.6,8410.5,9095,7394.9,5993.3,8820.1,9504.1,14103,12405,11206,12167,11190,12061,10364,9211.5,11005,9921.8,6379.9,8983.9,11216,9813.3,9610.8,7652.9,11380,10096,6537.2,9090.5,12057,10322,9592,7727
14148,11700,16174,15716,13667,13341,12284,7979.4,9709.2,8876.6,9448.7,8543.4,10210,6917.5,3797.1,6164.9,11190,10993,10648,11027,11466,10935,9483.2,10601,6773.5,12807,5897.7,14850,12706,9763.6,9755.3,10749,8047.7,6240.4,8274.9,9250.2,5156.1,6194.5,9129.7,9803.2,13328,11557,10817,10715,9926.9,10507,10091,9759.2,14768,12301,15410,14880,14133,13658,12072,9655,11251,10624,10788,9503.2,10544,6210.7,3829.8,7647,11279,10605,12189,11235,11083,10797,10123,10458,7032.6,12651,6056.3,14661,12740,9562,9501.9,10207,9395.2,6612,8419.3,9107.5,7391.9,6011.7,8803.4,9523,14080,12417,11195,12111,11155,12098,10312,9251.3,11013,9886.6,6441.5,9007.4,11180,9745.3,9615.5,7648.7,11357,10125,6547.7,9106.7,12106,10353,9619.5,7718.3
14155,11707,16163,15692,13661,13350,12275,7980.8,9726.2,8907.1,9475.8,8549.1,10226,6900.6,3797.1,6155.8,11183,10977,10650,11044,11460,10941,9495.5,10599,6825.7,12795,5792,14854,12718,9809.8,9797.5,10733,8051.3,6215.5,8251.5,9247,5140.8,6138.9,9125.2,9819.4,13318,11536,10816,10684,9974,10491,10103,9784.5,14771,12287,15406,14861,14118,13638,12054,9654.6,11264,10631,10815,9535.9,10550,6207.1,3838.3,7686.4,11252,10610,12189,11266,11089,10815,10141,10486,7065.9,12661,6061.1,14642,12716,9571.5,9505.9,10249,9404.5,6634.3,8371.3,9105.6,7365.8,6000,8819.7,9526.3,14036,12402,11186,12092,11149,12095,10303,9253.1,11006,9889.5,6319.4,8966.3,11147,9948.4,9613.2,7642.2,11370,10085,6552.6,9110.8,11959,10389,9621,7713.7
14147,11705,16167,15692,13678,13340,12265,7970.7,9716.2,8866.2,9465.5,8550.2,10201,6937.2,3801.4,6116.3,11191,10988,10656,11027,11461,10941,9470,10549,6824.1,12797,5765.1,14847,12712,9779.7,9782.2,10727,8064.7,6207.6,8276.6,9243.1,5172.3,6137.9,9137.6,9831.3,13259,11530,10811,10705,9877.3,10470,10070,9769.6,14765,12248,15415,14863,14139,13650,12053,9633.7,11213,10630,10786,9534,10565,6254.5,3840.9,7642.3,11255,10603,12178,11255,11064,10824,10139,10489,7063,12660,6023.9,14687,12690,9584.4,9503.7,10196,9399.5,6633.2,8397.3,9094.4,7384.7,5951.8,8810.5,9540.2,14052,12425,11158,12203,11116,12089,10262,9252.1,10992,9904.3,6360,8967.1,11208,9884.3,9583,7642.8,11376,10107,6482.8,9067.4,11988,10383,9651,7725.6
14130,11701,16154,15712,13617,13314,12266,7969.8,9708.5,8889.8,9476.3,8550.2,10218,6908.9,3814,6115.4,11189,10978,10638,11028,11429,10951,9496,10550,6796.5,12809,5846.4,14830,12693,9793.1,9779.3,10700,8026,6216.8,8264.5,9232.4,5148.5,6176,9144,9840.4,13313,11506,10811,10745,9891.2,10473,10027,9778.6,14751,12255,15405,14863,14178,13599,12057,9646.3,11225,10644,10806,9543,10554,6195.8,3829.5,7644,11272,10586,12145,11259,11079,10824,10133,10414,7098.1,12662,6047.5,14675,12742,9555.4,9505,10208,9398.5,6631.5,8411.9,9104.1,7372.4,5936.2,8822.2,9535.1,14022,12409,11168,12083,11185,12001,10373,9322.8,10972,9851.9,6395.4,8924.1,11116,9894.1,9655,7637.3,11377,10074,6548,9072.2,12079,10344,9606.3,7704.7
14153,11688,16158,15691,13622,13326,12275,7974.3,9708,8868.3,9452,8567.9,10204,6879.2,3798.5,6123.6,11170,10967,10612,10990,11460,10934,9494.7,10503,6869.8,12816,5871.4,14860,12715,9771.2,9771.5,10693,8015,6224.8,8271,9214.1,5190.7,6162,9119.9,9855.6,13278,11499,10808,10687,9921.3,10458,10085,9781.1,14758,12274,15399,14865,14106,13619,12048,9654.9,11222,10617,10819,9553.5,10579,6280.4,3846.6,7651.7,11276,10604,12141,11192,11057,10802,10143,10454,7042.6,12691,6087.9,14664,12704,9546.1,9502,10198,9388.8,6725.4,8442.3,9089.1,7423.7,5972.6,8813.5,9516.2,14051,12444,11151,12147,11183,11996,10283,9278.9,10952,9851.9,6317.9,8936,11120,9850.8,9623.4,7630.7,11360,10064,6484,9084.2,12092,10360,9595.4,7714.8
14175,11673,16167,15701,13634,13337,12275,7955,9715.2,8849.7,9497,8548.1,10172,6827.3,3775.8,6113.2,11187,10989,10624,11007,11462,10947,9483.6,10500,6837,12791,5917.2,14826,12692,9769.4,9782.5,10660,8030.5,6236.4,8282.5,9200.1,5167.5,6143.4,9088.3,9821.9,13302,11491,10780,10667,9871.9,10421,10055,9768.8,14779,12216,15413,14870,14122,13618,12049,9636.1,11214,10600,10789,9569.4,10571,6285,3858.5,7672.3,11273,10592,12138,11210,11067,10834,10151,10390,7062,12610,6065.8,14667,12648,9597.8,9495.8,10157,9387.3,6628.1,8437.4,9076.1,7386.6,5941.3,8776.1,9504.9,14015,12339,11157,12097,11189,12003,10293,9275.8,11023,9838.5,6267.1,8979.3,11139,9852.2,9610.1,7643.2,11393,10073,6560.4,9111.7,12154,10370,9624.9,7708.6
14179,11680,16174,15698,13604,13338,12279,7955.4,9699.3,8863.9,9471.7,8565.8,10204,6882.6,3793.2,6092.1,11193,10999,10612,11003,11468,10960,9498.4,10476,6860.3,12738,5828.2,14840,12709,9795.9,9785.2,10660,8052.6,6212.1,8307.7,9217.8,5175.9,6149.5,9106.2,9820.8,13238,11490,10771,10752,9938.5,10465,10036,9775,14783,12235,15402,14856,14138,13622,12049,9647,11202,10599,10765,9556.7,10551,6277.8,3863.7,7681.5,11263,10584,12128,11185,11082,10826,10166,10404,7069.2,12592,6050.4,14610,12667,9595.3,9510.4,10125,9410.5,6669.4,8364,9068.3,7420.2,5976.1,8831.4,9547.6,14010,12345,11148,12099,11185,12058,10267,9271.6,10978,9824.8,6346.3,8983.4,11285,9816.7,9594.5,7628.6,11365,10095,6470.6,9116.1,12027,10381,9639.7,7716.6
14198,11667,16208,15721,13639,13348,12262,7989.4,9708.5,8859.4,9484.3,8559.8,10234,6905.5,3817.8,6145.7,11186,11028,10616,10992,11496,10968,9493.4,10476,6854.1,12767,5806.5,14801,12705,9819.7,9800.3,10680,8044.6,6197.7,8274.7,9233.6,5136.2,6137.6,9122.2,9841.2,13288,11474,10748,10700,9875,10438,9918.1,9778.2,14783,12244,15402,14872,14133,13625,12047,9631.4,11205,10640,10790,9561.6,10568,6275.5,3858.2,7660.7,11257,10564,12111,11192,11077,10832,10157,10361,7028.7,12608,6030.2,14616,12678,9561.4,9504.7,10151,9408.4,6697,8444.4,9067.9,7368.3,5960.8,8784.5,9533.2,14031,12347,11160,12137,11181,12017,10237,9263,10972,9826.3,6311.3,8956.3,11170,9821.6,9584,7655.6,11437,10089,6469.2,9101.1,12206,10326,9609.7,7710
14194,11706,16200,15720,13657,13357,12261,7951.4,9698.3,8869.8,9454.2,8583.5,10226,6904.5,3799.6,6126.1,11175,11014,10638,11019,11513,10978,9499.3,10460,6870.2,12805,5829.3,14840,12688,9801.5,9788,10665,8043.2,6184.4,8241.2,9216.7,5169.7,6120.7,9128.9,9849.9,13224,11479,10719,10683,9901.2,10473,9971.3,9780.2,14777,12252,15421,14868,14143,13662,12060,9619.5,11172,10580,10793,9549.9,10547,6230.8,3866,7657,11237,10561,12154,11207,11061,10811,10155,10335,7037.2,12628,6088,14653,12699,9536.4,9496.5,10139,9413.3,6669.9,8419.5,9086.1,7330.9,5985.3,8801,9525.7,13992,12379,11137,12047,11150,11978,10254,9276.8,11038,9847.9,6265.3,8971,11110,9825.2,9587.2,7653.8,11423,10078,6519.3,9097.1,12163,10321,9603.6,7716.9
14204,11686,16186,15736,13632,13334,12242,7959.5,9664.4,8881.4,9501.8,8568.6,10242,6903.8,3802.4,6125.7,11161,10995,10648,11019,11499,10965,9510.3,10489,6814.6,12825,5863.7,14833,12679,9803.5,9754.4,10705,8048.7,6192.6,8243.5,9207.3,5169.2,6165.1,9105.8,9816.7,13251,11515,10756,10679,9862.5,10469,9980.1,9776.3,14790,12265,15419,14864,14124,13614,12042,9630,11159,10631,10747,9571.3,10544,6233.5,3831.3,7669.6,11230,10568,12168,11213,11087,10806,10160,10394,7026.1,12625,6057.3,14660,12703,9578.5,9485.5,10133,9385.2,6686.6,8394.4,9063,7399.3,5993.5,8795.7,9552.6,13956,12386,11167,12126,11103,12064,10185,9258.4,10997,9886.4,6255.4,8966,11111,9886.6,9612.1,7615.9,11382,10097,6486.6,9099.3,12135,10341,9613.9,7724.2
14201,11678,16188,15739,13621,13355,12251,7994.1,9668.8,8865.8,9480.5,8564.8,10232,6958.5,3829.5,6128.1,11155,10980,10670,11003,11484,10970,9482.6,10466,6829.8,12806,5843.9,14871,12705,9781.4,9771.6,10653,8034.2,6235.2,8246.1,9204.9,5129.1,6169.4,9126.1,9820.4,13274,11516,10772,10707,9885.5,10474,9941.5,9793.2,14788,12292,15409,14861,14107,13635,12035,9615.1,11215,10599,10772,9561.2,10548,6203.9,3838.2,7672.8,11257,10553,12145,11188,11081,10802,10136,10365,7033.6,12650,5956.5,14657,12706,9571.6,9485.5,10095,9396.2,6637,8436.4,9068.5,7381.9,5958.1,8809.7,9543.7,14012,12425,11131,12139,11117,11987,10252,9273.8,11008,9829.6,6393.9,8973.5,11181,9852.5,9623.5,7646.8,11356,10084,6444.9,9070.9,12120,10416,9615.9,7719.1
14203,11727,16201,15736,13641,13326,12245,7987.5,9687.3,8861.4,9466.6,8584.1,10227,6949.4,3812.9,6113.9,11157,10971,10622,11007,11528,10944,9482.3,10499,6867.8,12781,5841,14859,12699,9758.8,9752.4,10659,8072.2,6215,8320.5,9217,5190.8,6157.1,9112.1,9810.5,13292,11514,10808,10724,9956.1,10443,9993,9759.3,14779,12276,15425,14851,14135,13638,12050,9638.8,11164,10610,10833,9531.5,10554,6245.4,3821.9,7647.8,11224,10523,12168,11193,11070,10785,10148,10401,7045.9,12645,5996.7,14644,12677,9551.3,9483.5,10107,9404.9,6666.9,8479.6,9054.7,7398.3,5981.6,8793,9503.6,14117,12429,11140,12068,11110,12031,10232,9233.6,10949,9867.6,6390.6,8980.9,11170,9842.3,9648.2,7655.7,11335,10085,6440,9063.4,12096,10351,9605.3,7727.2
14207,11726,16177,15706,13622,13343,12262,7986.9,9712.8,8890.9,9456,8567.6,10228,6885.8,3819.5,6125.8,11170,10973,10641,11019,11485,10963,9489.8,10487,6846.1,12785,5875.8,14838,12702,9794.9,9762.8,10653,8059.4,6192.3,8282.1,9200.4,5173.1,6172,9099.2,9822.5,13248,11523,10790,10698,9894.5,10405,10004,9758.8,14790,12280,15403,14860,14113,13642,12054,9632.3,11159,10636,10785,9558.5,10547,6253.7,3843.4,7657.2,11245,10544,12188,11194,11077,10808,10141,10444,7086,12655,6041.2,14669,12679,9548.4,9492.9,10152,9421.6,6645.8,8443.5,9065.2,7384.3,5960.7,8829.6,9519.9,14020,12401,11176,12081,11166,12039,10264,9254.3,11002,9880.8,6311.3,8961.6,11152,9889,9629.7,7633.4,11402,10077,6465.1,9088.5,12176,10340,9593.5,7716.7
14181,11744,16184,15712,13608,13333,12267,7967.3,9721.4,8868,9460.9,8563.3,10212,6887,3825.7,6110.7,11168,10995,10655,11041,11491,10954,9483.3,10560,6810.7,12784,5842,14813,12731,9761.4,9773.7,10708,8045.1,6216.4,8310.9,9234.3,5158.8,6152.7,9111.9,9826.8,13319,11551,10793,10711,9907,10481,10059,9756.4,14764,12264,15416,14864,14066,13655,12053,9623.3,11235,10616,10857,9540.5,10552,6179.8,3851.5,7656.6,11252,10548,12179,11216,11088,10799,10152,10411,7044.9,12621,5993.6,14655,12706,9549.8,9501.2,10167,9402.3,6618.2,8465,9072.1,7414.3,5958.8,8830.1,9508.7,14043,12417,11182,12132,11178,12069,10254,9236.4,11056,9885.5,6295.2,8929.3,11219,9891.7,9584.1,7636.5,11372,10085,6527.5,9109,12069,10392,9601.3,7698.9
14157,11716,16175,15725,13624,13318,12256,7976.7,9670.2,8859.9,9464.1,8571.4,10209,6864.6,3814.2,6140.3,11172,11026,10652,11028,11498,10955,9485.5,10539,6813.8,12763,5859.5,14807,12693,9757.3,9753.6,10736,8000.3,6224.9,8226.1,9216.9,5134.1,6135.8,9116.5,9809.8,13253,11507,10805,10658,9849.6,10452,10034,9738.1,14756,12286,15422,14866,14052,13591,12051,9631.1,11250,10645,10814,9530.3,10518,6182.7,3834.1,7683.3,11256,10590,12194,11211,11092,10798,10134,10432,6985,12627,6042,14661,12735,9555.9,9494.6,10181,9409.4,6641.2,8422.1,9079.4,7339.1,6009.6,8806.8,9503.1,14079,12423,11210,12080,11058,12004,10262,9229.8,10998,9917.6,6322.7,8969.3,11211,9911.8,9636.2,7655.7,11358,10076,6524.5,9103.1,12001,10395,9582.3,7719.3
14183,11740,16184,15727,13605,13354,12266,7995.3,9703.3,8880.1,9449.8,8566.3,10254,6894.5,3830,6109,11174,11005,10652,11057,11497,10947,9487.8,10533,6781,12772,5868.5,14803,12673,9761.9,9736.3,10708,8044.6,6152.3,8269.9,9229.3,5157.2,6149.1,9140.2,9812.1,13286,11527,10833,10734,9954.1,10478,9997.1,9748.3,14776,12294,15418,14877,14072,13653,12066,9621.2,11218,10644,10751,9502,10545,6241.8,3849.9,7669.5,11246,10566,12213,11252,11085,10792,10137,10426,7032.6,12628,6046.2,14640,12697,9543.4,9477,10165,9367.1,6642.3,8348.7,9078.1,7347.1,5991.1,8825.2,9501,14034,12424,11195,12119,11139,11993,10263,9218.2,10931,9866.7,6428,8950.6,11052,9926.2,9636.2,7641.7,11340,10088,6513.6,9074.9,12179,10376,9606.3,7721.9
14168,11708,16186,15733,13625,13352,12254,7984.9,9716.3,8879.4,9416.9,8566.7,10237,6898.9,3812.3,6116.1,11200,10977,10642,11041,11494,10945,9502.5,10539,6800.5,12769,5856.2,14808,12708,9742,9719.3,10721,8043.6,6220.3,8279.1,9222.3,5127.3,6166.7,9140.4,9818.9,13336,11545,10777,10725,9917.4,10468,9969,9757,14760,12286,15412,14867,14065,13644,12068,9627.6,11208,10591,10775,9526.2,10542,6212.7,3853.9,7677.3,11238,10548,12172,11231,11078,10803,10143,10435,7049,12636,5978,14630,12677,9541.8,9475.1,10184,9367,6677.2,8437.7,9096.3,7395.4,6005.5,8846.7,9501.3,14073,12388,11179,12159,11132,12034,10251,9220.1,11019,9893.7,6395.6,8953.8,11161,9925.7,9578.5,7616.8,11412,10107,6516.5,9070.8,12105,10365,9616.6,7707.4
14157,11716,16169,15727,13598,13312,12266,7970.5,9711.5,8885.3,9478.5,8560.1,10231,6900.3,3820.8,6104.8,11182,10988,10637,11020,11502,10953,9510,10514,6841.2,12804,5838,14835,12718,9750.6,9741.3,10695,8030.8,6213,8238.1,9220,5107.5,6168.5,9121.1,9801.6,13275,11559,10812,10666,9923.8,10549,10025,9740.8,14771,12253,15410,14886,14032,13622,12074,9641.5,11175,10594,10850,9559.5,10563,6232.1,3850.1,7669.6,11259,10552,12192,11224,11069,10804,10138,10431,7041.4,12642,6029.2,14661,12711,9536.4,9480,10202,9405.9,6644,8374.3,9111.7,7393.7,5987.7,8797.3,9499.1,13927,12418,11186,12113,11217,11999,10263,9202.5,11037,9876.8,6428.1,8965,11153,9839.9,9606,7624,11402,10110,6501.4,9062.6,12213,10326,9593.6,7708.1
14161,11738,16170,15711,13592,13309,12265,7980.6,9722,8879.1,9473.9,8545.4,10201,6865.8,3789.4,6129.7,11198,10972,10660,11034,11500,10946,9507.7,10520,6851,12800,5881.2,14798,12683,9752.8,9757.4,10703,8038.7,6223.3,8245.7,9225.4,5123.5,6161.5,9148.9,9796.3,13285,11527,10829,10788,9935.1,10462,9967,9721.6,14769,12308,15411,14867,14048,13624,12054,9650.9,11213,10618,10805,9533,10530,6228.2,3812.3,7703.3,11272,10568,12204,11218,11057,10800,10139,10439,7039.6,12617,6075.4,14676,12727,9551,9505.1,10218,9382.4,6677.5,8386.4,9086.4,7378.3,5988.2,8813.2,9480.4,14064,12419,11239,12124,11110,12072,10248,9185.6,11014,9915.7,6346.3,8950.1,11114,9924.3,9628.9,7641.5,11372,10085,6512.4,9096.1,12094,10379,9602.5,7728
14151,11719,16165,15711,13565,13353,12286,7976.3,9702.2,8868.1,9503.6,8557.8,10202,6906.2,3795.9,6133.4,11207,10982,10666,11035,11488,10957,9502.8,10557,6847.6,12782,5870.7,14803,12695,9755.4,9764.5,10740,8012.2,6220.9,8288.2,9247.8,5159.2,6161.3,9158.4,9823.3,13253,11517,10878,10737,9960,10497,10050,9746.9,14745,12288,15393,14862,14019,13671,12077,9628.8,11214,10650,10774,9539,10558,6254.4,3835.9,7689.8,11269,10579,12215,11239,11083,10826,10137,10461,7034.1,12650,6059,14659,12676,9553.4,9500.2,10262,9379.4,6657.8,8419.1,9088.6,7412.7,5980.4,8814.3,9464.4,13993,12438,11184,12138,11173,12047,10292,9200.6,10983,9936.8,6317.4,8945.3,11176,9939.9,9644.4,7628,11394,10108,6529.2,9089.4,12009,10364,9637,7725.7
14143,11708,16159,15706,13585,13340,12297,7976.2,9677.4,8916.3,9477.6,8568,10199,6923.1,3792.6,6130.8,11194,11005,10684,11065,11464,10952,9502.8,10543,6850,12782,5885.1,14824,12658,9755.6,9737.6,10720,8024.5,6223.3,8319.4,9243.1,5142.3,6130.2,9138,9827.8,13272,11519,10839,10734,9988.7,10476,10013,9759.2,14764,12249,15410,14869,14062,13660,12085,9661.6,11294,10649,10791,9538.9,10574,6248.3,3826.4,7658.7,11261,10584,12238,11243,11062,10813,10133,10450,7074.8,12644,6083.8,14639,12699,9550.4,9483.9,10228,9385.4,6699.3,8424.1,9085.6,7386.4,5989.2,8788.8,9494.3,13977,12420,11216,12214,11191,12056,10256,9221.1,10987,9864.9,6251.2,8964.9,11111,9856.4,9636.6,7639.5,11406,10132,6507.9,9079.9,12120,10358,9615.2,7697
14138,11690,16160,15718,13632,13322,12293,7982.2,9679.5,8868.1,9482.7,8552.6,10219,6861.2,3787.3,6141.2,11217,10981,10674,11015,11443,10945,9511.3,10556,6834.4,12769,5852.5,14843,12687,9738.4,9746.1,10752,8032.4,6180,8262.5,9223.7,5133.4,6151.2,9137.7,9818.8,13252,11531,10800,10726,9955.6,10492,9953.5,9733.9,14763,12243,15405,14877,14021,13635,12073,9623.5,11196,10623,10803,9545.6,10562,6229.7,3808.2,7674.6,11270,10590,12177,11271,11074,10813,10122,10444,7114.1,12600,6157.6,14675,12706,9600,9510.7,10226,9368.5,6659.3,8392.1,9112.7,7384.2,5980.1,8800.8,9480.3,14044,12416,11225,12111,11126,12133,10245,9191.3,10975,9902.4,6205.1,8971.5,11143,9901.7,9639.1,7615.3,11407,10106,6398.8,9108.4,12065,10397,9622.2,7719.1
14159,11728,16139,15717,13617,13341,12277,7960.2,9693.2,8896,9479.1,8580.3,10193,6807.2,3795.5,6124.1,11214,10989,10637,11028,11466,10960,9512.2,10565,6823.6,12812,5911.3,14802,12690,9761.1,9753.4,10769,8037.6,6227.8,8315.9,9252.8,5148.9,6132.5,9147.1,9831.5,13284,11507,10779,10707,9941.5,10430,10040,9760.3,14778,12252,15396,14893,14084,13639,12069,9634.8,11151,10625,10769,9540.9,10554,6203.7,3845.9,7714.7,11285,10570,12156,11222,11062,10813,10135,10487,7118.7,12649,6100.2,14673,12684,9574.1,9486.5,10225,9399.6,6669.8,8411.2,9090,7412.7,5947.8,8808.8,9483.3,14004,12414,11222,12059,11097,12094,10277,9201.1,10961,9892.2,6310.8,8933.4,11124,9877.3,9639.2,7626.7,11382,10091,6513.5,9094.7,12129,10372,9641.9,7705.4
14160,11698,16172,15716,13615,13373,12307,7983.3,9709.8,8858.4,9473.9,8563.7,10219,6868.8,3795.4,6145.2,11213,10992,10655,10996,11476,10949,9506.1,10543,6808.2,12776,5856.2,14812,12668,9763.4,9745.7,10725,8037.6,6182.7,8297.6,9269.2,5109.4,6180.9,9151.8,9806.7,13274,11541,10788,10666,9932.7,10463,9905.4,9725.4,14759,12230,15424,14869,14045,13591,12069,9632.2,11226,10639,10771,9540.2,10528,6201.5,3842.4,7677.9,11262,10588,12161,11231,11075,10813,10112,10508,7071.8,12602,6097,14665,12666,9543.2,9483.3,10219,9388.5,6668.6,8412.2,9109.8,7366.7,5978.1,8810.7,9479.2,14065,12386,11203,12185,11131,12074,10329,9215.6,10949,9881.6,6319,9004.3,11136,9908.3,9621.1,7650.7,11374,10101,6377,9135.6,12127,10336,9658.3,7719.3
14158,11695,16166,15732,13619,13336,12283,7973.2,9709.6,8868.8,9463.1,8562.3,10203,6804.2,3778.2,6142.3,11221,11009,10648,10990,11445,10977,9487.3,10503,6840,12773,5907.7,14840,12642,9789.5,9764.4,10717,8027.8,6208.7,8238.9,9232.9,5145.6,6166,9144.5,9818.5,13275,11505,10789,10633,9924.1,10489,9922.6,9754.1,14755,12215,15409,14868,14058,13638,12073,9628.8,11178,10590,10822,9525.4,10540,6194.2,3828.3,7665.5,11278,10596,12152,11210,11055,10831,10121,10433,7113.7,12602,6101.3,14627,12689,9548.8,9492.3,10207,9370.5,6655.6,8457.1,9096.7,7384.7,5975.9,8790.5,9494,13999,12391,11175,12067,11178,11966,10293,9228.7,11051,9833,6375.1,8958.7,11153,9840.7,9613.4,7624.7,11405,10100,6510.4,9105.8,12008,10335,9604,7712.9
14159,11693,16153,15721,13622,13325,12291,7969.9,9681.4,8884.3,9451.5,8563.3,10216,6902,3797.3,6118.5,11217,11026,10646,11010,11447,10967,9495.2,10547,6823.1,12786,5914.1,14834,12705,9773.7,9768.6,10739,8038,6218.5,8314.8,9256.6,5157.2,6150.7,9146.2,9815.1,13271,11484,10730,10686,9940.5,10471,9923.3,9750.1,14762,12230,15408,14875,14024,13634,12053,9617.7,11125,10593,10851,9543.9,10580,6246.6,3828.8,7658,11276,10623,12151,11213,11075,10851,10120,10468,7071.5,12604,6086.6,14688,12696,9555.4,9517.6,10204,9396.9,6622.7,8435,9090.4,7369,5983.7,8816.9,9502.7,13993,12356,11168,12094,11140,12058,10278,9228.3,11004,9816.7,6344.2,8955.2,11080,9846.3,9600.5,7612.6,11346,10058,6508.7,9122.3,12108,10302,9619,7687.7
14156,11704,16148,15729,13650,13319,12277,7978.3,9633.2,8866.7,9506,8557.6,10193,6929.1,3805,6162.6,11192,11019,10660,10979,11451,10968,9486.2,10535,6872.9,12765,5850.2,14815,12670,9768.7,9766.4,10725,8040.2,6243.1,8302,9238.8,5167.9,6183.8,9126.5,9822.7,13213,11486,10751,10689,9901.8,10426,9921.8,9765.7,14778,12254,15425,14879,14025,13614,12045,9623.3,11177,10591,10797,9536.9,10519,6252.7,3856.3,7650.5,11235,10610,12128,11203,11077,10852,10134,10453,7078.8,12640,6117.3,14665,12667,9587.4,9524.8,10210,9390.3,6644.8,8449.1,9084.6,7373.2,5973.9,8824.9,9501.1,14027,12366,11169,12140,11153,12022,10262,9223.1,10972,9850.1,6290.8,8954.6,11120,9768.5,9619.2,7627.8,11391,10059,6477.8,9068.5,12097,10320,9631.9,7699.4
14156,11664,16159,15724,13627,13333,12281,7981.6,9689.1,8829.6,9516.1,8557.6,10204,6850,3808.9,6130.3,11198,11023,10622,10988,11471,10972,9500.5,10536,6887.7,12773,5865.6,14855,12680,9773.7,9776.3,10756,8050.3,6205.7,8246.9,9234.3,5158.6,6165.3,9141.7,9825.8,13313,11505,10789,10720,9913.1,10422,10036,9789.3,14794,12235,15439,14886,14074,13634,12047,9630.6,11219,10598,10819,9543.6,10555,6251.5,3837.7,7644.7,11253,10603,12090,11204,11104,10856,10113,10454,7117.9,12653,6095.4,14701,12677,9569,9516.1,10189,9389,6712,8369.3,9104,7379.3,5942.1,8810,9478.3,14060,12394,11150,12110,11131,11989,10267,9235.4,10949,9852.4,6391.6,8942.8,11161,9795.1,9610.5,7634.8,11347,10067,6420.2,9071.5,12029,10303,9606.5,7725.2
14172,11709,16165,15713,13628,13304,12263,7971.9,9678.5,8841.9,9449.9,8576.8,10203,6895.5,3798.4,6133.9,11199,11041,10620,10964,11469,10970,9475.9,10555,6857.9,12767,5874.1,14824,12668,9794.7,9774.7,10729,8048.3,6195.5,8290.8,9235.5,5162.2,6155.4,9134.5,9824.2,13238,11468,10763,10647,9869.1,10465,10033,9782.8,14806,12265,15433,14900,14056,13658,12056,9617,11147,10612,10826,9532.6,10518,6296.2,3828.7,7655.4,11237,10586,12105,11224,11102,10854,10099,10431,7106.8,12601,6165.3,14697,12695,9585.1,9504.9,10191,9416.1,6677.1,8392.3,9073.6,7364,5955.6,8809.6,9514.4,14009,12348,11177,12058,11109,12072,10260,9220.8,10978,9878.4,6329.3,8936.3,11038,9793.8,9629.9,7615,11356,10109,6458.3,9073.3,12183,10339,9588,7705.2
14166,11675,16161,15703,13610,13296,12261,7981.2,9688.3,8858.3,9465,8562.5,10195,6882.7,3809.1,6129.9,11190,11003,10590,10965,11470,10964,9480.4,10515,6833.4,12756,5874.7,14803,12712,9783.9,9778.4,10780,8079.6,6212.5,8287.4,9235.5,5186.8,6181,9117.4,9812.5,13246,11495,10807,10712,9898.1,10495,10086,9764.4,14806,12215,15452,14910,14025,13629,12061,9636,11201,10615,10824,9567.4,10547,6285.8,3822.9,7650.9,11241,10613,12091,11199,11128,10847,10096,10455,7127.4,12576,6118.9,14690,12679,9576.9,9528.1,10182,9397.9,6692.1,8455.8,9108.7,7408.6,5947.1,8804.7,9491.9,13939,12349,11176,12121,11164,11958,10274,9244.2,10977,9840,6257.1,8928.2,11113,9794.7,9595,7630.8,11440,10062,6529.6,9092.4,11936,10319,9624.2,7706.9
14170,11680,16165,15712,13614,13294,12265,7983.3,9655,8890.5,9492.2,8577.6,10213,6860,3802.4,6153.5,11190,10996,10607,10976,11482,10975,9479.1,10566,6904.9,12784,5860.9,14879,12709,9817.9,9796.4,10784,8050.5,6201,8272.1,9248.9,5144.5,6177.6,9118.2,9790.3,13258,11476,10782,10654,9861.3,10454,10013,9770.3,14813,12247,15428,14894,14028,13632,12039,9633.4,11191,10607,10856,9527.2,10562,6277.3,3863.8,7648,11231,10595,12099,11187,11103,10856,10089,10460,7111.1,12581,6118.5,14731,12703,9599.1,9541.2,10198,9399,6707.7,8386.1,9110.7,7373.2,5959.3,8831.4,9504.1,14014,12358,11146,12020,11105,12009,10337,9228.8,10980,9824.9,6264,8972.7,11071,9833.4,9616,7628.9,11344,10044,6467.5,9095.8,12119,10290,9635.4,7702.9
14195,11681,16178,15708,13645,13304,12250,7997.6,9675.1,8864,9527.8,8548,10192,6929.4,3810.6,6131.2,11193,11015,10588,10963,11481,10975,9456.3,10516,6897.5,12772,5906.5,14859,12694,9824,9784.3,10738,8075.3,6217.3,8313.3,9228.5,5161.3,6137.3,9116.5,9802.1,13243,11478,10781,10651,9898.4,10480,10001,9763.3,14806,12248,15420,14889,14097,13662,12032,9665.6,11126,10582,10851,9552.6,10528,6270.6,3863.5,7639.3,11246,10581,12103,11195,11107,10849,10100,10432,7146.7,12603,6107.7,14679,12691,9551,9521.7,10200,9394.1,6683,8355.9,9073.8,7411.1,5995.8,8809.4,9499.7,14025,12336,11156,12123,11130,12004,10317,9242.9,10971,9899.9,6375.6,8924.8,11070,9804.6,9582.2,7607.5,11344,10046,6530.1,9093.7,12014,10330,9584.2,7699.4
14230,11685,16175,15742,13604,13317,12250,7989,9723.3,8847,9515.5,8561.3,10224,6877.5,3784.9,6133.3,11197,11011,10592,10961,11470,10967,9477.2,10493,6876,12770,5871.6,14850,12647,9818.9,9791.9,10679,8057.5,6215.1,8328,9219.9,5112.9,6163,9131.5,9829.1,13274,11473,10769,10677,9869.4,10467,9916,9769.4,14819,12213,15429,14905,14062,13658,12042,9652,11205,10560,10858,9530.5,10527,6270.7,3842.2,7651.2,11225,10572,12109,11212,11083,10834,10095,10445,7098.7,12634,6150.5,14706,12637,9587.6,9535,10171,9383.7,6685.7,8400.5,9084.6,7415.1,5998.1,8805.1,9492.8,14024,12351,11166,12164,11108,11901,10277,9219.4,10983,9870.5,6335.8,8960.5,11166,9779.1,9596.3,7600.3,11344,10088,6423.6,9063.3,12085,10339,9588.2,7707.5
14197,11695,16170,15743,13627,13336,12245,7967.1,9655.7,8844.1,9469.9,8551.2,10187,6923.1,3798.9,6135.3,11195,11016,10620,10963,11467,10976,9465,10509,6866.8,12788,5879.8,14862,12687,9806.4,9774.2,10712,8065.7,6234.2,8276.4,9216.4,5200.3,6168.7,9122.3,9812.5,13266,11506,10746,10632,9868.8,10444,10021,9761.8,14820,12241,15428,14889,14023,13647,12031,9631.4,11189,10565,10849,9531.2,10486,6265.2,3876.3,7648.6,11235,10600,12111,11201,11105,10863,10108,10438,7075.2,12633,6124.6,14677,12697,9598.4,9520.3,10217,9402.7,6705.9,8399.1,9071.3,7389.2,5942.8,8804.7,9505.9,13955,12362,11159,12108,11103,12008,10314,9194.2,10955,9853.4,6251.9,8950.4,10990,9857.3,9569.6,7636.7,11321,10081,6468.2,9065,12143,10311,9649.5,7724.4
14193,11690,16173,15758,13662,13326,12237,7989.5,9658.8,8837.3,9497.5,8552.2,10190,6897.8,3791,6131.5,11181,11005,10606,10970,11480,10966,9468.3,10493,6844.2,12793,5870.7,14850,12689,9829.9,9789.7,10667,8055.5,6246,8316,9223.1,5170.4,6140.7,9104.3,9815.8,13247,11520,10762,10660,9897,10490,9975.2,9757.2,14837,12252,15443,14888,14094,13609,12031,9648.9,11201,10593,10830,9532.8,10518,6244.4,3862.1,7648,11238,10599,12108,11180,11114,10863,10099,10412,7103.6,12612,6052,14740,12709,9606.2,9535,10205,9384.7,6693,8389,9075,7443.2,5947.8,8809.2,9483.1,14020,12308,11165,12072,11123,11993,10214,9175.4,10958,9842.1,6394.9,8923.6,11232,9821.3,9601.9,7621.9,11357,10059,6491.3,9055.2,12064,10289,9584.1,7710.8
14189,11705,16153,15710,13617,13296,12236,7991.6,9672.2,8830.5,9463,8546.8,10184,6894.7,3806.1,6118.3,11178,11012,10614,10978,11453,10955,9470.4,10483,6823.1,12782,5835.4,14837,12720,9818,9781.5,10734,8066.6,6236.7,8316.7,9214.5,5143.5,6160.2,9131.3,9819.8,13279,11515,10784,10652,9906.5,10505,9945.6,9758.8,14821,12250,15427,14886,14043,13621,12010,9656.9,11171,10613,10869,9519.8,10511,6298.6,3835.6,7639.5,11234,10593,12120,11193,11106,10865,10101,10438,7106.1,12596,6158.7,14685,12721,9632,9544.7,10219,9414.9,6723.7,8389.7,9082.8,7445.7,5988.1,8847.5,9480,13973,12344,11159,12113,11121,11991,10300,9192.9,10934,9874.1,6334.6,8937.9,11032,9803.5,9596.9,7620.2,11352,10075,6399,9074.3,12093,10264,9624.3,7696.5
14208,11684,16185,15738,13680,13311,12234,8007.6,9653.8,8848,9467.7,8564.8,10209,6908.6,3818.4,6123.3,11188,10981,10602,10959,11483,10958,9462.4,10499,6849,12742,5911.5,14855,12711,9801.2,9781,10729,8082.7,6239.8,8275.1,9206.3,5148.5,6166.5,9103.9,9789.8,13170,11505,10775,10700,9916.1,10477,10019,9729.1,14824,12231,15440,14930,14115,13636,12033,9628.4,11252,10618,10870,9519.5,10541,6306,3824.7,7639.7,11225,10581,12142,11201,11092,10851,10076,10403,7125.9,12611,6124.6,14663,12688,9577.8,9513.7,10187,9433.7,6723.3,8476,9077.3,7388,5965.7,8794.6,9472,14018,12317,11111,12140,11147,11952,10250,9196.9,10959,9879.7,6292.3,8953,11083,9818.9,9595.2,7620.4,11381,10090,6487,9073.5,12213,10374,9631.3,7699.7
14227,11681,16179,15770,13661,13362,12219,7979.5,9715,8818.8,9494.6,8569.4,10206,6934.6,3809.3,6127.8,11164,11037,10618,10993,11508,10980,9474.7,10490,6874.3,12750,5817.1,14857,12703,9821.2,9781.7,10707,8074.7,6282.1,8329.7,9218.2,5165.4,6169.9,9113.3,9816.2,13260,11483,10771,10686,9893.3,10435,9957.5,9756.9,14831,12265,15421,14927,14105,13639,12012,9626.5,11165,10593,10867,9537.7,10533,6294.2,3868.2,7687.8,11208,10584,12119,11203,11090,10855,10107,10399,7076.6,12581,6081.1,14675,12668,9582.5,9543.9,10173,9394.2,6687.8,8443.4,9097.6,7374.1,5993.2,8805.8,9483.2,13944,12310,11143,12130,11184,12013,10276,9198.6,10992,9856.5,6290.6,8948.8,11174,9786.5,9610.7,7639.9,11323,10042,6440.6,9069.4,12052,10367,9613.9,7704.5
14230,11673,16168,15760,13686,13335,12212,8003.5,9682.8,8834.5,9522.6,8553.1,10227,6914,3782.1,6101.5,11162,11009,10598,10975,11498,10975,9469.9,10510,6908,12790,5918.9,14799,12688,9784.8,9789.9,10688,8099.9,6213.8,8296.8,9210.1,5120.6,6170.5,9144.3,9833,13253,11497,10801,10708,9849.6,10447,10044,9735.3,14815,12237,15412,14928,14146,13645,12004,9647.6,11209,10590,10873,9549.4,10506,6280.3,3836.8,7659.2,11226,10570,12119,11206,11056,10853,10116,10415,7082.2,12596,6074,14652,12700,9602.7,9521.9,10150,9433,6660.3,8405.4,9069.9,7400.3,5999.6,8810.5,9474.6,13943,12336,11137,12116,11081,11978,10258,9210.3,10977,9827.7,6317,8938.5,11208,9812.1,9596.9,7626.3,11367,10089,6457.2,9059.4,12051,10324,9593.6,7697.7
14236,11699,16186,15738,13643,13318,12208,8005.4,9731.7,8862.1,9543.8,8556.4,10210,6903,3792.5,6128.6,11155,10993,10555,10960,11501,10978,9478.8,10502,6908.9,12741,5865.8,14823,12678,9805.2,9797.4,10699,8073,6207.2,8302.4,9220.1,5149.7,6162.8,9116.1,9823,13222,11480,10769,10655,9897,10418,10088,9734.3,14822,12208,15426,14908,14161,13608,12011,9652.1,11191,10599,10921,9539.8,10531,6297.4,3857.1,7637.8,11222,10572,12134,11190,11075,10836,10109,10411,7114.1,12579,6086.5,14655,12674,9576.9,9521.1,10159,9422.8,6652.6,8414.4,9099.8,7414.7,5969,8788.1,9477.6,13950,12325,11149,12018,11050,11906,10305,9190.9,10971,9888.3,6375.2,8937,11104,9837.2,9595.7,7618.8,11389,10084,6426.5,9055,12148,10341,9620.4,7699
14208,11684,16192,15734,13683,13314,12225,7995.4,9730.2,8824.2,9565.1,8565.5,10226,6910.6,3820.5,6098.4,11127,10982,10560,10967,11506,10991,9465.9,10547,6929.8,12761,5861.3,14838,12664,9799.1,9800.9,10732,8057.8,6240.2,8265.2,9242.7,5185.4,6154.4,9130.6,9834.6,13191,11478,10751,10648,9922.5,10484,10036,9754,14809,12216,15407,14902,14171,13642,12022,9639.4,11262,10585,10898,9543.1,10544,6334.6,3873.4,7638.6,11237,10584,12153,11197,11061,10871,10121,10446,7128.2,12597,6108.6,14669,12679,9562.4,9540.5,10158,9409.9,6710.6,8439.5,9095.4,7414.2,6000.9,8813.4,9495.9,13885,12304,11167,12075,11096,12012,10328,9226.1,10975,9859.8,6249.2,8955.8,11130,9768.8,9627,7634,11423,10065,6484.7,9104.8,11981,10336,9604.9,7712.6
14214,11692,16186,15720,13667,13331,12199,7994.5,9718.5,8814,9531.6,8582.4,10180,6869.1,3803.8,6099.3,11122,10990,10539,10944,11521,10981,9467.3,10559,6915.5,12753,5882.9,14794,12668,9805.1,9804.2,10725,8092.7,6226.4,8305.4,9232.8,5148.1,6168,9139,9825.8,13248,11449,10786,10719,9895.7,10480,10043,9760,14804,12217,15417,14888,14178,13641,11999,9654.5,11237,10588,10914,9558.4,10552,6311.1,3833.1,7650.4,11212,10574,12130,11167,11075,10861,10110,10445,7126.2,12553,6058.8,14709,12704,9568.3,9524.2,10165,9443.2,6622.8,8460.3,9072.7,7385.8,5964.5,8837.9,9506.3,13946,12295,11149,12031,11153,11965,10325,9214.2,11038,9822.2,6351.3,8948.7,11194,9866.4,9655.2,7628.4,11407,10053,6512.3,9110.3,12136,10328,9594.3,7707
14204,11680,16160,15722,13693,13319,12202,8003.4,9697.4,8824.3,9575.3,8579.1,10207,6869.2,3799.8,6094.4,11136,10965,10556,10951,11497,10972,9479.4,10555,6877.3,12752,5957.3,14819,12678,9810.6,9789.6,10736,8091.2,6251.4,8320.4,9231.6,5153.4,6182.3,9164.6,9842.9,13261,11499,10775,10641,9838.6,10471,10120,9765.4,14804,12251,15406,14883,14153,13605,12008,9659.8,11233,10598,10881,9550.8,10567,6353.5,3842.4,7626.2,11225,10556,12106,11179,11066,10866,10114,10472,7117.5,12585,6090.3,14669,12680,9584.3,9533.5,10218,9386.4,6649.9,8480.3,9086.8,7365.3,5962,8809.9,9479.8,14014,12320,11132,12041,11073,11955,10333,9225.1,11009,9863.5,6337.6,8945.4,11100,9855.2,9624.1,7611.2,11404,10081,6467,9069.7,12249,10430,9596.3,7704.9
14188,11676,16159,15706,13639,13289,12228,8012.2,9737.6,8857.1,9525.1,8570.5,10211,6848.4,3789.3,6081.9,11158,10951,10556,10973,11529,10971,9476.8,10560,6860.2,12744,5909.4,14853,12692,9804.4,9818.4,10734,8071.9,6237.5,8300,9247.9,5114.7,6129,9153.2,9828.1,13249,11479,10801,10670,9867.6,10519,10186,9754.2,14790,12239,15403,14872,14157,13617,12023,9655.4,11263,10600,10882,9549,10532,6296.9,3823.2,7596.4,11244,10589,12117,11165,11063,10856,10101,10486,7109,12573,6063.2,14709,12691,9584.3,9559.7,10200,9404.9,6617.9,8436.6,9084.9,7411,5958.8,8821.5,9486.4,13943,12311,11203,12007,11116,11997,10367,9200.8,10988,9790.4,6356.3,8954,11122,9833.4,9622.5,7624.2,11403,10054,6477.6,9049.4,12118,10360,9608.6,7677
14193,11684,16177,15715,13652,13342,12239,8001.4,9735,8874.4,9511.9,8597.9,10238,6874.1,3805.8,6074.7,11156,10969,10527,10954,11546,10971,9465.7,10594,6868.1,12759,5880.6,14878,12671,9834.4,9821.6,10759,8057.7,6174.8,8296.6,9272.6,5115.9,6161.3,9127.3,9794.7,13319,11494,10755,10636,9875.4,10410,10123,9756.2,14779,12259,15389,14857,14152,13608,12007,9647,11281,10562,10903,9549.7,10555,6257.6,3859.5,7623.6,11231,10568,12049,11159,11064,10829,10108,10481,7099.4,12587,6129.7,14691,12696,9584.6,9539,10191,9396.4,6707.8,8433.9,9113.4,7442.9,6018.4,8810.3,9499.4,13979,12314,11144,12033,11141,12054,10345,9225.1,10971,9828.2,6324.9,8946.4,11017,9895.9,9621.8,7632.5,11423,10068,6471.5,9061.8,12183,10416,9590.2,7701.7
14227,11648,16180,15716,13682,13319,12222,8023.2,9698.8,8868.1,9532.6,8602.2,10199,6933.2,3813.4,6086.5,11165,10954,10517,10945,11524,10971,9466.9,10560,6914.3,12719,5915.4,14842,12698,9773.3,9808.9,10717,8113,6265.2,8317.8,9220.1,5185.1,6157.3,9144,9802.5,13241,11476,10744,10668,9906.1,10444,10063,9759.1,14786,12225,15395,14875,14173,13648,11995,9658.2,11244,10573,10909,9552.9,10559,6346.3,3841.5,7663.2,11229,10545,12072,11173,11053,10839,10121,10457,7136.1,12590,6081.6,14615,12635,9558.1,9529.8,10181,9390.1,6701,8418.8,9098.8,7408.2,6019.7,8795.8,9487.8,13950,12333,11144,12132,11156,12015,10340,9231.9,10978,9793.4,6314.8,8963.6,11196,9820.4,9629.2,7632.4,11382,10074,6532.8,9040.1,12146,10325,9619.5,7695
14232,11680,16181,15723,13711,13298,12224,8005.2,9669.5,8872.3,9547.2,8601.5,10216,6898.6,3829.1,6120.5,11164,10965,10488,10941,11546,10982,9461.6,10585,6905.6,12738,5887.5,14844,12685,9818.7,9800.5,10735,8133.7,6259.6,8269.2,9216.7,5166,6168.2,9147.6,9816.5,13248,11492,10744,10643,9867,10391,10035,9764.4,14795,12206,15401,14892,14208,13604,12004,9695.3,11253,10599,10859,9555.4,10565,6255.6,3873.4,7667.3,11230,10563,12080,11178,11058,10838,10112,10499,7137.8,12533,6178.3,14648,12685,9569.1,9510.5,10211,9442,6667.8,8370.4,9091.9,7425,5974.6,8816.6,9480,13920,12305,11130,11988,11088,12004,10350,9225.8,10992,9810.2,6283.3,8961.4,11078,9849.5,9614.3,7625.9,11388,10010,6407.8,9076.7,12201,10347,9618.5,7692.9
14180,11692,16174,15702,13687,13286,12239,7983.3,9729.2,8823.2,9552.9,8576.4,10210,6906.4,3821.9,6081.4,11170,10946,10525,10968,11528,10971,9465.5,10604,6857.9,12730,5855.5,14865,12687,9813.1,9812.4,10738,8084.8,6209.9,8241.2,9220.2,5154.5,6161.2,9109.6,9814.9,13289,11488,10783,10634,9932.9,10455,10130,9769.7,14781,12210,15423,14877,14147,13589,12018,9661.4,11236,10584,10835,9582.3,10556,6252.4,3848.4,7624.6,11243,10566,12101,11194,11058,10845,10116,10486,7062.5,12588,6111.7,14667,12678,9589,9541.6,10247,9397.8,6667.4,8365.6,9103.3,7395.2,5993.9,8802.9,9485.3,13970,12336,11153,12194,11162,11989,10392,9268.8,10991,9807.8,6327.4,8954.6,11112,9868.1,9622.6,7623,11387,10064,6482.4,9077.1,12083,10346,9605.3,7694.9
14172,11695,16155,15685,13681,13322,12226,7988.4,9680.5,8882.9,9520.7,8569.4,10205,6940.4,3820.8,6090.5,11166,10946,10532,10956,11515,10948,9475.6,10601,6850.8,12774,5878,14877,12715,9805.9,9807.8,10799,8072.9,6223.9,8295.4,9233.9,5192.5,6177.9,9134.8,9818.9,13244,11483,10756,10686,9855.5,10448,10102,9783.8,14776,12250,15421,14898,14131,13589,12012,9642.4,11205,10610,10872,9563.6,10569,6293.3,3830.4,7643.5,11254,10541,12076,11177,11069,10834,10104,10476,7048.8,12587,6073,14671,12743,9578.6,9543.1,10239,9412.1,6688,8403.6,9086.5,7343.4,5980.1,8804.2,9495.7,13934,12336,11184,12008,11192,12080,10356,9251,11014,9793.2,6347.5,8953.5,11151,9893.4,9624.7,7648.6,11343,10050,6433.6,9078.5,12057,10354,9622,7720.7
14212,11672,16184,15707,13672,13311,12229,8004.5,9702.1,8847.4,9499.6,8571.1,10215,6935.5,3808.1,6111.2,11172,10950,10536,10955,11527,10974,9476.9,10586,6891.7,12761,5840.8,14850,12689,9812.1,9816.7,10736,8080.2,6213.6,8274.6,9241.7,5164.8,6164.2,9118,9810.2,13216,11473,10734,10635,9820.8,10502,10136,9774.1,14775,12233,15416,14901,14150,13634,12010,9631.8,11254,10617,10808,9572.5,10564,6238.6,3824.6,7621.1,11244,10510,12087,11179,11057,10838,10113,10454,7139.4,12593,6095.3,14644,12715,9581.7,9540.8,10197,9421.4,6703.2,8410.7,9085.8,7370.9,5960.4,8828.9,9507.9,13982,12346,11139,12089,11107,12000,10316,9240.5,11000,9816.2,6362.2,8967.2,11033,9890.2,9608.7,7647.7,11366,10062,6445,9092.7,12127,10359,9594.6,7695
14206,11710,16176,15708,13643,13326,12234,8011,9748.7,8857,9529.2,8585.5,10238,6899.5,3795.7,6082.4,11161,10924,10508,10970,11499,10962,9486,10594,6845.5,12755,5844.9,14847,12690,9827.7,9825.5,10755,8071.9,6262.5,8284.7,9256.4,5146.3,6142.9,9120.6,9807.9,13261,11506,10780,10690,9884.4,10500,10116,9785.8,14774,12263,15426,14882,14146,13577,12014,9658.5,11250,10653,10810,9536.8,10576,6290.5,3836.4,7629.6,11248,10521,12099,11185,11059,10829,10123,10461,7090.2,12604,6088.1,14674,12718,9601.9,9553.5,10238,9419.5,6670.4,8489.4,9114.3,7345.1,5961.5,8807.2,9505.9,14016,12361,11198,12076,11192,12068,10335,9240.8,10965,9839.6,6334.9,8965.5,11185,9832,9603.3,7598.6,11387,10051,6429.2,9079,12184,10326,9625.5,7711.5
14182,11704,16159,15677,13603,13286,12244,7993.5,9715.8,8873.4,9515.3,8585.5,10208,6867.1,3777.6,6107,11172,10929,10526,10976,11526,10976,9491.6,10577,6896.8,12783,5894.7,14891,12704,9809.1,9820.7,10792,8080.3,6206.5,8276.7,9266.5,5144.7,6128.7,9115.8,9816.5,13250,11532,10822,10711,9880.1,10484,10185,9799.3,14763,12241,15423,14875,14146,13580,12026,9667.5,11274,10616,10828,9549.9,10601,6235,3812.1,7617.5,11264,10555,12130,11194,11070,10835,10110,10494,7124.8,12616,6118.6,14664,12670,9548.1,9575.6,10313,9409.1,6636.7,8397.4,9117.9,7372.3,5981,8806.9,9508.7,13978,12349,11174,12086,11182,12043,10359,9255.5,10998,9854,6400.8,8948.1,11131,9902,9623.7,7612.5,11382,10060,6473.7,9075.7,12146,10400,9635.3,7694.4
14181,11721,16170,15696,13611,13277,12235,7979,9732.9,8878.9,9515.9,8568.7,10197,6890.2,3775.8,6122.5,11165,10903,10519,10963,11486,10957,9484.2,10595,6885.6,12798,5920.3,14868,12699,9823.2,9829.9,10807,8069.2,6243,8306.8,9266.3,5156.2,6119.7,9137.2,9820.3,13190,11516,10806,10698,9896.8,10504,10138,9788.5,14756,12256,15393,14873,14157,13540,12010,9648.3,11314,10643,10839,9533.6,10563,6276.4,3843.1,7614.7,11259,10551,12132,11191,11050,10837,10118,10514,7170.3,12600,6119.7,14675,12726,9564.4,9563.5,10295,9418.6,6618.7,8424.1,9120.8,7410.2,6024.7,8849.2,9494.4,13957,12385,11200,12154,11163,12088,10369,9245.5,10970,9855.4,6362.5,8971.6,11134,9891.7,9605.1,7626.2,11372,10081,6396.4,9088.9,11991,10371,9642.8,7692.5
14197,11712,16178,15685,13609,13245,12241,8009.1,9770.3,8897.3,9515.1,8561.4,10212,6933.4,3806.9,6105.5,11169,10896,10507,10937,11497,10949,9477.4,10582,6869.7,12831,5857.4,14875,12704,9833.1,9812.2,10790,8077,6226.8,8295.8,9231.8,5146.7,6155.4,9139.7,9820.8,13233,11536,10835,10672,9920.1,10501,10099,9768.9,14768,12258,15402,14851,14141,13566,12007,9639.3,11254,10623,10856,9529.9,10579,6271.6,3854,7596.9,11256,10559,12154,11207,11031,10823,10120,10476,7136.9,12629,6104.6,14665,12737,9573.3,9566.9,10259,9443.7,6610.7,8480.7,9122,7379.3,5987.3,8844.8,9508.6,14043,12405,11192,12093,11179,12017,10358,9237.2,11002,9880.6,6298.7,8965.1,11179,9945.8,9613.6,7629.2,11412,10077,6397.3,9088.7,12104,10380,9636.4,7711.1
14176,11698,16191,15695,13603,13291,12267,7989.1,9729.4,8881.5,9508.8,8572.2,10236,6911.8,3811.6,6104,11180,10923,10512,10988,11506,10942,9472.9,10629,6865.5,12794,5898.6,14861,12717,9828.5,9821,10797,8064.8,6212.4,8273.6,9248.3,5137.5,6180.7,9143,9811.7,13289,11538,10851,10720,9892.2,10561,10155,9764.7,14748,12252,15421,14869,14096,13591,12038,9638.7,11305,10637,10878,9563,10569,6210.5,3835.8,7633.4,11272,10541,12122,11193,11036,10802,10117,10485,7098.1,12638,6091.4,14696,12709,9576.9,9575.3,10265,9401.4,6633.8,8394.3,9118.6,7321.8,5992.8,8821.4,9508.1,13991,12416,11194,12103,11152,12020,10426,9248.6,10975,9858.9,6349.9,8962.7,11101,9922.7,9607.7,7621,11454,10061,6380.7,9090.7,12130,10407,9616,7724.4
14191,11738,16167,15698,13615,13286,12242,7993.7,9751.2,8863.9,9486.3,8577.3,10210,6897.7,3796.8,6097.8,11171,10922,10528,10982,11486,10946,9472.8,10603,6847.6,12847,5923.7,14841,12768,9832.9,9803.7,10802,8046.8,6211.7,8267.6,9268.8,5149.2,6173.3,9118.1,9835.5,13242,11538,10818,10689,9949.1,10451,10096,9777.7,14751,12263,15404,14887,14145,13542,12032,9655.3,11315,10667,10845,9536.6,10574,6213.8,3828.4,7659.4,11258,10565,12164,11220,11028,10813,10143,10508,7104.6,12673,6112.8,14654,12789,9619.2,9563.9,10266,9409.2,6641,8423.4,9141.8,7393.7,5974.1,8852.8,9536.9,14018,12386,11212,12151,11145,12001,10379,9236.2,10973,9848.1,6364.9,8968.2,11157,9884.7,9631.2,7630.1,11423,10084,6482.8,9073.2,12320,10372,9588.1,7700.6
14171,11730,16154,15659,13602,13254,12257,7967.4,9733,8884.1,9525.9,8575.7,10208,6916.8,3779,6083,11184,10915,10529,10966,11454,10952,9487.6,10630,6870.6,12852,5878.7,14803,12688,9811.8,9809.2,10789,8042.9,6216.1,8293.6,9252.7,5159.1,6180.9,9132.7,9838.2,13226,11573,10846,10672,9926.7,10452,10168,9784.7,14766,12241,15380,14861,14085,13593,12041,9667,11251,10606,10857,9523.6,10576,6267.3,3830.5,7655.4,11279,10572,12175,11204,11028,10828,10145,10512,7125.6,12669,6083.9,14648,12710,9604.4,9566.5,10272,9426.8,6675.5,8417.2,9130.8,7421.7,5982.7,8860.5,9528.4,14020,12422,11200,12125,11124,12028,10403,9245.9,10981,9874.2,6324.4,8972.8,11077,9951.7,9585.3,7646.8,11385,10091,6421.7,9094.4,12194,10431,9601.1,7687.7
14174,11718,16157,15662,13623,13280,12264,7953.9,9760.8,8890.8,9496.3,8584.5,10205,6892.7,3763.9,6088.8,11198,10963,10521,10953,11438,10942,9483.7,10579,6931.8,12852,5959,14820,12706,9794.6,9819.7,10818,8038.7,6225.5,8281.6,9271.6,5181.4,6173.6,9156.5,9823.6,13277,11561,10827,10721,9913.9,10525,10126,9778.5,14755,12257,15382,14865,14116,13596,12054,9643.3,11272,10645,10842,9522.7,10557,6262.6,3841.2,7621.1,11284,10572,12174,11205,11007,10824,10135,10515,7089.5,12653,6145.6,14642,12728,9578.1,9561.9,10302,9407.6,6659.2,8329.5,9111.6,7380.9,6019.3,8862.3,9541.1,14046,12384,11197,12139,11186,12038,10341,9228.1,11001,9868.5,6335.1,9015.7,11192,9940.5,9615.8,7628.1,11399,10091,6504.4,9077.1,12106,10411,9597.8,7677.6
14190,11694,16196,15685,13634,13302,12259,7973,9772.3,8875.6,9500.5,8574.5,10212,6900.3,3815.8,6110,11202,10935,10566,10971,11448,10942,9486.7,10603,6864.4,12884,5919.9,14811,12709,9779,9808.6,10820,8054.3,6262.4,8309.8,9248.1,5162.4,6171.6,9141.9,9826.5,13268,11577,10841,10698,9904.7,10443,10126,9763,14760,12245,15400,14865,14119,13633,12053,9633.3,11243,10642,10852,9532.7,10566,6300.3,3811.4,7662.1,11270,10593,12164,11190,11012,10828,10155,10540,7111.8,12654,6098.8,14650,12760,9583.3,9547.1,10264,9406,6664,8383.9,9124.6,7435.2,5966.3,8842.3,9545.4,13921,12414,11173,12218,11190,12012,10356,9244.3,11003,9838,6329.5,8968.8,11201,9838.9,9643,7628.5,11365,10087,6409.2,9067.8,12200,10377,9584.4,7697.7
14196,11732,16170,15660,13684,13347,12260,7970.4,9721.3,8871.8,9598,8567.9,10219,6875.9,3811.1,6099.2,11196,10964,10523,10969,11448,10947,9488.1,10585,6869.9,12851,5912.3,14849,12735,9791.3,9782.6,10742,8078.7,6257.6,8294.8,9244.1,5123.2,6150.2,9159.3,9824.7,13272,11559,10849,10657,9922.3,10442,10083,9785,14751,12229,15401,14864,14124,13618,12056,9631.6,11279,10640,10812,9485.9,10546,6283.8,3827.8,7623.8,11280,10603,12206,11197,11011,10812,10144,10508,7099.8,12698,6106,14665,12741,9524.9,9526.6,10242,9417.4,6651.1,8415.1,9129.3,7383.9,5999.5,8840.8,9551.5,13979,12429,11185,12172,11120,11985,10332,9254.8,10950,9850,6315.2,8966.1,11117,9858.4,9630.3,7624.9,11424,10058,6419.1,9098.1,12010,10410,9636.8,7715
14165,11712,16177,15682,13624,13274,12276,7985.9,9773.9,8867.4,9499.2,8565.1,10221,6895.7,3781.6,6082.2,11219,10977,10550,10947,11438,10930,9488.3,10620,6883.4,12850,5873.1,14813,12705,9808,9785.5,10767,8074,6267.8,8320.9,9262.4,5154.4,6180.7,9166.2,9817.6,13233,11558,10838,10732,9825.2,10500,10142,9758.3,14756,12281,15385,14878,14088,13600,12064,9654.7,11243,10614,10840,9513,10560,6255.1,3832.6,7657.9,11295,10601,12199,11202,11022,10802,10143,10506,7174,12641,6149.7,14674,12711,9563.6,9519.3,10269,9403,6701.9,8452.7,9136.5,7353.2,6000.9,8843.3,9540.5,13983,12425,11254,12067,11154,12127,10315,9195.9,10942,9838.8,6282.3,8972.6,11132,9905.1,9642.5,7633,11354,10038,6457.7,9119.8,12167,10375,9621.7,7697
14159,11687,16156,15647,13586,13235,12273,7999.5,9683.7,8878.1,9483.3,8554.8,10181,6909.3,3783.3,6067,11218,10977,10552,10977,11418,10931,9495.7,10603,6876.8,12823,5894.8,14823,12731,9790.4,9787.2,10764,8007.2,6267.5,8347.5,9245.2,5128.8,6154.3,9126.6,9794,13259,11529,10834,10637,9899.1,10519,10174,9794.9,14736,12244,15384,14856,14076,13576,12058,9629.3,11283,10580,10842,9526.9,10554,6220.5,3825.1,7636.3,11303,10624,12204,11182,11018,10820,10137,10530,7135.1,12638,6135.2,14664,12683,9576.4,9533.7,10247,9394.6,6704.7,8356,9105.7,7341.4,6010.8,8790.6,9517.3,13925,12434,11202,12128,11091,11976,10316,9295.3,10974,9847.4,6342.7,8931.2,11055,9932.6,9675.7,7622.2,11344,10066,6405.3,9087.1,12127,10420,9671.2,7691
14143,11698,16158,15635,13625,13309,12294,7964.2,9684.7,8865.2,9510.3,8547.9,10171,6864.9,3790.2,6098.2,11241,10988,10563,10915,11436,10934,9492.1,10626,6949.6,12843,5891.3,14844,12703,9788.7,9773.4,10786,8023.9,6195.6,8243.7,9221.2,5153.9,6154.2,9118.4,9812.4,13270,11506,10847,10729,9981.4,10480,10107,9771.3,14741,12240,15415,14842,14085,13603,12062,9632.9,11202,10635,10841,9524,10510,6202.7,3824,7619.5,11314,10638,12181,11186,11026,10820,10148,10476,7090.2,12723,6038.6,14650,12738,9556.1,9506.2,10203,9397.9,6634.3,8365.3,9072.8,7413.4,6019.4,8826.9,9529.3,14057,12443,11184,12256,11111,12033,10285,9318.9,10943,9852,6304.3,8959.5,11260,9832.9,9634.7,7653,11360,10110,6481.6,9057.6,12072,10349,9587.7,7719.3
14155,11686,16144,15664,13560,13238,12281,7982.7,9734.1,8865.1,9474.4,8545.7,10150,6883.6,3793.6,6105,11249,11000,10557,10923,11424,10905,9457.7,10648,6834.2,12825,5859.6,14812,12698,9794.9,9787,10756,8030.1,6205.3,8302.1,9280.8,5142.7,6182.1,9134.7,9818,13232,11564,10820,10707,9899.5,10452,10127,9759.3,14770,12252,15386,14831,14009,13537,12065,9654.9,11226,10623,10875,9513.7,10561,6241.8,3854,7609.7,11313,10651,12172,11163,11000,10797,10124,10483,7129,12673,6172.3,14675,12733,9574.2,9519.7,10264,9385.8,6698,8452.8,9139.1,7380.9,6031.3,8822.8,9519,13961,12423,11240,11985,11071,12120,10344,9231.4,11011,9807.8,6357,8961.1,11122,9885.3,9642,7636.8,11368,10076,6456.7,9076.8,12071,10362,9608,7696.8
14142,11696,16166,15648,13601,13225,12299,7976.1,9731.4,8893.4,9490.3,8568.8,10169,6909.6,3796.3,6107.6,11252,10994,10531,10944,11406,10916,9476.1,10591,6923.4,12876,5944.6,14820,12732,9782.2,9800.4,10757,7998.2,6236.3,8293.1,9228.8,5135.9,6177.5,9091.8,9808.5,13164,11562,10853,10619,9907.5,10562,10087,9784.4,14755,12223,15390,14844,14021,13615,12071,9634.1,11236,10600,10832,9534.1,10523,6237.2,3821.7,7633.4,11318,10659,12157,11148,11004,10800,10104,10517,7130.3,12708,6158.2,14704,12737,9589.7,9524.7,10263,9399.7,6688.3,8394.3,9090.7,7340.6,6024.2,8796.1,9505.7,13921,12420,11208,12174,11118,11947,10314,9280.5,10949,9844.7,6327.5,8948.5,11194,9916.5,9605.2,7633.8,11323,10109,6444.1,9063.1,12187,10441,9637,7693.9
14152,11697,16164,15629,13589,13255,12282,7965.4,9678,8852.1,9528.4,8574.6,10180,6912,3758.4,6119.8,11253,11002,10551,10947,11437,10916,9488.7,10650,6884.4,12860,5899.1,14803,12709,9804,9791.2,10811,8047.7,6205.6,8305.4,9265.9,5124.4,6183.3,9130,9835.6,13208,11525,10824,10715,9936.8,10427,10160,9791.5,14769,12273,15382,14838,14084,13576,12066,9647.2,11241,10640,10871,9526.3,10512,6243.8,3861,7639.5,11311,10671,12184,11205,11018,10821,10139,10539,7125.7,12675,6173.6,14686,12723,9548.6,9528.9,10293,9416.6,6664,8422.7,9119.1,7374.5,5992.1,8839.2,9517.3,14013,12434,11210,12125,11154,12057,10350,9271.5,10972,9888,6322.9,8963.2,11130,9827.7,9643.2,7623.3,11385,10093,6367.1,9110.7,12081,10403,9644,7700.8
14140,11754,16128,15618,13576,13251,12282,7968.9,9721.6,8866.2,9528.8,8560.4,10184,6808.8,3771.4,6126.9,11245,10972,10566,10969,11411,10927,9490.6,10678,6783.3,12874,5877.9,14768,12673,9812.2,9806.5,10819,8027.4,6176.4,8272.4,9268.4,5183,6154.9,9129,9806,13261,11550,10835,10695,9956.3,10485,10162,9780.2,14749,12227,15373,14821,14093,13583,12071,9647.8,11220,10620,10804,9525.4,10539,6244,3798.7,7625.4,11320,10662,12218,11203,11006,10835,10121,10556,7085.7,12709,6157.4,14670,12738,9591.3,9528.9,10269,9393.6,6677.7,8383.8,9132.6,7411.6,5982.8,8832.1,9500.4,13990,12445,11223,12144,11147,12025,10395,9287.1,10993,9901.2,6326.2,8934.9,11128,9860.6,9594.2,7609.3,11372,10116,6481.8,9083.5,12192,10389,9626.2,7703.4
14127,11695,16149,15666,13601,13264,12265,7986.4,9765.1,8868.4,9499.9,8553.9,10172,6863.6,3795.7,6089.2,11264,10994,10587,10963,11403,10920,9476.6,10690,6838.8,12864,5863.7,14794,12722,9790.3,9778.6,10803,8036,6187.7,8281.4,9274.5,5162.9,6184.8,9117.7,9810.5,13242,11558,10848,10647,9956.4,10451,10140,9776.4,14730,12249,15405,14846,14005,13577,12064,9651.5,11234,10628,10810,9513.6,10537,6227.5,3808.9,7629.2,11321,10702,12244,11207,11023,10844,10117,10554,7110,12672,6142.4,14693,12708,9579.3,9513.4,10272,9392.1,6622.6,8425,9119,7379.1,6003.4,8823.3,9502.6,14008,12409,11239,12190,11186,12036,10362,9273,10948,9914.1,6359.8,8953.7,11018,9937.6,9585.6,7634.2,11334,10098,6490.3,9078.8,12156,10410,9648.6,7705.1
14134,11717,16166,15643,13574,13288,12306,7981.2,9736.3,8864.8,9456.9,8551,10164,6897.6,3813.3,6099.8,11259,11009,10592,11002,11413,10905,9469.9,10657,6830.4,12861,5870.1,14829,12688,9776.8,9764.1,10795,8043.3,6238.3,8277.1,9247.1,5100.7,6158.1,9139.7,9803,13234,11559,10871,10650,9934.9,10469,10059,9775.1,14752,12256,15393,14857,14022,13594,12072,9633.2,11241,10669,10858,9535.1,10523,6298.2,3842.3,7635.5,11328,10675,12228,11215,11040,10835,10122,10542,7098.9,12706,6147.7,14679,12743,9548.4,9527.9,10257,9417.1,6680.4,8450.4,9107.2,7367.7,6014.2,8853.6,9505,14045,12494,11202,12132,11119,12035,10346,9265.8,10921,9882.9,6405.2,8975.3,10993,9836.4,9600.6,7618.5,11337,10118,6443.5,9095.2,12087,10383,9624.8,7707.2
14138,11715,16150,15634,13556,13272,12292,7962.1,9699.6,8851.2,9521.7,8528.7,10177,6864.4,3806.6,6118,11256,10996,10593,11011,11411,10895,9485.7,10642,6849.8,12901,5868.5,14810,12749,9819.1,9794.2,10806,7996.5,6260.8,8283.7,9252.9,5129.6,6116.4,9144.3,9780.7,13291,11540,10808,10706,9892.2,10510,10140,9770.9,14749,12288,15384,14830,14013,13586,12075,9663.2,11290,10646,10833,9520.1,10553,6288.4,3863.9,7684.5,11307,10679,12231,11222,11038,10833,10123,10505,7134.8,12708,6131.6,14700,12742,9583.1,9563.4,10265,9411.9,6691.6,8437.4,9120.9,7382.7,5982.7,8845,9490.7,14026,12464,11253,12195,11104,12088,10375,9248.9,11002,9818,6426.1,8985.3,11110,9896.2,9629.9,7642.7,11419,10112,6457.9,9072.8,12124,10394,9635.4,7696.7
14135,11717,16138,15635,13510,13271,12283,7961.5,9768.8,8871.1,9498,8542.1,10168,6880.6,3784.6,6142,11255,11023,10583,10993,11421,10894,9466.7,10647,6904.3,12909,5887.3,14812,12751,9808.7,9795.9,10820,8028.4,6222.2,8277.4,9265.3,5127.3,6164.2,9140.9,9809.3,13300,11545,10847,10709,9890,10484,10097,9763.9,14741,12286,15390,14852,14034,13600,12085,9657.6,11237,10624,10805,9544.1,10541,6232.2,3848.7,7634.1,11332,10684,12214,11220,11061,10817,10137,10543,7138.3,12720,6119.3,14720,12765,9586.4,9534.5,10269,9388.4,6679.3,8418.8,9133,7420.3,5977,8844.3,9492.7,14065,12459,11218,12111,11195,12088,10349,9233.6,10978,9849.4,6401.2,8967.4,11159,9918.8,9611.1,7634.6,11395,10095,6501.1,9082.8,12089,10381,9626.4,7694.7
14129,11732,16141,15632,13544,13267,12294,7962.5,9706,8861.6,9489.8,8531.1,10178,6879.6,3797.6,6109.6,11260,10989,10605,11000,11414,10889,9478.2,10629,6829.4,12852,5821.5,14817,12744,9785.9,9786,10796,7988.6,6227.1,8292.8,9247.9,5140.9,6157.6,9143.1,9808.8,13265,11552,10836,10712,9912.7,10459,10106,9753.7,14735,12298,15407,14826,14008,13599,12071,9686,11245,10616,10786,9536.1,10551,6234,3822.1,7645.7,11326,10664,12200,11204,11035,10797,10119,10491,7069.1,12730,6093.2,14714,12734,9612.4,9544,10252,9387.9,6658.4,8342.4,9101.8,7412.6,5980.7,8848.4,9491.3,14055,12474,11203,12182,11131,12055,10339,9252.5,11003,9850.8,6359,8961,11243,9926.6,9643.7,7611.1,11352,10080,6478.4,9105.9,12020,10373,9614,7715.1
14116,11713,16138,15636,13517,13284,12281,7954.9,9677.7,8886.1,9501.5,8517.2,10188,6883.6,3782.4,6119.7,11256,11009,10616,11006,11379,10891,9483,10613,6860.8,12863,5890.2,14800,12732,9809.9,9774.8,10876,8005.4,6202.8,8266.8,9238.9,5127.6,6140.2,9159,9824.3,13230,11544,10841,10716,9878.2,10460,10136,9788.2,14752,12293,15421,14842,14043,13614,12073,9639.8,11230,10618,10771,9526.3,10525,6258.8,3859.5,7656,11322,10693,12240,11239,11016,10830,10141,10527,7123.7,12744,6145.3,14704,12778,9585.6,9545.7,10289,9413.7,6722.6,8411.6,9111.2,7366.6,5987.9,8862.5,9512.1,14037,12452,11224,12192,11151,12093,10319,9265.1,10964,9842.5,6402,8980.9,11126,9875.5,9626.7,7625.5,11364,10065,6442.5,9080.3,12074,10439,9589.9,7706.4
14093,11700,16118,15638,13495,13273,12276,7968,9722.5,8880.4,9510.4,8519.6,10174,6882.1,3785.7,6105.4,11262,11029,10645,11020,11392,10893,9476.2,10615,6834.8,12870,5892.5,14828,12714,9811.9,9786.3,10822,7965.5,6186.1,8261.4,9267.2,5145,6177.8,9105.6,9812.9,13277,11534,10871,10749,9934.6,10477,10100,9753.1,14753,12319,15422,14861,14037,13595,12078,9637.9,11235,10640,10825,9514,10500,6257.8,3846.2,7650.2,11331,10730,12239,11264,11064,10845,10126,10475,7112.5,12735,6132.8,14721,12742,9591.7,9552.9,10258,9419.9,6662,8436,9104.1,7394.2,5972.4,8889.8,9497.3,14068,12483,11189,12169,11094,12037,10324,9222,10941,9855.2,6336.1,8946.3,11202,9846.6,9622,7645.2,11345,10073,6516.7,9116.4,12176,10358,9614.2,7695.3
14114,11706,16093,15639,13502,13263,12282,7943.5,9736.4,8871.6,9459,8509,10166,6888.6,3786.9,6129,11244,11057,10678,11047,11393,10893,9492.1,10613,6804.7,12885,5876.5,14786,12750,9789.5,9810.7,10811,7983.8,6196.3,8289.5,9226.6,5164.6,6201.2,9141,9819.6,13242,11525,10845,10683,9935.5,10473,10140,9764.1,14767,12281,15412,14850,14036,13620,12077,9634.3,11167,10653,10753,9528.9,10506,6267.8,3843,7676.4,11310,10740,12242,11288,11058,10861,10143,10534,7050.4,12710,6107.5,14689,12799,9600.9,9593.2,10297,9399,6669,8434.7,9120.8,7373.1,5983.3,8844.9,9520.8,14082,12422,11186,12189,11108,12067,10357,9252.4,11006,9803.1,6316.8,8932.2,11168,9901.5,9604.2,7632.3,11396,10100,6557.5,9078.4,12122,10346,9601.9,7721.9
14116,11705,16109,15642,13505,13254,12282,7961.4,9692.4,8884.5,9500.9,8532.8,10199,6923,3784.2,6131.6,11240,11063,10657,11028,11408,10902,9500.6,10607,6807.4,12847,5867.6,14820,12751,9805.4,9787.6,10800,7982.7,6221.8,8264.4,9244,5179.5,6186.4,9135,9827.9,13311,11537,10791,10725,9930.9,10446,10154,9789.1,14772,12294,15418,14881,14065,13624,12088,9637.7,11223,10645,10788,9521.9,10515,6312.2,3850.9,7682.1,11312,10723,12235,11288,11079,10848,10157,10510,7116.5,12710,6104.6,14717,12776,9614.5,9579.3,10309,9405,6677.9,8417.7,9125.3,7374.1,5987.1,8824.4,9517,14104,12445,11209,12139,11142,12093,10392,9247.1,11025,9853.9,6302,8942.7,11166,9867.6,9588.4,7618.6,11438,10066,6472.2,9109,12004,10293,9573.2,7703
14100,11705,16134,15659,13512,13273,12271,7953.1,9691.4,8872.1,9443,8515.7,10204,6890.2,3785.9,6129.7,11225,11064,10652,11041,11405,10895,9501.3,10606,6800.6,12845,5861.4,14821,12745,9818.2,9789.7,10816,8005.3,6171.3,8262,9256.6,5149.5,6177.3,9125.8,9833.6,13302,11538,10847,10694,9910.3,10487,10127,9782.6,14766,12279,15426,14887,14073,13631,12077,9632,11198,10635,10762,9521.2,10517,6273.4,3837.2,7679.7,11288,10704,12193,11280,11084,10846,10167,10492,7053.8,12702,6046.4,14727,12796,9649.5,9577.7,10237,9381.3,6672.4,8403.1,9096.1,7385.3,5999.1,8832.2,9509.9,14101,12452,11199,12214,11116,12075,10399,9255.6,11004,9853.6,6331.9,8959.8,11166,9913.8,9594.2,7627.9,11377,10069,6439.8,9082.7,12132,10370,9573.6,7709
14110,11705,16123,15647,13561,13270,12274,7936.9,9734.7,8866,9490.9,8511.7,10193,6877.6,3779,6129.6,11235,11082,10640,11072,11391,10895,9511.1,10602,6808.6,12873,5809.4,14844,12729,9801.1,9808.2,10785,8006.3,6190.9,8245.6,9260.1,5118.6,6154.7,9151.9,9827.8,13297,11528,10797,10741,9912.6,10474,10163,9757.9,14771,12260,15422,14892,14081,13623,12090,9612.2,11162,10641,10726,9508.1,10505,6245.9,3781.5,7651.9,11303,10730,12203,11312,11081,10851,10137,10478,7014,12707,6065.3,14728,12788,9604.9,9581.3,10277,9437.7,6652.1,8424.8,9148.4,7389.1,5975.3,8833.5,9511.3,14090,12394,11143,12150,11162,12076,10318,9239.9,10990,9855.9,6357.2,8943.8,11120,9845.6,9588.4,7616.4,11422,10098,6530.3,9101,12226,10384,9577.4,7702.2
14092,11705,16124,15665,13483,13270,12272,7938.4,9701.7,8859.1,9464,8516.6,10160,6819,3780.7,6136.9,11233,11056,10651,11037,11388,10891,9495.1,10620,6824.2,12826,5843,14817,12723,9796.2,9811.8,10788,7982.4,6175.2,8283.3,9257.9,5078.7,6115.3,9137.4,9846.6,13339,11507,10813,10667,9906.8,10472,10077,9756.5,14763,12268,15430,14879,14067,13615,12084,9623.9,11144,10634,10755,9526.6,10520,6203.2,3845.2,7662.2,11312,10727,12229,11275,11107,10860,10160,10519,7035.4,12660,6060.4,14723,12781,9624.3,9585.5,10290,9417.2,6666.1,8370.9,9116.3,7371.2,5993.7,8838.8,9511.8,14075,12442,11186,12194,11158,12116,10332,9232,11015,9866.5,6441.1,8946.3,11209,9832.8,9585.9,7642.8,11370,10076,6532.1,9103.2,12065,10365,9597.9,7706.5
14092,11735,16118,15654,13520,13252,12264,7940.4,9700.1,8875.5,9477,8513.7,10155,6823.5,3782.3,6125.8,11238,11037,10624,11031,11396,10889,9488.4,10589,6801.4,12850,5859.2,14844,12748,9791.6,9806.8,10786,7989.6,6159.4,8253,9213.2,5121.7,6136.9,9133,9830.3,13334,11533,10832,10761,9923.5,10469,10180,9767.5,14765,12273,15437,14875,14066,13599,12072,9615.9,11148,10652,10733,9517.8,10518,6201.9,3837,7666.4,11295,10748,12230,11276,11105,10854,10147,10477,7049,12720,6081.2,14725,12778,9632.5,9580.6,10251,9399.7,6653.9,8352.3,9113.8,7322.6,5995.8,8829,9500,14127,12415,11214,12169,11158,12079,10385,9248.3,11016,9862.4,6386,8952.2,11295,9839,9605.8,7634.5,11363,10074,6452.3,9113.9,12147,10367,9599.9,7690.3
14107,11730,16103,15660,13541,13283,12267,7954.4,9715.4,8885.1,9441.5,8507.1,10182,6877.8,3783.2,6129.7,11225,11030,10647,11049,11393,10889,9483.6,10573,6792.1,12854,5818.3,14849,12780,9795.9,9806.5,10802,7976.8,6148,8272.1,9246.2,5141,6138.6,9132.4,9839.6,13340,11515,10791,10757,9915.4,10497,10244,9768,14766,12272,15432,14878,14028,13627,12083,9647.2,11143,10590,10805,9507.9,10500,6259.2,3821.6,7625.3,11280,10735,12221,11299,11121,10863,10149,10489,6990.9,12722,6104.7,14694,12767,9625.7,9590,10259,9408.6,6619.1,8420.1,9086.9,7358.2,5969.6,8813.3,9507.3,14071,12420,11209,12178,11113,12012,10308,9223.8,11012,9818.3,6301.5,8958.5,11157,9817.7,9588.7,7617.1,11348,10088,6490.9,9081.4,12175,10304,9549.2,7699.2
14096,11712,16130,15662,13516,13267,12272,7942.3,9695.2,8892.1,9462.6,8511.9,10189,6836.5,3770.3,6122.1,11222,11075,10644,11035,11400,10896,9496.4,10576,6789,12872,5799.1,14866,12753,9797.5,9822.2,10814,7973.9,6198.7,8303.1,9242.8,5104.8,6137.4,9139.8,9826.8,13383,11565,10813,10700,9868.8,10460,10119,9761.4,14762,12276,15425,14882,14047,13622,12081,9636.2,11163,10618,10766,9521.8,10515,6282.6,3837.7,7649.7,11276,10716,12210,11285,11113,10865,10153,10518,7036.1,12690,6023.8,14717,12799,9651.9,9605.4,10281,9429.2,6642.4,8431,9097.3,7344.4,5961.9,8840.8,9508.4,14108,12443,11198,12190,11241,12022,10332,9246.8,10985,9859.6,6377.4,8974.3,11158,9827.3,9559.6,7628.9,11362,10092,6506.5,9089.9,12176,10356,9581,7710.3
14103,11695,16104,15643,13504,13226,12271,7937.7,9695.6,8865.2,9455.3,8507.1,10158,6868.4,3782,6103.4,11222,11085,10647,11028,11401,10897,9491.9,10589,6819.6,12850,5871,14882,12743,9816.6,9842.6,10811,7987,6179.2,8289.7,9255.5,5083.7,6166,9137.9,9838.8,13320,11520,10821,10725,9956.3,10483,10094,9783.3,14783,12257,15428,14862,14036,13628,12083,9628.9,11184,10624,10757,9534.3,10529,6228.1,3850.8,7662.2,11273,10712,12247,11292,11115,10879,10157,10479,7033.5,12658,6110,14732,12810,9644.2,9598,10301,9413.2,6695.1,8408.1,9104.4,7357.2,5981.5,8836.3,9506.4,14144,12441,11199,12154,11183,12060,10315,9238.1,11003,9824.1,6363.3,8956,11140,9843,9577.8,7633.6,11382,10101,6433.7,9089,12271,10311,9577.8,7704.8
14105,11703,16103,15650,13512,13247,12274,7946.1,9709.8,8857.3,9394.8,8487.8,10155,6876.1,3770.3,6111.5,11183,11068,10650,11037,11393,10905,9505.4,10535,6777.5,12820,5845.4,14871,12764,9803.1,9824.5,10837,7991.9,6160.9,8279.9,9238.1,5078,6148.6,9140.7,9854.6,13341,11557,10851,10673,9932.3,10502,10082,9788.1,14784,12248,15411,14866,14002,13648,12077,9639.7,11150,10632,10736,9512.3,10526,6246.5,3839.2,7663.9,11263,10703,12246,11281,11080,10871,10167,10448,7066.6,12685,6117,14736,12811,9642.9,9606.8,10290,9406.6,6617.3,8392.1,9086.2,7318.7,6002,8807.8,9520.5,14062,12428,11162,12155,11101,11979,10290,9245.6,10993,9791.7,6362,8944.1,11110,9794.2,9597.6,7642.8,11391,10097,6469.6,9087.8,12164,10338,9579.7,7711.2
14094,11687,16125,15624,13513,13238,12255,7935.3,9644.9,8884.8,9402.4,8514.9,10164,6861.9,3748.9,6119.7,11189,11034,10605,11052,11384,10897,9500.4,10563,6840.5,12827,5923.5,14890,12750,9822.9,9838.6,10849,7976,6213.2,8295.5,9253.5,5060,6167.7,9152.9,9836.5,13293,11525,10791,10698,9916.3,10475,10114,9786.8,14777,12286,15406,14870,14059,13615,12078,9635.5,11234,10657,10748,9499,10525,6254.5,3846,7667.2,11268,10685,12222,11295,11094,10871,10178,10479,7027.9,12722,6099.5,14760,12851,9648.2,9614.2,10295,9410,6649.3,8377,9113,7323.6,5977.1,8836.1,9505.4,14148,12457,11181,12105,11111,12079,10415,9264.8,10925,9811.7,6309.8,8939.6,11254,9881.9,9628.5,7630.1,11401,10065,6535.7,9068.9,12164,10360,9619.9,7711.8
14129,11732,16111,15667,13536,13260,12259,7938,9680.8,8888.7,9436.4,8529.6,10199,6872.6,3769.9,6115.1,11181,11026,10609,11037,11405,10899,9502.3,10493,6841.8,12856,5904.6,14874,12750,9796,9829.5,10816,7954.5,6219.7,8247.8,9256.1,5100.3,6171.2,9133.9,9838.8,13338,11500,10795,10690,9848.8,10429,10089,9760.8,14778,12265,15423,14873,14009,13652,12066,9629.4,11211,10624,10759,9527.6,10538,6231.4,3835.3,7665.5,11262,10677,12216,11266,11072,10841,10162,10449,7030.8,12685,6084.8,14764,12780,9626.7,9572,10267,9400,6640.2,8328.9,9091.4,7328.5,5966.1,8836.2,9497.3,14119,12448,11175,12181,11161,12014,10333,9245.3,10985,9828.2,6286.3,8943.2,11244,9777,9581,7622.5,11366,10106,6525.9,9070.2,12283,10312,9606.8,7692.6
14116,11704,16100,15654,13493,13271,12273,7941.4,9670.8,8871.9,9452.9,8504.6,10195,6872.9,3773.7,6102.2,11188,11017,10601,11024,11384,10895,9493.1,10540,6850.2,12856,5880.4,14862,12771,9824.2,9829.4,10814,7947.6,6151.3,8260.2,9244.8,5100.4,6154,9130,9825.4,13254,11544,10834,10689,9902.3,10443,10068,9771.1,14790,12291,15419,14853,14040,13578,12063,9650.8,11166,10601,10750,9504.8,10549,6213.5,3834.8,7649.8,11262,10703,12202,11270,11076,10857,10168,10433,7077.2,12699,6091.6,14736,12843,9648.2,9589.5,10306,9386.2,6622.3,8389.1,9080.9,7330.6,5970.4,8831.6,9511.5,14096,12421,11196,12159,11156,12020,10329,9232.4,10989,9841.7,6386,8939.5,11308,9836.9,9600.6,7639.7,11376,10076,6465.5,9100.2,12169,10411,9609.4,7699.8
14132,11730,16125,15617,13497,13221,12267,7940.2,9678.5,8894.9,9420.5,8530,10183,6848.1,3802.7,6068.7,11196,11001,10580,11000,11395,10911,9511.7,10543,6860.5,12852,5877.3,14895,12765,9832.8,9836.1,10819,7987,6190.4,8271.1,9255.1,5146.6,6139.2,9131.3,9825.4,13294,11526,10835,10753,9961.4,10473,10045,9785,14788,12263,15388,14879,13998,13591,12080,9639.1,11186,10640,10775,9500,10564,6220,3822.4,7670.7,11274,10661,12195,11251,11078,10858,10171,10436,7082.7,12687,6198.7,14763,12813,9637.4,9584.6,10298,9378.9,6648.6,8388,9109.2,7347.6,5983.3,8853,9502.3,14090,12399,11193,12177,11174,12049,10321,9230.4,10959,9827.7,6314.8,8941.1,11226,9849.9,9592.2,7623.8,11329,10055,6442,9071.7,12093,10378,9605.6,7725.8
14123,11693,16084,15626,13527,13231,12268,7959.3,9656.6,8917.5,9460.9,8524.4,10178,6867.8,3769.1,6123,11191,11004,10588,11029,11386,10915,9519,10556,6831,12810,5847.2,14896,12739,9813.2,9834.8,10872,7976.3,6177.5,8231.3,9250.7,5146.3,6178.6,9131,9842.7,13318,11544,10798,10679,9877.5,10538,10028,9800,14785,12269,15399,14878,14019,13637,12090,9633.3,11218,10671,10789,9509.5,10563,6238.2,3836.6,7678.5,11265,10660,12230,11293,11069,10871,10193,10456,7076.3,12689,6099.8,14747,12815,9641.6,9595.2,10305,9379.3,6682.8,8367.9,9114.3,7322,5975.7,8830.4,9497.6,14042,12448,11227,12191,11186,12032,10297,9264.4,10999,9835.4,6342.6,8932.5,11178,9808.9,9587.2,7601.5,11353,10072,6468.5,9061.8,12145,10347,9614.5,7701.2
14110,11684,16089,15635,13495,13261,12294,7961.4,9672.6,8904.8,9416.1,8500.3,10213,6869.1,3763.9,6120.1,11203,11007,10602,11036,11395,10916,9537.9,10534,6828.6,12806,5860.5,14869,12703,9815.2,9817.5,10812,7956.5,6179.2,8260.1,9202.3,5146,6148.6,9137.8,9867.1,13266,11511,10810,10708,9947.2,10493,10076,9798,14773,12250,15412,14895,14014,13621,12087,9633.5,11250,10670,10766,9515.7,10582,6264.3,3849.6,7700.8,11275,10669,12214,11292,11089,10881,10200,10468,7115.5,12737,6077.9,14711,12765,9632.2,9577.6,10336,9395.8,6649.9,8373.5,9084.7,7319.9,5984.9,8827.3,9512.2,14067,12437,11226,12181,11122,12029,10407,9275.5,10940,9836.9,6266,8914.4,11157,9781.6,9556.3,7604.5,11330,10089,6479.8,9084.6,12095,10361,9599.6,7691.3
14103,11699,16096,15630,13507,13240,12274,7930.5,9673.7,8895.2,9379.3,8513.4,10202,6879.9,3765.2,6123.7,11189,11015,10616,11023,11398,10911,9522.4,10562,6824.8,12810,5924.9,14834,12733,9785.2,9833.3,10806,7959,6180.3,8301.6,9205.3,5172.1,6152,9138.5,9833.4,13277,11521,10798,10686,9917.7,10484,10122,9791,14805,12293,15405,14892,14038,13631,12081,9623.2,11198,10650,10810,9503.9,10574,6218.9,3801.5,7703.5,11264,10644,12190,11285,11094,10878,10196,10444,7137.2,12717,6147.9,14739,12779,9627.9,9576.9,10343,9407.9,6636.9,8371.8,9081.2,7327.1,5951.6,8815.2,9498.2,14057,12439,11182,12169,11252,12146,10370,9248.5,10942,9786.6,6277.2,8931.6,11234,9859.5,9620.8,7627.9,11338,10055,6415,9075.4,12102,10382,9597.1,7692.4
14094,11678,16088,15612,13477,13220,12281,7951.2,9715.4,8907.3,9432.8,8499.8,10179,6887.3,3795.8,6131.9,11189,10983,10583,11014,11394,10910,9506.1,10523,6832.4,12844,5926.2,14849,12715,9829.2,9840.4,10864,7972.5,6227.3,8254.4,9222.1,5185.5,6153.9,9114.2,9846.4,13286,11526,10838,10720,9972.8,10538,10110,9776.5,14799,12277,15425,14885,14033,13583,12093,9654.5,11254,10662,10818,9559.9,10572,6284,3821.4,7685.1,11268,10650,12201,11257,11116,10888,10167,10462,7174.6,12709,6151.7,14716,12783,9621,9595.5,10338,9412.6,6635.3,8415.7,9087.8,7359.3,5972.4,8819.5,9492.9,14081,12431,11187,12169,11165,12164,10340,9251.2,10935,9804.5,6337.2,8944,11178,9827.2,9605.8,7626.6,11365,10040,6446.3,9059.3,12236,10378,9595.2,7704.4
14092,11683,16094,15620,13448,13198,12289,7946.8,9669.1,8898.9,9480.8,8525.8,10169,6853.6,3758,6136.4,11200,10969,10554,11006,11418,10905,9517.8,10601,6918.1,12856,5874.6,14859,12745,9823.5,9823.9,10871,7974.2,6169,8275.4,9226.4,5125.9,6135.9,9122.5,9869.4,13257,11531,10814,10679,9954.4,10442,10092,9788.9,14795,12256,15414,14881,14001,13584,12091,9637.2,11205,10690,10752,9545.2,10588,6211.9,3837.7,7663.5,11261,10649,12172,11248,11111,10874,10175,10476,7115.1,12694,6130.7,14773,12796,9641.1,9605.5,10340,9381.1,6662.6,8411.8,9106.9,7370.6,5980.1,8833.2,9478.7,14048,12424,11202,12167,11120,12117,10348,9253.4,10933,9794.8,6295.1,8932.1,11113,9846.1,9630.4,7613.9,11380,10058,6502.2,9059.2,12132,10323,9584.6,7701.3
14089,11729,16092,15620,13462,13211,12294,7943.5,9684.7,8918.1,9448.6,8507.8,10199,6876.6,3769.3,6110.7,11199,10930,10580,11007,11431,10906,9499.5,10518,6802.7,12874,5872.2,14855,12727,9849.1,9857.3,10852,7957.5,6139.2,8301.7,9225.2,5125.4,6119.7,9149.2,9841.4,13314,11540,10861,10752,9935.3,10558,10148,9769.2,14799,12268,15422,14875,14008,13584,12094,9657.5,11209,10690,10769,9574.9,10566,6183.7,3835.7,7647.2,11263,10625,12153,11256,11092,10868,10176,10472,7129.4,12658,6152.1,14757,12792,9656.9,9613.1,10344,9395.2,6649.6,8472,9124.1,7367.4,5997.1,8829.2,9486.5,14049,12449,11216,12184,11183,12100,10359,9216.3,10903,9835.8,6310.6,8915.9,11053,9825.2,9612.4,7648.7,11338,10053,6513.9,9062.4,12033,10307,9603.2,7712
14099,11732,16118,15640,13471,13246,12285,7973.1,9698.5,8911.4,9482.4,8541.5,10202,6858.8,3760.4,6119,11190,10935,10551,10997,11418,10882,9497.1,10621,6845.6,12858,5846.3,14880,12725,9871.4,9849.6,10856,7987.8,6188.3,8320.1,9251.6,5124.4,6168.1,9110.3,9862.3,13296,11561,10825,10684,9979.8,10491,9972.3,9779.9,14788,12273,15420,14879,13964,13584,12087,9671.1,11272,10639,10785,9557.6,10552,6205.6,3839.2,7647.6,11252,10607,12143,11252,11114,10864,10162,10503,7134.2,12668,6124.1,14791,12804,9666.5,9618.6,10355,9401.1,6628.7,8417.5,9118.1,7391.1,5990.9,8843.8,9473.6,14156,12422,11223,12110,11182,12104,10385,9228.3,10954,9825.6,6440.5,8947.6,11126,9782.6,9603.6,7618.5,11398,10036,6469.4,9083.4,12076,10356,9626.3,7706.6
14111,11708,16118,15635,13510,13225,12294,7936.9,9692.3,8881.8,9452.4,8521.2,10218,6842.8,3769.6,6079.2,11181,10954,10590,11011,11434,10910,9493.2,10587,6795.8,12797,5875,14879,12730,9832.1,9848.2,10835,7978.7,6180.6,8270.6,9247.9,5144.8,6181,9138.8,9832,13343,11530,10808,10649,9947,10516,10091,9794.5,14800,12252,15440,14884,13998,13601,12075,9647.9,11252,10658,10843,9544,10565,6198.7,3833,7643.9,11258,10586,12153,11258,11137,10878,10147,10468,7098.3,12670,6149.4,14762,12801,9660.6,9610,10331,9391.3,6637.9,8422.6,9111.6,7343.7,5969.1,8833.5,9472.7,14162,12424,11187,12142,11142,12121,10383,9244.4,10940,9823.4,6348.7,8946.6,11180,9808.1,9606.5,7626.8,11329,10039,6503.9,9085.3,12121,10327,9608.2,7721.1
14126,11733,16126,15653,13521,13233,12286,7950.9,9672,8894.4,9449.6,8527,10202,6867.3,3785.4,6111.3,11190,10934,10565,10978,11443,10904,9478.5,10538,6812.8,12812,5855.4,14861,12755,9821.4,9844.4,10804,7986.1,6197.7,8323.1,9223.9,5150.4,6167.5,9145.3,9832.3,13354,11518,10830,10643,9890.4,10487,10029,9759.2,14801,12270,15433,14891,14043,13608,12088,9617.2,11176,10617,10805,9546,10533,6184.8,3835.8,7652.3,11253,10594,12119,11234,11131,10857,10121,10447,7117.6,12650,6117,14726,12770,9663,9588.6,10298,9387.4,6630.8,8419.1,9084.9,7329.9,5994.6,8791.3,9489,14091,12411,11195,12225,11159,12017,10383,9240.1,10931,9787.4,6317.2,8926.2,11105,9828.6,9584.5,7634.8,11342,10057,6500.4,9077.1,12095,10308,9635.9,7701.9
14139,11718,16128,15671,13541,13236,12255,7945.7,9668.9,8857.2,9450.6,8531.9,10187,6869.8,3796.2,6089.8,11172,10945,10586,10972,11441,10917,9484.8,10543,6849.6,12791,5897.5,14893,12713,9845.1,9855.2,10821,8018.6,6197.7,8299.2,9236.7,5110.5,6137.5,9124.1,9832.7,13301,11507,10800,10715,9963.6,10452,10078,9773,14810,12268,15439,14891,14048,13591,12072,9624.9,11162,10622,10775,9587.6,10543,6215.5,3864.5,7638.8,11227,10575,12079,11248,11126,10865,10135,10459,7133.5,12658,6130.5,14755,12776,9614.8,9590.8,10318,9429.8,6636.9,8422.7,9092.1,7376.1,5980.4,8762.1,9509.2,14162,12378,11176,12178,11220,12052,10308,9231,10968,9756,6267.9,8956.3,11224,9785,9579.5,7647.8,11339,10053,6453.2,9079.2,12093,10314,9604.1,7722.4
14157,11699,16137,15673,13552,13301,12271,7955.1,9692.9,8867.4,9455.3,8559.1,10199,6853.4,3781.8,6109.4,11168,10958,10572,10975,11443,10907,9470.5,10592,6909.1,12800,5947,14915,12765,9859.1,9876.6,10846,8036.6,6150.6,8282.9,9237.5,5126.1,6134.6,9073.6,9815.4,13320,11469,10733,10717,9924.3,10416,10071,9784.5,14803,12266,15439,14890,14040,13612,12075,9660.4,11188,10584,10775,9546.3,10525,6265.3,3857.7,7638.5,11230,10573,12082,11268,11126,10852,10122,10496,7075.9,12653,6101.1,14729,12802,9650.7,9595.3,10311,9418,6639.2,8413.2,9083,7366,5979.7,8775.3,9494.2,14073,12380,11153,12099,11076,12011,10306,9225.3,10904,9795.7,6401.3,8966.6,11106,9848.4,9599,7634,11335,10049,6522,9081.9,12045,10324,9608,7715.1
14164,11667,16153,15701,13575,13268,12279,7940.6,9666.7,8896.6,9464.1,8547.3,10158,6846.1,3785,6137.6,11173,10958,10591,10998,11464,10926,9481.3,10561,6877.4,12823,5916.7,14897,12749,9838.5,9849.6,10763,8032.8,6155.5,8293.5,9231.1,5142.4,6152.1,9088.7,9804.5,13307,11499,10745,10691,9858.2,10438,10092,9786.1,14813,12275,15430,14910,14073,13612,12080,9616.9,11145,10589,10772,9552.2,10495,6219.2,3858.9,7662.1,11229,10581,12071,11209,11134,10845,10119,10461,7103.8,12657,6086.1,14737,12777,9647.5,9596.8,10274,9400,6629.4,8431.4,9075,7354.7,5954.1,8795.7,9474.2,14052,12358,11136,12113,11083,11993,10343,9215.2,10923,9830.2,6330.3,8956.6,11159,9813.7,9565.5,7626.7,11387,10056,6432.4,9100.7,12144,10326,9597.8,7707.5
14162,11699,16141,15688,13596,13262,12266,7943.7,9693.4,8838.9,9449.6,8544.4,10168,6850,3786,6121.2,11161,10954,10603,11003,11466,10928,9475.1,10565,6825.2,12796,5885.6,14875,12738,9840.7,9835.1,10812,8025.8,6155.4,8312.2,9230,5126.8,6163.3,9122.2,9789.9,13301,11502,10747,10660,9857.8,10430,10020,9779.1,14817,12286,15433,14913,14062,13622,12069,9610.5,11126,10603,10793,9564.6,10512,6267.4,3852.3,7650.4,11226,10590,12098,11229,11144,10876,10120,10448,7109.3,12642,6176,14751,12746,9650.6,9607.3,10264,9399.2,6606.9,8511,9096.5,7351.8,5950.4,8798.1,9492.2,14109,12354,11144,12158,11137,12033,10364,9233,10918,9834,6345.4,8989.3,11128,9807.7,9575.2,7646.9,11375,10035,6435.7,9089.7,12202,10295,9626.9,7725
14151,11706,16145,15679,13588,13252,12260,7950.2,9717.1,8852.7,9488.5,8546.3,10172,6809.5,3793.4,6127.1,11170,10936,10566,10998,11454,10928,9466.8,10565,6846,12767,5854.2,14917,12741,9853.8,9865,10735,8046.3,6239.2,8354.4,9219.6,5115.9,6163,9104.5,9791.1,13336,11484,10783,10649,9894.9,10442,10068,9766.9,14816,12269,15451,14919,14060,13604,12052,9641.1,11205,10578,10808,9548,10513,6260.2,3860.9,7617.9,11228,10574,12071,11235,11162,10853,10113,10450,7146,12642,6133.3,14788,12747,9637.1,9627.4,10272,9426.2,6637.5,8424.5,9107.9,7339.1,5943.8,8803.9,9480.9,14041,12348,11115,12136,11115,11958,10340,9227.5,10905,9833.1,6412,8953.8,11144,9853.3,9592.5,7633.3,11324,10050,6504.7,9078.1,12066,10345,9635,7708.5
14137,11719,16156,15715,13574,13285,12254,7954.9,9681.5,8854.4,9494.8,8521,10186,6815.2,3772.9,6114.8,11163,10945,10591,10978,11467,10931,9461.9,10587,6840,12809,5870.3,14912,12718,9827.3,9851.3,10723,8042.7,6207.2,8322.2,9237.3,5124,6161.7,9109.4,9799.9,13300,11492,10766,10721,9914.1,10468,10048,9754,14813,12270,15471,14921,14058,13621,12060,9601.9,11140,10610,10853,9561,10527,6252.2,3829,7619.8,11218,10534,12065,11227,11142,10864,10114,10481,7091,12617,6125.3,14726,12739,9631.6,9600,10254,9421.8,6643.6,8437.6,9086,7344.7,5965.5,8811,9466.5,14083,12386,11114,11981,11142,11969,10356,9221.4,10973,9827.7,6279.9,8988.6,11131,9837.3,9576.8,7624.7,11337,10065,6478.6,9103.4,12096,10318,9588.2,7725.5
14161,11740,16151,15680,13583,13263,12253,7940.6,9680.5,8864.2,9449.7,8537.8,10212,6842.9,3800,6142.1,11157,10947,10574,11001,11455,10926,9472.8,10586,6818.9,12835,5883.4,14936,12698,9833.4,9863.4,10766,8043.5,6171.9,8294.7,9255.6,5133,6157.7,9111.4,9803.9,13306,11462,10783,10682,9923.7,10476,10061,9775.3,14812,12258,15451,14892,14036,13584,12055,9642.3,11206,10574,10823,9536.2,10525,6294.1,3836,7670.8,11214,10549,12116,11227,11167,10855,10123,10479,7136.6,12622,6149.4,14727,12781,9626,9609.3,10275,9419.2,6609.9,8402,9098.8,7372,6001.8,8789.7,9476.3,14096,12411,11132,12080,11118,11997,10396,9220.7,10922,9855.7,6347.7,8950.7,11133,9822,9593.1,7630.6,11370,10071,6479,9084.7,12103,10307,9607.1,7731.3
14157,11764,16168,15694,13585,13266,12263,7961,9693.5,8853.4,9464.3,8531.9,10187,6844.7,3792.1,6144.3,11152,10939,10571,10992,11479,10924,9464.6,10587,6798,12822,5867.9,14886,12700,9844.2,9847.9,10770,8083.4,6163.6,8286.5,9244.3,5135.7,6142.6,9112.5,9805.3,13305,11501,10758,10672,9905.8,10464,10092,9744.7,14819,12291,15437,14891,14070,13663,12041,9626.1,11147,10603,10855,9528.8,10531,6236.9,3848.7,7656.6,11229,10566,12120,11221,11134,10863,10096,10457,7119.9,12624,6132.7,14729,12726,9651.4,9609,10229,9404.2,6658.7,8414.1,9115.1,7340.6,6024.8,8777.8,9481.7,14048,12327,11151,12062,11101,12035,10374,9212.1,10957,9857.4,6329.2,8961.5,11086,9829.6,9614.6,7645.7,11407,10108,6451.2,9110.2,12065,10343,9590.4,7720.6
14159,11696,16174,15714,13612,13295,12249,7954.3,9679.3,8890.3,9498.4,8546.2,10191,6912,3782.5,6133.3,11163,10946,10575,10965,11505,10933,9447.9,10564,6848.4,12817,5846,14906,12760,9818.4,9845.9,10737,8076.2,6256.5,8284.4,9212.8,5124.7,6162.6,9129.5,9769.9,13333,11506,10788,10662,9887,10377,10067,9720.6,14822,12274,15458,14914,14092,13631,12015,9632,11139,10596,10813,9539.6,10546,6207.4,3890.6,7670,11228,10573,12117,11219,11149,10847,10111,10468,7059.2,12632,6133.1,14731,12759,9614.2,9592.5,10199,9403.1,6648.5,8403,9088.7,7372.8,6011.5,8842.1,9474.9,14092,12393,11105,12112,11158,12089,10300,9186.2,10964,9889.7,6299.6,8985.4,11235,9855.6,9628.7,7634.9,11368,10073,6436.9,9090.7,12140,10383,9572.7,7692.4
14190,11725,16163,15715,13601,13279,12243,7950.1,9684.2,8870.7,9492.1,8550.3,10176,6906.1,3764.7,6143.9,11168,10937,10578,10973,11495,10927,9460.2,10540,6878.4,12828,5929.7,14901,12687,9814.1,9852.8,10737,8058.9,6230,8341.7,9230.6,5122.4,6145.1,9118.7,9776.2,13326,11466,10755,10671,9885.7,10408,10055,9694.8,14801,12278,15461,14896,14080,13627,12029,9635.8,11168,10633,10803,9569,10520,6197.3,3858.8,7647.7,11228,10585,12120,11233,11125,10851,10107,10461,7121.1,12602,6053.4,14738,12776,9626.8,9620.4,10222,9432.1,6680.6,8398.3,9105.3,7395.1,5995.6,8816.5,9481.9,14075,12393,11173,12110,11159,12034,10319,9207.3,10959,9809.1,6347.7,8966.6,11204,9779,9605.2,7649.5,11386,10110,6495.7,9078.5,12014,10341,9630.5,7716.1
14161,11705,16160,15709,13596,13273,12240,7946.1,9754.3,8842.3,9510.3,8555.3,10198,6884.6,3793.9,6147.8,11148,10939,10564,10972,11507,10941,9458.3,10578,6860.9,12833,5870.2,14909,12708,9825.8,9843.6,10739,8051.9,6199.7,8343.9,9255.9,5135.3,6137.9,9101,9798.5,13356,11492,10774,10692,9887.3,10415,10086,9716.2,14812,12304,15445,14908,14076,13618,12019,9644.4,11257,10602,10842,9577.9,10577,6276.3,3847.8,7676.6,11224,10588,12142,11248,11141,10869,10130,10460,7133.7,12610,6088.6,14750,12778,9641.5,9612.1,10215,9418,6670.1,8428.9,9101.3,7376.7,5993,8814.6,9486,14086,12364,11176,12115,11177,12131,10272,9204.1,11021,9872.7,6342.2,8961.3,11132,9841.3,9600.2,7660.6,11406,10068,6501.9,9066.8,12133,10383,9593.8,7705.7
14153,11716,16163,15697,13593,13276,12247,7962.5,9717.9,8854.2,9481.2,8536.2,10220,6921.9,3796.1,6138.5,11154,10942,10558,11007,11478,10932,9473.3,10562,6849,12793,5906.5,14909,12726,9815.1,9823.4,10708,8019.4,6201.7,8240.7,9265.9,5115.4,6138.7,9139.9,9812.9,13322,11499,10791,10663,9881.6,10434,10083,9721.4,14795,12262,15439,14901,14063,13610,12028,9622.3,11207,10591,10806,9551,10552,6268.3,3856.5,7653.7,11217,10564,12150,11252,11146,10873,10115,10453,7112.1,12642,6081.2,14745,12756,9601.4,9610,10217,9401.4,6652.7,8412.8,9065.4,7339,5958,8837.4,9501.7,14072,12376,11150,12107,11156,11968,10264,9232.1,11035,9864.8,6322.6,8962.5,11147,9824.9,9639,7639.9,11403,10093,6489.6,9103,12141,10387,9623.6,7713.2
14149,11690,16148,15697,13590,13269,12247,7957.9,9718.6,8856.3,9454.6,8550.9,10206,6933.9,3779.3,6137.7,11163,10956,10564,11001,11502,10935,9445.5,10562,6825.8,12785,5870.7,14945,12751,9845,9846.9,10739,8038.6,6199.8,8261.2,9244.6,5112.5,6163.8,9134.2,9796.1,13384,11497,10792,10688,9876.1,10451,10102,9724.8,14796,12250,15435,14886,14044,13564,12024,9628.2,11233,10626,10840,9548.5,10532,6252.3,3842.4,7680,11231,10580,12120,11261,11136,10882,10112,10439,7083.1,12599,6108,14739,12767,9650.5,9618.8,10232,9405.7,6678.7,8448,9088.4,7319.6,5973.4,8820.1,9472.1,14023,12355,11184,12076,11153,12013,10301,9206.2,11033,9874.6,6304.5,8966,11186,9860.4,9597.8,7641.2,11417,10103,6420.5,9119.7,12172,10359,9594.5,7726.2
14155,11705,16157,15696,13598,13294,12248,7970.4,9672.7,8855.1,9495.5,8570.3,10215,6850.2,3758.5,6135.7,11158,10955,10540,10987,11515,10946,9458.3,10549,6880.6,12770,5857.3,14899,12715,9838.3,9828.5,10738,8042.6,6158.8,8288.8,9200.7,5091,6156,9116.3,9808.2,13289,11520,10774,10706,9896.5,10422,9994.9,9729.5,14794,12236,15440,14899,14048,13600,12010,9645.8,11190,10612,10847,9572.9,10580,6233.2,3856.8,7699.6,11212,10582,12100,11210,11143,10881,10108,10425,7097.9,12564,6102.9,14717,12772,9662.7,9601.2,10254,9411.6,6629.4,8387.9,9086.1,7284.9,5972.3,8809.6,9499.6,14041,12391,11155,12079,11189,12005,10274,9255.9,10970,9838.3,6283.9,8951,11225,9883.6,9619.4,7644.3,11382,10074,6495.5,9098.4,12171,10382,9578.7,7714.1
14167,11689,16160,15705,13592,13288,12241,7953.8,9679.2,8876.6,9510.1,8563.1,10217,6874.4,3795.4,6140.4,11157,10937,10539,10974,11526,10940,9455.6,10540,6841,12829,5891.3,14907,12725,9839.5,9836.8,10707,8040.8,6149.7,8290.6,9195.9,5127,6173.6,9118.9,9801,13340,11494,10752,10658,9911.9,10433,10041,9709.3,14799,12236,15443,14907,14043,13573,12018,9640.3,11194,10602,10879,9580.4,10572,6216.2,3849.1,7666.2,11233,10569,12090,11217,11113,10868,10113,10452,7183.5,12617,6160.8,14706,12758,9631.2,9578.5,10238,9411.7,6649.4,8390.1,9081.1,7334.7,5945.9,8798.7,9499.2,13994,12360,11166,12158,11135,11983,10290,9217.1,11007,9873,6330.2,8951.1,11130,9835,9590.1,7642.1,11384,10072,6462.9,9089.4,12207,10378,9611.5,7708
14186,11691,16175,15716,13641,13342,12236,7970.8,9718.1,8872.1,9477.1,8560.8,10210,6924.4,3803.6,6147,11161,10969,10589,10994,11531,10945,9465.7,10527,6861.2,12810,5919.2,14909,12693,9836.8,9827.4,10710,8001.2,6136.7,8268.3,9221.1,5162.4,6153.9,9144.1,9800,13365,11469,10773,10692,9851.8,10389,10046,9724.9,14814,12244,15439,14915,14090,13632,12009,9610.8,11176,10583,10816,9576.5,10554,6241.3,3860.4,7703.4,11236,10613,12096,11254,11122,10879,10128,10430,7138.5,12633,6145.3,14766,12763,9646.2,9585.8,10213,9413,6699.2,8360.3,9068.7,7347.1,5995.7,8832,9493,14030,12367,11145,12081,11113,11938,10315,9242.2,11014,9854,6415.2,8955.6,11241,9818.8,9558,7609.2,11396,10080,6403.5,9091.4,12123,10364,9570.8,7691.8
14184,11662,16185,15744,13621,13322,12241,7957.1,9667.5,8828.5,9514,8574.1,10202,6869.5,3804.8,6145.3,11170,10965,10571,10982,11527,10965,9444.5,10499,6857.8,12763,5867.2,14924,12705,9834.6,9839.4,10705,8054.9,6193.9,8288.7,9213.2,5137.1,6119.9,9130.1,9803.5,13327,11496,10726,10687,9899.4,10467,9937.5,9718.1,14789,12206,15433,14888,14126,13618,12006,9640,11228,10589,10826,9549.4,10573,6200.1,3860.9,7698.1,11241,10604,12085,11223,11125,10884,10128,10423,7101,12610,6056.8,14726,12732,9637.5,9564.9,10199,9393.1,6670,8502.5,9076.9,7328.8,5968.5,8813.8,9496,13995,12401,11145,11993,11138,11990,10238,9235.7,10996,9836.7,6398.5,8964,11176,9876.8,9581.1,7615.6,11384,10103,6493.7,9101.1,12078,10342,9591.6,7712.3
14186,11669,16184,15742,13611,13329,12239,7955.5,9746.7,8879.8,9488.8,8574.6,10240,6882.2,3804.3,6180.1,11154,10941,10566,11002,11526,10943,9445.2,10546,6818.7,12768,5827.8,14909,12712,9837.4,9839.6,10698,8035.9,6195.4,8288.3,9216.8,5105.4,6137.6,9106.7,9813.9,13306,11545,10747,10731,9954.4,10463,10021,9721.4,14789,12250,15424,14904,14093,13613,12030,9630.1,11228,10586,10862,9549.1,10555,6318.7,3851.4,7690.2,11227,10570,12110,11230,11132,10861,10116,10432,7129.7,12618,6052.2,14736,12747,9631.2,9553.6,10170,9406.6,6643.7,8459,9075.2,7315.1,5966.8,8797.3,9486.4,14043,12401,11203,12070,11166,11959,10265,9202.2,11004,9860.2,6324,8981.4,11323,9838.4,9630.3,7605.3,11394,10147,6471.7,9112.2,12084,10408,9595,7707.4
14179,11682,16165,15736,13573,13298,12239,7960.3,9707.9,8885.9,9476.4,8571.1,10221,6907.2,3795.3,6124.2,11150,10938,10568,10973,11522,10948,9452.4,10522,6830.5,12773,5872.5,14892,12697,9830.6,9815.8,10698,8016.6,6214.2,8279.4,9211.9,5101,6125.3,9095.9,9807.5,13312,11513,10757,10710,9872.3,10446,9953.8,9714.8,14795,12239,15423,14904,14086,13620,12020,9634,11212,10607,10809,9549.4,10574,6236.4,3845.7,7687.1,11232,10551,12080,11204,11128,10867,10102,10404,7077.2,12589,6102.5,14728,12750,9623.7,9563.3,10178,9409,6659.7,8421.4,9058.9,7324.5,5962.2,8795.8,9480.3,14029,12351,11128,12071,11119,11964,10270,9222.7,10978,9870,6360,8939,11173,9766.4,9599,7625,11403,10132,6489.6,9091.4,12215,10379,9595.8,7734.4
14181,11709,16154,15719,13603,13309,12252,7969.1,9697.6,8834.4,9480.1,8566.5,10194,6843.4,3783.1,6117.6,11137,10921,10556,10998,11519,10938,9447,10565,6900.8,12766,5826.5,14894,12678,9828.2,9809.5,10653,8051,6161.3,8242,9222.5,5100.7,6151.7,9118,9804.2,13318,11488,10749,10682,9933.5,10440,9994.7,9713.9,14780,12222,15439,14908,14100,13631,12027,9632.5,11283,10597,10842,9572.6,10559,6216.5,3843.9,7662.3,11238,10560,12077,11216,11116,10868,10093,10389,7050.1,12609,6160.7,14736,12707,9589.1,9544.4,10184,9422.8,6671.5,8404.7,9052.5,7322,5971,8787.1,9478.3,14008,12323,11150,12104,11123,12017,10306,9237.6,11008,9833.6,6418.9,8945.2,11170,9853.9,9595.7,7632.7,11433,10098,6504.6,9079.3,12097,10379,9570.2,7721.3
14187,11694,16163,15735,13632,13331,12249,7968.7,9723.1,8838.9,9486.7,8567.1,10240,6862.9,3795.2,6111.9,11142,10930,10583,10982,11535,10939,9459,10522,6867.7,12794,5864.1,14900,12690,9823.4,9808.9,10696,8025.7,6180.4,8262.3,9215.9,5091.6,6118.7,9114.6,9804.2,13304,11510,10753,10640,9957.1,10401,9980.2,9734.7,14784,12268,15419,14892,14090,13633,12028,9651.9,11200,10595,10824,9559.7,10584,6220.7,3857.1,7666.4,11214,10529,12062,11207,11117,10858,10127,10398,7138.2,12634,6125.6,14730,12732,9607.6,9553.8,10150,9403.9,6716.5,8408.5,9057,7365.2,5966.8,8800.1,9506,13953,12319,11139,12137,11153,12010,10265,9246.3,11019,9883.1,6330.6,8932.6,11251,9822.6,9624.9,7637.4,11396,10114,6479.4,9080.9,12180,10384,9581.8,7730.8
14196,11695,16180,15712,13621,13301,12246,7980.5,9668.7,8879.1,9542.6,8583.6,10190,6885.1,3795.2,6109.9,11152,10944,10532,10975,11541,10953,9456.7,10503,6903,12743,5866.2,14913,12690,9843,9808.3,10722,8059.3,6181.7,8283.4,9211.6,5093.4,6141.8,9099.1,9817,13312,11521,10755,10658,9907.2,10431,9927.2,9750.1,14784,12217,15437,14898,14137,13607,12025,9652.9,11264,10617,10897,9558.2,10560,6231.7,3846.8,7687.8,11212,10564,12078,11225,11133,10858,10121,10388,7091,12634,6107.8,14714,12726,9589.4,9549.3,10159,9392.9,6643.3,8418.5,9051.8,7377.5,5921.5,8767.4,9475.7,13998,12329,11151,12096,11114,12046,10229,9235.2,11013,9853.6,6256,8933.2,11127,9877,9600.6,7641,11465,10081,6535.6,9117.3,12219,10351,9558.6,7708.4
14208,11701,16179,15721,13636,13338,12243,7976.7,9684.1,8849.2,9494.8,8583.5,10219,6881,3803.1,6134.9,11163,10956,10571,10974,11539,10941,9465.6,10518,6917.8,12791,5887,14899,12715,9845.9,9816,10687,8056.3,6172.3,8312.6,9211.2,5149.7,6138.1,9116.2,9811,13303,11508,10722,10701,9870.2,10409,9950.7,9762.6,14786,12259,15415,14891,14113,13589,12015,9649.7,11193,10599,10870,9575.7,10578,6251.9,3835.4,7669.1,11202,10561,12094,11212,11124,10855,10130,10410,7132.9,12586,6122.3,14713,12692,9586.5,9538.2,10155,9416.1,6627.3,8432.1,9070,7342.8,5985,8798.7,9483.6,14007,12345,11129,12056,11100,11969,10294,9232.5,11051,9877.7,6309.3,8930.1,11189,9829.8,9571,7636,11413,10095,6460.5,9063.7,12165,10390,9592.7,7683.1
14201,11673,16184,15728,13610,13318,12241,7990.8,9687.6,8864.3,9459.8,8570,10202,6846.1,3805.6,6152.6,11164,10974,10562,10986,11542,10957,9455.4,10548,6842.9,12801,5881.4,14900,12705,9839.7,9838.8,10698,8060.1,6151.7,8224,9225.9,5104.6,6103.6,9110.4,9813.3,13336,11498,10757,10723,9904.1,10409,10038,9749.1,14787,12226,15442,14896,14087,13592,12026,9639.6,11187,10606,10819,9587.3,10545,6238.6,3836.3,7653.9,11229,10573,12103,11227,11128,10848,10106,10428,7120.7,12621,6083.4,14726,12719,9589.3,9549.7,10161,9375.2,6616.2,8432.8,9071.6,7295.3,5966.5,8802.7,9510.8,13976,12329,11165,12135,11145,12037,10249,9234.1,10979,9864,6286,8951.9,11238,9900.8,9590.9,7608.1,11384,10110,6384.4,9074.6,12254,10348,9618.4,7724.6
14190,11715,16183,15722,13635,13328,12246,7976.3,9684.3,8829,9508.7,8554.1,10230,6896.2,3820.6,6102.6,11172,10976,10568,11000,11559,10960,9478.1,10521,6832.7,12821,5857,14900,12711,9827.2,9818.7,10684,8042.5,6160.5,8307.4,9215.2,5124.4,6131.7,9105.8,9826.5,13354,11500,10798,10684,9953.6,10468,10056,9758.9,14789,12237,15455,14920,14103,13622,12036,9618.4,11186,10574,10853,9578.6,10551,6260.3,3831.4,7648.3,11209,10584,12126,11234,11154,10861,10119,10427,7086,12628,6066.3,14741,12745,9590.7,9541.8,10153,9384.1,6664,8397.3,9081.5,7363,5982.4,8789.3,9531.5,14054,12335,11183,12087,11168,12029,10286,9242.6,11048,9872.7,6385.6,8957.4,11320,9848.3,9554.4,7582,11380,10119,6474.9,9087.3,12052,10322,9575.2,7679.9
14214,11674,16181,15748,13615,13320,12241,7960.6,9728.7,8864,9489.3,8560.1,10202,6905.1,3792.7,6103.3,11150,10960,10571,10983,11533,10945,9458.6,10558,6861.8,12780,5864.9,14889,12675,9835.8,9819.5,10693,8024,6195,8264,9211.6,5081.2,6137.9,9135.3,9817.9,13338,11479,10773,10685,9909.3,10470,9993.8,9737,14810,12275,15439,14922,14115,13655,12016,9645.1,11237,10636,10856,9556.9,10549,6263.6,3842.2,7634.8,11198,10563,12079,11224,11177,10841,10114,10425,7084.1,12576,6068.7,14738,12768,9606.2,9535,10181,9418.1,6674.2,8423,9073.9,7367.8,5993.5,8806.8,9525.9,14049,12333,11134,12053,11103,12028,10261,9240.4,10983,9851.8,6316.9,8935.5,11165,9870.4,9572.8,7604.7,11417,10086,6511,9081.7,12185,10347,9642.7,7687.1
14202,11680,16175,15726,13584,13296,12238,7972.7,9662.5,8871,9460.5,8579.3,10208,6860.2,3796.2,6091.9,11169,10935,10559,10981,11535,10928,9437.4,10479,6857.3,12760,5879.9,14886,12715,9828,9815.4,10696,8050.1,6163.5,8246.1,9225.6,5099.2,6130.3,9148.3,9800.7,13329,11460,10754,10700,9891.5,10468,9998.3,9716,14795,12226,15462,14898,14120,13626,12006,9628.7,11246,10613,10835,9595.7,10572,6247.3,3835.5,7640.7,11219,10536,12064,11198,11158,10827,10083,10410,7076,12582,6138.7,14713,12722,9614.5,9532.4,10149,9382,6639.6,8376.6,9072.7,7322,5988.7,8785.9,9531.8,14038,12342,11138,12112,11121,11952,10180,9239.8,11053,9872.7,6308.7,8956.1,11330,9788.6,9629.7,7606.7,11377,10060,6477.6,9087.4,12226,10383,9601.4,7717.7
14199,11654,16190,15721,13637,13308,12247,7980.7,9654.1,8866.1,9486.6,8593,10207,6900.1,3804.3,6094.5,11183,10948,10545,10982,11546,10922,9453,10472,6821.5,12783,5829.8,14905,12716,9830.8,9818.7,10722,8054.6,6177.8,8276.8,9202.7,5090,6138.5,9125.5,9832.3,13336,11497,10788,10705,9881.2,10461,9999.8,9733.7,14799,12221,15449,14895,14106,13601,12032,9641.5,11195,10605,10796,9587.7,10567,6242.4,3835.8,7636.1,11242,10547,12090,11241,11140,10816,10088,10411,7104.4,12609,6147.3,14743,12744,9570.7,9525.6,10184,9369.5,6669,8349.9,9083.2,7313.9,6000.4,8795.9,9524.8,14039,12350,11144,12132,11127,12023,10257,9247.5,11046,9847.9,6371.6,8943.4,11099,9839,9584.5,7627.7,11406,10060,6467.3,9080.2,12071,10332,9572.2,7729.4
14213,11693,16219,15736,13591,13315,12255,7980,9686.5,8873.3,9484.7,8593.3,10220,6888.8,3779.3,6079.6,11176,10951,10516,10981,11536,10948,9457.6,10462,6859.1,12807,5856.8,14904,12714,9846.1,9781.4,10680,8022.8,6183.1,8242.3,9206.1,5141.9,6111.8,9093.6,9827.7,13358,11500,10772,10724,9828,10511,9982.6,9752.1,14805,12232,15453,14912,14074,13652,12020,9656.9,11131,10611,10835,9573.3,10542,6303.5,3825.8,7670.4,11228,10574,12079,11243,11162,10823,10125,10402,7057.9,12604,6144.2,14727,12688,9586.9,9520.7,10142,9375.6,6651.7,8351.6,9061.6,7332.8,6003.8,8798.4,9548.8,14057,12349,11186,12205,11077,11976,10202,9254.9,10995,9831.7,6293.1,8964.1,11222,9833.4,9567.7,7620.2,11426,10081,6512.8,9085.1,12154,10342,9561.5,7688
14201,11700,16208,15711,13594,13305,12252,7964,9665.8,8832.3,9488.3,8596,10212,6845.5,3790.9,6131.9,11180,10979,10547,10991,11563,10934,9462.8,10463,6842.9,12794,5858.1,14920,12704,9841.9,9798.4,10640,8038.2,6177.5,8298.1,9204.8,5115.6,6157.1,9123.4,9827.5,13310,11471,10796,10743,9922.5,10465,9931.2,9729,14796,12254,15462,14910,14095,13619,12038,9646.4,11213,10583,10877,9584.2,10556,6309.5,3839.3,7666.4,11250,10586,12098,11227,11175,10824,10125,10386,7051.8,12625,6114.2,14741,12749,9588.4,9514.1,10145,9384.4,6606.3,8377.8,9062.2,7314.2,5980.5,8821.3,9533.5,14084,12356,11178,12128,11126,11995,10217,9246.8,11063,9859,6353.1,8938,11117,9783.7,9587.5,7649.7,11431,10075,6503.4,9058.3,12045,10361,9581.9,7712
14201,11694,16199,15739,13591,13310,12266,7969.1,9679,8882.8,9458.9,8567.3,10220,6882.1,3804.8,6119.2,11190,10981,10566,11003,11566,10924,9469.7,10489,6836,12816,5855.7,14873,12720,9819.3,9790,10705,8065.6,6162.8,8289.7,9212.8,5115.1,6170.2,9118.3,9816.6,13328,11480,10761,10775,9851.3,10427,9997.6,9704.1,14807,12272,15462,14921,14105,13631,12036,9666,11208,10617,10781,9572.9,10554,6256.3,3836.5,7658.2,11229,10567,12064,11219,11177,10815,10115,10418,7060.6,12651,6090.6,14763,12786,9553.9,9514.7,10178,9416.2,6625.8,8354.7,9079.6,7355.5,5964.9,8835.9,9549,14076,12371,11172,12029,11184,12139,10224,9223.4,11053,9869.1,6298.5,8960.2,11149,9853.7,9600.5,7634.7,11424,10129,6476.3,9090.5,12323,10317,9570.9,7709.5
14182,11709,16195,15721,13548,13297,12270,7985.5,9704,8866.8,9473.2,8584.8,10244,6921.4,3806.6,6121.1,11204,10998,10547,11013,11563,10940,9478.2,10469,6850.1,12787,5886.9,14929,12703,9806.5,9789.5,10699,8023.4,6157.3,8229,9216.1,5095.8,6166.4,9091.8,9835.6,13316,11503,10801,10743,9833.9,10505,10012,9727.7,14789,12206,15479,14908,14075,13668,12026,9660.8,11263,10627,10827,9601.9,10571,6262.2,3814.4,7651.3,11239,10585,12126,11216,11172,10820,10136,10430,7060.1,12652,6046.7,14762,12689,9573.8,9536.4,10110,9404.6,6632.9,8375,9063.5,7321.7,5962.3,8814.6,9532.2,14083,12390,11182,12127,11142,11992,10277,9245.8,11037,9859.8,6278.2,8943,11199,9907,9607,7626.7,11405,10086,6486.7,9083.4,12193,10334,9611.3,7703
14165,11690,16187,15729,13582,13332,12274,7973.9,9743.2,8887.6,9498.5,8577.7,10212,6919.8,3814.9,6068.8,11210,10955,10538,11007,11550,10918,9461.3,10505,6838.1,12820,5836.4,14916,12692,9795.6,9800.9,10715,8039.4,6165.3,8269.9,9223.3,5107.4,6122.4,9090.4,9833.8,13371,11517,10849,10704,9896.9,10521,10079,9728,14787,12260,15465,14904,14090,13643,12036,9664.8,11169,10585,10890,9567,10554,6251.5,3817.2,7660.2,11249,10573,12125,11245,11161,10817,10131,10433,7107.9,12649,6091.1,14744,12724,9575.3,9536.8,10214,9370.1,6641.7,8429.3,9091.6,7364.5,5995.3,8830.1,9526.4,14071,12402,11209,12119,11146,12064,10254,9215.3,11046,9818.3,6324.3,8943.5,11308,9848.9,9589.7,7628.9,11397,10070,6513.1,9076.1,12040,10354,9599.4,7709.4
14179,11691,16177,15698,13539,13300,12264,7961.1,9692.4,8838.8,9489.6,8565.1,10198,6937.7,3794.2,6086.6,11193,10976,10546,10984,11546,10922,9463.6,10526,6829.3,12789,5913.2,14899,12728,9819.6,9785,10710,8041.4,6166.4,8282.1,9205.2,5135.4,6146.8,9135.2,9815.5,13317,11494,10802,10728,9907.5,10438,9958.3,9737.2,14795,12253,15437,14891,14136,13598,12020,9658.4,11146,10590,10845,9586.4,10569,6238.3,3858.7,7635.7,11239,10554,12100,11221,11145,10824,10135,10453,7132.8,12611,6127.8,14764,12735,9573.5,9540.2,10170,9418.5,6632.5,8405.5,9086.4,7334.2,6001.4,8841,9538.9,13956,12364,11176,12124,11151,11964,10265,9239.3,11068,9825.2,6243,8938.3,11180,9849.2,9600,7620.2,11384,10065,6476.6,9055.8,12111,10302,9601,7709.3
14202,11665,16205,15728,13563,13284,12250,7969.3,9691,8889,9449.2,8570.3,10195,6884.5,3761.4,6095.4,11181,10994,10542,10983,11556,10929,9465.9,10509,6867.6,12783,5908.1,14891,12725,9793.4,9803.5,10675,8031.5,6182.3,8221.9,9208.2,5117.7,6161.8,9135.3,9832.4,13367,11478,10789,10715,9848.8,10454,9994.9,9718.8,14798,12214,15444,14903,14110,13626,12038,9634.6,11166,10598,10843,9584.9,10551,6255.7,3843.1,7669.7,11229,10557,12110,11216,11128,10809,10129,10391,7064.9,12604,6111.8,14763,12695,9571.2,9530.6,10173,9416.1,6660.5,8414.4,9053.7,7376,5957,8819.8,9519.2,14042,12349,11146,12051,11159,11984,10289,9229.5,10934,9808.3,6287.8,8958.1,11099,9805.4,9623.9,7609.3,11383,10110,6476.9,9089.8,12063,10324,9592.1,7703.9
14180,11681,16213,15704,13572,13296,12264,7989.9,9655.2,8895.3,9502.6,8566.8,10187,6895.1,3784.7,6120.4,11205,10965,10541,10985,11560,10924,9479.2,10456,6882.7,12783,5939.5,14918,12749,9811.6,9813.6,10662,8044.4,6151.9,8308.8,9212.5,5144.7,6121.1,9079.6,9848.3,13263,11493,10811,10693,9954.1,10489,9975.4,9735.9,14793,12240,15451,14894,14081,13597,12051,9659.4,11218,10608,10835,9586.2,10550,6236.2,3847.7,7663,11247,10576,12117,11232,11135,10806,10143,10417,7124.8,12642,6146.5,14725,12744,9579.7,9543.2,10171,9439.6,6668.1,8413.4,9069.1,7378.7,5960,8799.5,9538.1,14035,12351,11127,12109,11113,11927,10199,9276.2,10979,9842.9,6267,8956,11240,9801.4,9551.4,7636.9,11392,10031,6456.2,9079.4,12137,10380,9590.2,7687.5
14187,11711,16179,15703,13529,13288,12256,7979.6,9680.5,8860.9,9488.3,8561.5,10197,6908.8,3778.3,6107.4,11206,10981,10567,10993,11525,10930,9481.6,10503,6831.7,12797,5931.7,14897,12749,9796,9835,10721,8036.7,6132.9,8293,9219.7,5109.8,6160.3,9092,9836,13284,11505,10805,10678,9890.6,10486,9948.7,9771.4,14783,12259,15442,14887,14031,13622,12061,9635.8,11182,10627,10824,9554.6,10557,6206,3833.4,7634,11243,10585,12139,11228,11119,10806,10147,10425,7113.1,12659,6111,14770,12741,9576.8,9569.4,10183,9395.9,6678.2,8477.7,9104.7,7347.7,5991.2,8805.3,9527.3,14044,12402,11172,12182,11102,11965,10298,9264.8,10980,9848.2,6294.8,8967.3,11131,9836.9,9579.3,7641.1,11330,10085,6482,9094.5,12103,10327,9604.9,7709.5
14157,11684,16172,15687,13528,13293,12259,7955.3,9669.7,8870.6,9464.6,8547.8,10202,6898,3789.7,6101.2,11201,10982,10521,11007,11488,10924,9492.2,10529,6835,12797,5860.1,14877,12727,9823.3,9825.5,10731,8010.2,6169.8,8291.8,9256.1,5109.8,6148.1,9123.2,9828.6,13311,11503,10816,10713,9942.7,10506,10069,9764.3,14793,12232,15445,14912,14103,13608,12060,9639.7,11169,10616,10832,9557.8,10544,6260.1,3834,7657.5,11239,10576,12154,11258,11111,10808,10145,10425,7093.3,12650,6135.7,14763,12771,9590.8,9589.3,10210,9415.5,6626.9,8403.4,9079.8,7378.7,5986.1,8811.4,9522.4,14060,12400,11179,12095,11196,12070,10246,9231.1,10985,9804.6,6319.9,8923.8,11288,9834.7,9624,7620.1,11417,10090,6475.7,9086.2,12152,10340,9609.4,7726.6
14160,11698,16171,15708,13515,13269,12260,7956.9,9677.2,8873.6,9489.3,8558,10189,6853.4,3789.7,6125.2,11199,10981,10556,10989,11483,10919,9485.1,10524,6812.1,12815,5908.9,14904,12747,9796.4,9834.8,10750,7999.2,6159.9,8275.4,9242,5188.7,6146.2,9108.1,9850.9,13285,11507,10834,10722,9934.2,10499,10034,9764,14786,12253,15464,14892,14070,13559,12056,9626.3,11225,10604,10831,9568.3,10574,6241.3,3804.9,7663.3,11253,10557,12140,11229,11095,10806,10148,10439,7095.2,12678,6096.4,14749,12721,9618.5,9581.8,10204,9404.2,6655.1,8412.1,9099.1,7348.1,5946.4,8847.7,9514,13992,12387,11141,12097,11087,12031,10273,9238.7,10989,9830.9,6412.2,8955.5,11195,9867.8,9579.1,7615.8,11408,10064,6473.9,9092.4,12133,10309,9605.6,7701.6
14145,11651,16176,15677,13493,13255,12251,7976.2,9705.9,8871.9,9441.1,8546.9,10175,6804,3806.5,6089.5,11205,10968,10540,10970,11472,10899,9473.4,10523,6859.1,12794,5908.4,14941,12733,9808.7,9852,10690,7988.7,6198.7,8334.5,9232.8,5157.9,6143.6,9096.3,9832.9,13287,11504,10816,10697,9971.3,10543,10009,9745.1,14793,12232,15453,14870,14074,13603,12053,9648.8,11264,10651,10804,9593,10588,6149.8,3852.1,7651.4,11259,10573,12102,11231,11091,10799,10097,10430,7139,12644,6165.6,14737,12727,9613.6,9585.9,10221,9412.3,6619.1,8458.8,9099.4,7296.1,6006.8,8840.5,9512.1,13972,12437,11187,12130,11143,11980,10273,9230.3,11043,9819.2,6349.4,8954.2,11130,9801.8,9572.4,7645.6,11432,10077,6499.2,9090.6,12201,10446,9620,7718.8
14141,11683,16148,15669,13481,13213,12247,7941.2,9720.3,8870.2,9487.1,8500.4,10164,6832.5,3787.6,6109.7,11200,10964,10563,10991,11443,10893,9470.8,10510,6866.8,12793,5855.4,14882,12736,9813.9,9841.9,10728,8036.9,6225.8,8319.8,9251.1,5131.5,6163.8,9128,9840.8,13310,11536,10818,10723,9865.9,10481,10036,9758.2,14786,12240,15427,14863,14085,13558,12052,9651.5,11263,10620,10809,9561.2,10576,6167.8,3835.9,7658.1,11254,10576,12144,11251,11081,10807,10134,10454,7139.1,12614,6131.2,14729,12758,9630.3,9608.4,10181,9405.1,6615.5,8474.4,9104.9,7331,5995.3,8858.5,9525,14076,12391,11153,12119,11163,12056,10326,9240.8,11013,9815.4,6355.5,8954.9,11164,9855.1,9596.6,7657.5,11362,10077,6558.3,9116.1,12119,10380,9631.1,7726.5
14160,11678,16146,15674,13554,13256,12246,7956.2,9710.9,8891.4,9484.3,8527,10176,6832.3,3769.2,6133.8,11173,10941,10551,10987,11410,10909,9471.3,10480,6878.4,12761,5918.9,14882,12712,9785.7,9836,10705,8043,6204.9,8326.2,9248.2,5125.2,6161.3,9135.4,9834.3,13255,11501,10810,10705,9909.1,10458,10035,9754.8,14786,12223,15441,14875,14063,13617,12046,9622.2,11246,10645,10794,9562.1,10563,6217.6,3825,7627.4,11264,10596,12176,11243,11065,10814,10138,10415,7171.3,12632,6173.1,14768,12740,9609.8,9571.8,10186,9423.6,6660.9,8479.2,9076.3,7333.3,5985.3,8826.9,9531,14008,12396,11155,12160,11146,11991,10311,9242,10997,9826.7,6366.7,8981.1,11277,9858.2,9649.6,7623.6,11419,10042,6445.3,9095.2,12230,10408,9592.2,7721.7
14172,11668,16139,15679,13535,13210,12233,7967,9689.4,8867,9485.1,8544.8,10191,6873.3,3743.2,6110.2,11189,10943,10541,10989,11400,10911,9495.4,10477,6882.7,12791,5883.6,14855,12705,9830.1,9832.8,10659,8026.1,6139,8269.3,9242.7,5136.6,6162.4,9146.2,9850.1,13222,11512,10815,10669,9892.3,10486,9965,9770.8,14782,12250,15435,14881,14119,13587,12046,9627.5,11233,10607,10835,9544.1,10591,6238.3,3827.1,7666.3,11264,10603,12174,11238,11070,10829,10141,10379,7171.6,12654,6139.8,14732,12715,9606.7,9600.2,10162,9384.4,6656.8,8425.6,9092.3,7315.4,6004.4,8811.9,9520.2,14064,12362,11161,12030,11145,11989,10189,9243.7,11014,9861,6322.8,8986.1,11171,9851.2,9636.7,7629.8,11388,10082,6449.4,9090.3,12135,10337,9625.2,7724.5
14161,11675,16136,15682,13525,13222,12228,7947.6,9655.7,8864.1,9469.7,8538.6,10185,6795.6,3773.3,6128.1,11186,10961,10549,10984,11397,10912,9481,10481,6898.2,12762,5897.1,14833,12713,9802.1,9841.5,10701,8005.5,6189.9,8284.5,9227.9,5126.6,6184.1,9123.4,9839.4,13240,11484,10798,10696,9878.8,10453,10026,9766.9,14801,12209,15427,14885,14131,13595,12040,9636.7,11234,10635,10827,9529.5,10589,6217.5,3847.3,7647.7,11261,10593,12188,11247,11053,10825,10150,10396,7101.5,12652,6185.5,14716,12729,9609.4,9587.2,10181,9393.9,6695.5,8423.9,9090,7366.5,5983.9,8817.5,9523.2,14004,12417,11141,12125,11099,11975,10292,9253.2,11020,9843.3,6401.7,8951.9,11082,9808.5,9615.1,7639.1,11453,10074,6459,9119.2,12144,10364,9608.7,7724.5
14152,11668,16148,15655,13525,13245,12244,7952.5,9682.2,8861.7,9485.9,8551.1,10162,6862.1,3764,6098.2,11187,10950,10529,10991,11402,10913,9485.3,10491,6853.5,12738,5883.7,14888,12669,9795.8,9824.6,10729,8017.1,6224.2,8308.9,9222.3,5130,6194.7,9116.9,9855.5,13282,11507,10780,10697,9874.1,10487,10044,9785.1,14786,12219,15440,14874,14120,13575,12063,9644.5,11239,10568,10877,9567.3,10568,6239.9,3856.3,7633.2,11271,10589,12194,11253,11078,10837,10164,10393,7100.1,12636,6070,14729,12721,9634.5,9575.7,10176,9428.5,6679.3,8439.9,9091.5,7344.4,5975.9,8839.4,9509.2,14014,12421,11169,12103,11203,12027,10221,9258.9,11026,9861.4,6403,8940.1,11239,9826.2,9613,7638.4,11398,10113,6492.4,9116,12118,10415,9635.1,7711.9
14154,11671,16146,15660,13542,13236,12255,7962.2,9667.2,8858.5,9460.2,8540.3,10194,6843,3774.9,6112.1,11184,10918,10515,11006,11429,10893,9470,10524,6909.8,12797,5843.2,14930,12689,9845.1,9829.6,10723,8003.3,6187,8327.1,9241.2,5122.9,6167.1,9119.8,9831.9,13284,11495,10832,10706,9876.7,10498,10023,9723.7,14784,12246,15435,14885,14118,13600,12066,9646.2,11221,10617,10864,9571.5,10568,6244.3,3821.5,7665.1,11254,10556,12151,11256,11086,10802,10123,10397,7133.5,12637,6111.4,14754,12759,9622.1,9570.4,10214,9382.2,6670.8,8424.8,9096.4,7329.5,5983.1,8842.2,9497.7,13951,12388,11210,12150,11157,12044,10285,9222.2,11009,9844.5,6308.2,8953.2,11169,9787.9,9609.5,7646,11355,10102,6447.6,9110.3,12209,10309,9573.4,7719.6
14169,11713,16134,15690,13545,13237,12260,7978.5,9647.5,8881.1,9487.8,8539,10172,6867.9,3773.1,6143.9,11180,10885,10533,10989,11441,10890,9477.5,10518,6846,12781,5793,14884,12673,9832.4,9824.6,10692,8024.8,6214.4,8312.7,9233.4,5137.7,6148.8,9112.2,9835.7,13255,11515,10821,10675,9967.5,10503,10015,9724.6,14779,12245,15457,14879,14087,13584,12048,9661.8,11291,10612,10870,9566.8,10590,6249.5,3846.4,7640,11264,10539,12139,11236,11099,10776,10109,10397,7064.6,12648,6087.7,14727,12748,9602,9543.5,10199,9397.9,6658.8,8389.6,9096,7391.7,5964.5,8830,9518,14030,12387,11171,12128,11162,12006,10212,9222.6,10985,9872.3,6328,8969.8,11133,9793.8,9623.4,7652,11325,10100,6465.9,9105.8,12130,10283,9628,7713.8
14180,11672,16123,15679,13595,13249,12236,7962.9,9680.4,8875.8,9486.3,8534.3,10185,6925.6,3816,6123.2,11173,10928,10544,11017,11431,10911,9490.3,10506,6862,12807,5911.8,14861,12694,9814.4,9785.5,10683,8036.1,6227.2,8272.9,9254.2,5135.8,6171,9154.7,9843.3,13301,11506,10829,10672,9913.4,10476,9989.2,9757.5,14803,12238,15435,14904,14169,13626,12039,9657,11200,10618,10848,9564.4,10578,6267.3,3856.2,7659,11239,10574,12156,11271,11093,10817,10141,10413,7061.2,12640,6124.2,14685,12705,9589.1,9545,10181,9426.1,6629.5,8421.5,9102.6,7351.2,5996.3,8845,9522.6,14011,12372,11173,12087,11144,12061,10272,9218.9,10998,9834.3,6375.4,8948.7,11160,9865.2,9610.9,7616.3,11396,10085,6452.5,9126.6,12193,10354,9611.7,7746.7
14155,11689,16143,15674,13558,13244,12235,7952.3,9676.9,8848.8,9499.6,8528.8,10154,6884.9,3801.1,6087.7,11173,10940,10537,10977,11436,10922,9491,10508,6915.7,12795,5890.4,14855,12667,9782.8,9786.6,10698,8021.4,6261.3,8250.1,9256,5132.6,6164.2,9136.2,9830.4,13321,11496,10814,10721,9935,10446,10013,9739.1,14798,12254,15434,14920,14104,13583,12041,9631.8,11254,10626,10856,9533.3,10580,6259.9,3846.7,7678.6,11242,10565,12186,11267,11094,10826,10126,10411,7052.1,12652,6080.3,14720,12742,9589.2,9544,10187,9429.1,6673.8,8380.6,9090,7373.9,5959.1,8833.4,9528.4,14009,12350,11133,12183,11136,11982,10259,9225.7,11001,9865.2,6330.5,8962.2,11187,9870.6,9611.8,7649.5,11423,10101,6470.1,9120.7,12114,10356,9619,7695.9
14172,11661,16131,15669,13562,13230,12239,7967.7,9694.9,8863.5,9522.4,8530.7,10154,6837.5,3804.4,6122.5,11175,10952,10543,10997,11441,10930,9484.3,10551,6905.8,12780,5930.3,14879,12662,9774.6,9813.1,10746,8035.2,6253.9,8287.7,9246,5119.9,6174.5,9132.8,9837.8,13257,11501,10869,10691,9896,10498,10090,9745.4,14801,12229,15440,14894,14128,13595,12034,9636.1,11284,10665,10821,9545.4,10574,6299.5,3834.5,7655.4,11236,10609,12205,11270,11083,10851,10145,10436,7116.9,12668,6127.5,14713,12724,9594.8,9562.9,10207,9420.7,6717.1,8365.7,9112.6,7346,5971,8829.9,9520.5,14043,12408,11173,12087,11096,12009,10280,9240.8,11030,9846.5,6285.1,8981.4,11159,9822.6,9643.7,7630.9,11400,10086,6467.9,9120.1,12111,10359,9625.5,7711.4
14203,11674,16158,15671,13563,13245,12242,7948.4,9696.6,8865.1,9528.8,8543.5,10166,6905.2,3780.3,6090.4,11172,10935,10544,10972,11439,10927,9477.5,10513,6861.3,12826,5858.3,14840,12652,9803.4,9797.3,10757,8035.3,6210,8288.8,9221.2,5100.9,6181.8,9149.7,9826.4,13265,11491,10825,10683,9882.6,10449,10111,9760.5,14796,12259,15443,14902,14151,13591,12026,9624.9,11254,10615,10885,9558.5,10591,6326.4,3835.2,7656.3,11239,10569,12182,11255,11095,10854,10140,10420,7097.2,12632,6072,14710,12691,9602.6,9539,10225,9413.3,6734.9,8460.1,9096,7400,5965.3,8842.3,9521.5,14033,12368,11183,12171,11133,12056,10271,9257.8,10981,9831,6271.7,8994.9,11057,9841.1,9634.4,7629.7,11379,10070,6519.9,9119.3,12312,10379,9604.2,7722.4
14183,11681,16154,15678,13544,13211,12225,7959.8,9711.5,8857.7,9510.4,8569.3,10169,6863.6,3777.1,6084.9,11168,10911,10535,10984,11456,10916,9485.9,10566,6899.2,12769,5916,14855,12711,9797.6,9823.9,10772,8032.6,6213.6,8307.5,9245.6,5099.9,6147.2,9128.6,9813.2,13225,11542,10801,10656,9924.7,10484,10119,9749.6,14806,12234,15424,14874,14068,13597,12053,9652.9,11273,10633,10846,9572.1,10598,6262.2,3848,7646.5,11226,10569,12173,11246,11120,10839,10150,10452,7072.8,12647,6086.4,14720,12733,9577.8,9557.9,10254,9430.6,6712.8,8498.6,9119.4,7364.8,6025.8,8819,9507.3,14056,12404,11194,12067,11134,12049,10302,9226.3,11012,9870.8,6327.4,8972.7,11147,9871.8,9625.2,7629.2,11429,10049,6476.8,9120.1,12122,10340,9572.8,7733.1
14187,11686,16152,15674,13550,13240,12239,7956.4,9651.4,8826.1,9495.8,8548.3,10158,6908.6,3788.8,6090.1,11161,10937,10519,10995,11466,10923,9481.7,10564,6858.1,12811,5816.9,14876,12719,9802.3,9801.6,10777,8036.7,6247.8,8250.2,9240.8,5124.1,6159.8,9117.4,9829.2,13295,11515,10828,10663,9914.3,10480,10067,9786.5,14797,12278,15431,14869,14086,13563,12053,9625.8,11207,10601,10792,9550.2,10551,6241.6,3836.2,7620.7,11228,10560,12137,11233,11108,10840,10164,10467,7065.7,12662,6109,14734,12715,9576.2,9544.6,10252,9377.4,6678,8398.8,9127.8,7359.8,6002.6,8861.1,9506.1,14068,12398,11177,12150,11216,12024,10324,9252.2,10995,9843.9,6344,8969.1,11213,9833.7,9622.7,7629.4,11443,10090,6480,9072.6,12230,10313,9610.3,7723
14186,11691,16159,15703,13575,13251,12233,7969.8,9691.8,8878.6,9482.7,8555.7,10199,6876.9,3784.4,6082.8,11156,10928,10553,11001,11472,10927,9474.8,10527,6829.5,12824,5847.2,14879,12705,9796.8,9777.3,10738,8006.5,6238.3,8311.4,9228.5,5123.6,6116.3,9115.5,9824.4,13286,11490,10795,10660,9834.1,10472,10078,9761.6,14792,12279,15428,14890,14041,13604,12025,9637.9,11183,10599,10875,9549.6,10547,6215.6,3854.4,7622,11257,10593,12111,11220,11105,10822,10134,10477,7019.7,12668,6035.2,14713,12742,9570.1,9533.3,10229,9375.6,6634,8410.2,9090,7385.2,5972,8858.3,9500.6,14097,12340,11161,12139,11194,11978,10288,9261.1,10999,9865.3,6394.9,8981.2,11192,9869.2,9627.1,7647.1,11399,10089,6448.7,9120.2,12117,10378,9627.2,7731.1
14191,11676,16170,15699,13588,13267,12233,7961.5,9699.6,8840.4,9508.4,8553.5,10164,6842.7,3776.1,6075.5,11138,10932,10512,11002,11447,10937,9473.6,10532,6845.3,12820,5797.5,14836,12680,9787.6,9762.9,10709,8042.1,6221.4,8277.8,9230.7,5121.2,6145.2,9106.5,9822.7,13333,11488,10823,10628,9925,10480,10040,9732.6,14800,12245,15423,14915,14054,13601,12039,9635,11218,10582,10863,9558.6,10530,6266.9,3812.9,7629.6,11240,10594,12157,11213,11103,10836,10147,10440,7071.5,12633,6049.7,14714,12720,9586.9,9502.4,10170,9406.1,6677.5,8394.8,9086.3,7358,5989.8,8826.2,9477.8,14041,12376,11154,12145,11128,12020,10304,9215.2,11006,9908.1,6435.2,8986.3,11186,9780.2,9648.9,7629.5,11447,10105,6489.9,9113.9,12012,10376,9614.9,7715.6
14180,11706,16141,15665,13564,13261,12225,7947.7,9696.6,8849.5,9498,8555.6,10159,6889.7,3803.9,6095.8,11151,10910,10570,10994,11444,10933,9511.2,10568,6869.3,12845,5844,14871,12705,9771.2,9760.9,10759,8035.4,6212.6,8248.2,9261.4,5145.9,6164.4,9136.5,9852.8,13249,11480,10804,10724,9954.8,10501,10111,9787.4,14813,12336,15422,14885,14115,13598,12033,9641.1,11206,10639,10846,9578.3,10512,6272.2,3849.1,7629.5,11250,10617,12178,11232,11110,10869,10166,10481,7144.7,12646,6091.6,14755,12751,9575.5,9517.1,10219,9432.6,6676,8387.8,9103.3,7334.9,5963.1,8820.1,9499.9,14080,12397,11189,12184,11133,12034,10345,9268.7,11051,9793.8,6347.9,8963.7,11257,9817.3,9608.6,7636,11425,10068,6530,9107,12121,10357,9666.8,7691.6
14197,11660,16141,15686,13521,13246,12226,7963.7,9689,8853.3,9459.8,8536.7,10163,6888.8,3765.9,6094.4,11156,10947,10566,10976,11448,10944,9490.4,10542,6846.8,12783,5863.4,14836,12682,9773.8,9776.5,10734,8020,6223,8303.3,9247.4,5169.5,6135,9146.1,9823.9,13298,11507,10809,10662,9910.3,10462,10064,9780.9,14813,12256,15447,14897,14071,13601,12032,9642,11223,10651,10873,9595,10535,6292.7,3836.9,7632.8,11255,10619,12161,11217,11140,10868,10163,10425,7062.3,12643,6048.4,14737,12709,9596.9,9509,10191,9426,6672.8,8390.6,9095,7426.2,5961,8822.3,9492.5,14002,12419,11158,12089,11135,12019,10274,9253.7,11027,9846.1,6334.9,8960.1,11082,9847.3,9624.8,7648.6,11370,10104,6500.1,9084.3,12169,10333,9629.8,7736.8
14158,11710,16153,15660,13528,13202,12236,7969.8,9665.4,8865.5,9507.3,8547.6,10145,6856.2,3768.3,6106.6,11150,10938,10538,10967,11433,10924,9497.1,10572,6869.4,12814,5877.7,14831,12709,9810.1,9801,10767,8021.8,6198.7,8305,9241,5166.8,6156.2,9114.8,9860.1,13225,11495,10850,10695,9864.8,10467,10048,9796.3,14802,12260,15450,14877,14094,13631,12034,9639.1,11215,10621,10823,9588.8,10551,6317.7,3815.1,7667,11250,10618,12168,11245,11122,10875,10162,10472,7130,12659,6090.6,14747,12738,9583.4,9557,10228,9389.2,6670.1,8396.2,9089.8,7390.3,5984.8,8825.3,9491.7,14046,12374,11163,12159,11159,12030,10315,9252.8,10989,9837.4,6304.1,8959.4,11099,9814,9590.1,7630.3,11437,10099,6522.7,9097.6,12290,10343,9615.9,7733.1
14160,11671,16136,15672,13534,13189,12240,7944.7,9726.1,8896.8,9516.5,8550.4,10173,6855.8,3795.6,6093.4,11168,10948,10550,10980,11431,10926,9500.7,10612,6872.3,12814,5832.7,14836,12717,9801.2,9818.6,10782,7992.2,6160.6,8270.5,9260.9,5088.1,6144.9,9136.3,9834.5,13249,11547,10817,10647,9922.2,10453,10104,9795.5,14803,12222,15448,14907,14055,13608,12029,9647,11234,10643,10875,9581.9,10535,6254.8,3851.8,7658.8,11241,10620,12143,11228,11126,10885,10173,10525,7110.5,12672,6114.7,14756,12775,9596.8,9568.6,10262,9370.1,6684.8,8416.9,9114.2,7329.5,5966.9,8859.9,9493.7,14066,12392,11192,12127,11095,12007,10374,9279.3,10985,9792.5,6253.9,8962.6,11134,9821.4,9587.6,7613.8,11405,10063,6438,9117.2,12066,10353,9632,7708.6
14155,11667,16151,15678,13501,13214,12250,7978.4,9741.3,8873.7,9482.3,8531.5,10158,6889.2,3787.6,6096,11167,10920,10564,10962,11432,10922,9473.1,10569,6835.2,12833,5874.8,14825,12707,9815.5,9808.8,10756,7984.6,6205.1,8295.7,9228.9,5092.6,6174.6,9120.8,9821.9,13284,11497,10816,10719,9903.4,10477,10181,9781.4,14807,12234,15441,14902,14076,13623,12033,9645.4,11185,10615,10876,9581.3,10546,6209.3,3848.6,7638.5,11239,10610,12128,11249,11112,10860,10132,10488,7081.3,12656,6023.9,14723,12709,9575.8,9554,10246,9376.5,6694.4,8404.1,9081,7336,5980.5,8834.1,9473.7,14031,12412,11193,12098,11093,12013,10313,9233.9,10937,9839.7,6370.9,8942.9,11082,9782.4,9607.9,7636.1,11382,10075,6469,9082.6,12049,10387,9586.4,7709.1
14130,11702,16111,15657,13471,13180,12248,7957.2,9669.7,8874,9482.1,8530.3,10154,6853.1,3784.4,6098.8,11185,10922,10564,10985,11406,10901,9497,10585,6837.5,12840,5855.2,14847,12712,9815.6,9827.6,10751,7996.6,6182.9,8315.3,9235.2,5083.5,6162.3,9117.8,9817.6,13284,11526,10798,10715,9929.9,10535,10124,9780.9,14784,12271,15434,14901,14029,13602,12032,9631.9,11216,10603,10822,9592.1,10539,6209.3,3813.3,7667.7,11280,10621,12153,11231,11101,10869,10133,10499,7060.3,12658,6017.9,14723,12755,9617.3,9566.7,10268,9395,6658.7,8401.8,9111.1,7372.1,5989.1,8820.7,9479.9,14070,12372,11175,12146,11101,11992,10336,9286.3,10952,9841.3,6316.2,8946.8,11193,9771.1,9603,7658.5,11306,10065,6522.3,9095.9,12061,10344,9592.2,7710.4
14119,11703,16121,15658,13473,13198,12243,7942.6,9750.1,8908.5,9472.3,8523.5,10144,6920.4,3777.5,6116.6,11189,10943,10553,10964,11386,10918,9457.1,10584,6822.2,12830,5879.2,14869,12716,9815.4,9836.2,10762,7995.3,6163.2,8318.2,9260.4,5079.5,6151,9110.4,9811.5,13205,11505,10818,10709,9891.3,10487,10092,9746,14798,12260,15418,14892,14053,13574,12031,9648.1,11234,10635,10833,9575.9,10545,6196.1,3854.3,7633.4,11253,10625,12148,11207,11094,10869,10119,10457,7086,12653,6129.1,14735,12768,9615.4,9585.4,10258,9388.8,6663.7,8454.2,9110.4,7342.3,5984.6,8836.9,9492.8,14090,12409,11166,12130,11157,12033,10312,9248.8,11031,9828.5,6313.4,8955.7,11155,9801.1,9546.1,7645.5,11397,10054,6446.6,9079.2,12201,10351,9618.4,7719.8
14131,11730,16130,15645,13440,13205,12263,7961.8,9707.5,8903.3,9483.4,8534.4,10162,6857.6,3769.5,6125.2,11194,10937,10539,10947,11425,10914,9455.8,10621,6829.8,12823,5868.2,14840,12719,9819.8,9860,10806,7965.2,6189.9,8316.6,9251.3,5070.6,6204.3,9120.5,9822.4,13227,11523,10809,10690,9977.9,10483,10157,9782.2,14796,12248,15444,14882,13999,13554,12029,9670.9,11199,10634,10859,9579.1,10551,6223,3836.4,7651.8,11256,10619,12136,11202,11077,10853,10111,10535,7092.1,12637,6070.5,14738,12791,9676,9609.3,10248,9359.8,6668.4,8423.9,9111.7,7297.4,5979.8,8843.4,9469.9,13993,12363,11175,12100,11236,12038,10364,9267.7,10947,9867,6332.1,8952.8,11245,9824.2,9619.1,7634.3,11415,10095,6497.5,9063.5,12205,10356,9613.8,7707.2
14108,11695,16116,15664,13470,13221,12258,7933.8,9723.1,8893.9,9483.3,8539.6,10158,6834.3,3781.8,6092.1,11211,10934,10550,10953,11394,10914,9474.9,10605,6853.1,12814,5856,14818,12725,9814.1,9838.5,10787,7973.5,6242.5,8310.2,9252.5,5085.7,6171.3,9119.6,9802.6,13243,11506,10828,10711,9886.5,10509,10140,9767.9,14788,12264,15433,14919,13996,13585,12061,9638.7,11198,10634,10810,9548.5,10560,6281,3835.1,7632.7,11263,10610,12124,11234,11118,10878,10127,10513,7087.3,12677,6099.6,14686,12746,9622,9611.9,10282,9406.4,6675.8,8432.4,9108.1,7332,6011.1,8843.9,9489.8,14027,12396,11176,12150,11140,12062,10354,9264,10933,9818.9,6367.9,8953.9,11189,9827.6,9636.5,7625.8,11364,10104,6500.4,9123.8,12158,10328,9627,7707.3
14116,11712,16127,15666,13487,13217,12292,7953.9,9692.1,8916.6,9503.5,8538.7,10179,6890.4,3762.6,6111.4,11224,10942,10541,10977,11403,10915,9477.5,10628,6882.8,12893,5795.9,14824,12711,9823.8,9834.6,10799,7965.1,6196.2,8304.1,9258,5097.4,6136.2,9114.8,9801.8,13241,11534,10846,10659,9918.2,10485,10179,9787.8,14786,12256,15424,14897,14028,13593,12066,9621.3,11215,10616,10791,9573.2,10568,6194.4,3819.8,7666.5,11268,10572,12128,11233,11080,10864,10139,10504,7082.3,12721,6014.1,14704,12766,9625,9598.3,10292,9374.5,6618.5,8418.1,9113,7347.7,5967.3,8803.3,9506.5,14025,12398,11203,12143,11155,12048,10367,9278.4,10937,9854.5,6289.1,8972.1,11141,9830,9637.1,7630.2,11322,10069,6464,9105.4,12112,10381,9626.1,7717
14102,11701,16097,15658,13449,13179,12297,7956,9714.2,8879.1,9445.3,8525.6,10167,6838.2,3765.5,6113,11229,10943,10556,10961,11398,10902,9461.4,10628,6880.4,12850,5855.8,14827,12720,9830.3,9846.8,10848,7975.6,6174.5,8282.6,9260.9,5107.9,6154.1,9125.2,9802.4,13242,11530,10790,10710,9913.6,10497,10176,9753.5,14782,12233,15422,14873,14004,13575,12070,9607.6,11276,10617,10838,9578.5,10576,6252.1,3848.1,7661,11280,10591,12117,11215,11087,10868,10132,10483,7120.3,12714,6061.4,14704,12753,9636.5,9613.1,10278,9374.6,6632.3,8446,9122.5,7363.3,5971.2,8835.7,9509.5,13996,12406,11233,12122,11149,12060,10331,9275.1,10941,9871.8,6396.5,8967.6,11105,9886.9,9581.4,7651.3,11350,10081,6411.3,9082.4,12050,10368,9622.2,7711.9
14107,11687,16112,15649,13465,13188,12275,7948.7,9701.8,8894.6,9454,8508,10163,6846.9,3750.3,6102.7,11226,10946,10574,10963,11392,10908,9460.7,10603,6851.5,12798,5877.6,14849,12700,9790.7,9845.1,10773,7980.9,6207.2,8291.3,9222.7,5103.4,6163.8,9134.4,9826.4,13208,11542,10833,10748,9968.1,10505,10153,9773.4,14760,12250,15425,14903,13980,13566,12061,9629.9,11200,10643,10815,9539.8,10555,6229.7,3841.7,7646.3,11276,10589,12131,11207,11085,10884,10147,10480,7109.8,12684,6061.6,14703,12773,9634.5,9624.4,10280,9399.1,6667.1,8486.7,9129.4,7403.3,5955.6,8807.1,9495.5,14005,12376,11215,12156,11227,12065,10293,9266.9,10920,9830.9,6303.5,8943.7,11167,9890.9,9658.3,7614.9,11349,10055,6558.6,9103.8,12079,10349,9614.5,7704.7
14097,11711,16119,15626,13486,13224,12274,7953.8,9684.5,8877.2,9447.1,8518.1,10185,6858.4,3773.9,6110,11207,10930,10587,11003,11417,10901,9477.5,10638,6840.7,12814,5832.1,14849,12697,9820.9,9856.9,10835,7952.3,6220.9,8344.9,9239.3,5115.2,6157.5,9152.1,9814.7,13316,11547,10828,10714,9887,10507,10174,9794.9,14758,12263,15411,14885,13974,13574,12061,9635.1,11203,10651,10824,9552.6,10570,6199.6,3833.9,7671.9,11271,10594,12147,11243,11068,10869,10137,10529,7093.2,12706,6170.7,14732,12774,9652,9624.5,10359,9391.3,6711.4,8376.9,9142.3,7318,5990,8828.3,9508.6,14027,12451,11182,12178,11165,12009,10381,9289.9,10937,9800.4,6409.6,8953.6,11093,9847.7,9604.4,7638.9,11294,10042,6456,9089.2,12137,10403,9615.7,7720.1
14103,11688,16127,15671,13489,13246,12295,7937.3,9731.5,8865.8,9442.7,8508.8,10174,6828.4,3787.5,6109.1,11201,10927,10589,11019,11423,10914,9487.5,10583,6840.9,12836,5849.2,14862,12751,9836.3,9838.5,10790,7961,6222.4,8288.6,9273.1,5151.1,6147.6,9146.4,9832,13231,11581,10808,10747,9864.6,10502,10156,9760.8,14782,12263,15429,14901,13959,13597,12067,9637.5,11214,10630,10773,9538.7,10544,6272.9,3833.9,7645.1,11257,10597,12139,11226,11106,10867,10113,10526,7059.2,12715,6123.5,14707,12788,9651.9,9606.3,10291,9360.2,6669.5,8388,9125.6,7347.9,6000.1,8837.2,9508.2,14042,12434,11177,12183,11145,12116,10389,9244.3,10959,9831.7,6339.2,8930,11104,9856.7,9617.1,7637.1,11282,10083,6476.6,9083.8,12013,10343,9595.4,7701.9
14138,11740,16130,15703,13538,13253,12273,7940,9728.5,8886.2,9501.2,8533.7,10174,6820.2,3781.2,6107,11201,10958,10595,10989,11456,10910,9473,10630,6846.6,12840,5844.8,14856,12747,9807.2,9848.7,10798,8008,6161.2,8302.8,9247,5151,6151.2,9130.9,9825.2,13324,11547,10873,10748,9899.8,10544,10082,9755.6,14794,12252,15441,14900,14042,13583,12064,9646,11236,10637,10770,9539.9,10545,6197.6,3824.4,7650.5,11253,10557,12130,11227,11086,10834,10122,10524,7069.1,12695,6026.4,14683,12758,9646.9,9586.4,10302,9366.6,6652.6,8391.1,9140.6,7356.3,5989.5,8808.7,9480.2,14034,12437,11203,12141,11164,12066,10358,9206.1,10851,9853.1,6359.3,8954,11179,9851.7,9652.7,7649.3,11405,10025,6401.9,9087.7,12040,10325,9596.7,7710.1
14139,11728,16135,15664,13549,13240,12282,7945,9718.5,8881.4,9535.4,8513.3,10197,6833,3793.1,6138.1,11208,10944,10580,10999,11447,10912,9455.7,10639,6848.6,12860,5829.2,14852,12733,9842.4,9857.5,10807,8012.7,6205,8295.7,9254.2,5118.6,6130.6,9109.8,9801.2,13257,11579,10845,10676,9938.1,10528,10101,9733.3,14785,12282,15427,14927,14036,13599,12069,9657.8,11211,10666,10763,9538.4,10561,6190.4,3837.5,7640.6,11257,10539,12122,11220,11091,10851,10122,10506,7114,12681,6084.4,14716,12766,9632.9,9607,10323,9403.3,6648,8402,9113.1,7364.5,5990,8821.5,9488.5,14058,12406,11217,12101,11142,12110,10356,9237.3,10896,9811.4,6294.6,8939,11061,9825.9,9605,7645.9,11316,10055,6440.4,9085.2,12192,10370,9638,7719.9
14128,11744,16133,15684,13550,13282,12290,7959.6,9718.7,8913.7,9494.7,8533.8,10210,6862.8,3771.5,6143.4,11208,10916,10588,11011,11467,10911,9461,10618,6844.2,12861,5863.4,14865,12701,9847.5,9855,10827,8024.4,6181.8,8271,9259.8,5095.5,6120.6,9089.8,9820,13251,11540,10832,10747,9960.4,10498,10218,9724.2,14766,12272,15420,14900,13999,13602,12075,9649.1,11228,10638,10764,9532.9,10569,6224.9,3833.3,7634.8,11249,10529,12111,11211,11138,10835,10091,10538,7092.5,12678,6132.2,14726,12755,9630.9,9596,10335,9414.2,6638.5,8458.6,9124.6,7332.6,6004.1,8825.7,9485.1,13976,12434,11211,12212,11189,12118,10347,9239.6,10926,9845.2,6388,8948.5,11115,9878.1,9588.6,7638.7,11375,10085,6529.8,9071.9,12201,10364,9630.9,7717
14137,11771,16145,15672,13533,13307,12261,7964.1,9721.1,8878.1,9470.4,8520.6,10185,6887.5,3808,6153,11205,10914,10581,10996,11460,10906,9449.2,10618,6845.8,12813,5873.7,14857,12730,9851.1,9832.1,10792,8012.7,6234.4,8301,9273.9,5136.5,6150.8,9108.7,9809.3,13270,11527,10834,10714,9969.6,10519,10067,9730,14785,12303,15432,14882,14062,13633,12060,9662.6,11192,10647,10782,9560.8,10583,6219.5,3845.8,7634.7,11253,10555,12116,11210,11109,10811,10102,10533,7100.7,12681,6091.1,14724,12775,9634.2,9594.3,10292,9403.7,6627.6,8461.2,9120.7,7401.9,5983.4,8816.7,9499.7,14049,12439,11227,12157,11190,12093,10346,9222.2,10980,9863.5,6262.9,8964.1,11056,9847.2,9654.1,7643.1,11354,10071,6485.3,9088.3,12167,10342,9613.3,7711.8
14134,11698,16146,15697,13580,13278,12263,7940.5,9728,8865.7,9519,8557.6,10168,6823.6,3797.4,6114.1,11216,10961,10618,10996,11471,10924,9447.3,10595,6894.7,12776,5882.7,14908,12717,9827.5,9821.4,10748,8032.5,6183.1,8282.1,9254.6,5130.7,6159.7,9111,9807.4,13305,11550,10834,10694,9921.4,10512,10100,9732.3,14789,12232,15444,14900,14045,13603,12054,9629.6,11216,10637,10833,9558.3,10574,6196,3825,7621.3,11283,10590,12131,11222,11122,10863,10105,10511,7086.4,12635,6118.7,14748,12729,9618,9580,10299,9390.3,6623.7,8493.1,9081,7357,5965.4,8820.2,9476.6,14046,12407,11237,12157,11125,12055,10373,9239.3,10939,9815.3,6333.7,8962.9,11208,9857,9632.9,7620.7,11311,10040,6509.2,9090.8,12228,10398,9622.9,7709.5
14123,11707,16138,15664,13591,13247,12264,7947.4,9731.1,8872.1,9473.4,8541,10208,6878.2,3789.9,6093.6,11213,10954,10619,10989,11448,10951,9454.2,10608,6897.8,12815,5846.9,14845,12677,9849.3,9822.6,10754,8030.2,6196.9,8304.4,9236.7,5164.6,6133.5,9119.6,9829.8,13211,11512,10824,10712,9896.1,10492,10064,9737.8,14765,12255,15433,14910,14036,13599,12048,9619.5,11204,10596,10816,9552.9,10587,6214.3,3822.3,7624.6,11269,10619,12150,11240,11120,10878,10135,10496,7115.1,12599,6029.6,14699,12704,9640.4,9581.6,10271,9416.7,6680.7,8449.6,9113.7,7394.2,5979.6,8794.4,9516,14003,12390,11185,12112,11180,12096,10357,9253.2,10890,9828.6,6329.5,8936.2,11113,9825.3,9587.3,7630.9,11370,10063,6467.3,9087.6,12022,10341,9624,7715.3
14133,11682,16144,15688,13582,13267,12237,7969.7,9691.5,8872.5,9459.7,8551.3,10209,6844,3814.1,6101.7,11199,10974,10610,10993,11464,10941,9469.3,10595,6897.3,12758,5949,14844,12702,9817.5,9829.1,10775,8025.1,6220.5,8322.3,9252.3,5114.4,6156.8,9140.3,9798,13251,11504,10797,10690,9884.9,10491,10134,9750.7,14789,12211,15428,14887,14056,13563,12028,9631.5,11256,10649,10849,9566.2,10557,6218.3,3844.5,7617.2,11263,10617,12115,11226,11107,10849,10122,10499,7136,12602,6106.2,14719,12731,9621.6,9574.2,10250,9409.1,6665.5,8406.9,9116.5,7379.7,5997.7,8818.3,9491.2,14051,12357,11148,12123,11191,12130,10280,9250.6,10941,9810.3,6336.2,8955.8,11124,9890.4,9622,7639.1,11314,10069,6484.7,9083.4,12091,10362,9602.6,7699.5
14153,11698,16149,15675,13578,13274,12252,7973.6,9728.5,8879.2,9505.8,8536,10211,6856.2,3774.4,6131.6,11181,10968,10581,11007,11468,10949,9478,10603,6867.7,12772,5834.6,14861,12720,9808.4,9843,10748,8043.1,6170.5,8317.8,9223.9,5143.1,6161.7,9096.5,9828.2,13254,11512,10828,10698,9925.3,10452,10090,9754.4,14790,12266,15425,14884,14073,13592,12040,9635.8,11207,10619,10848,9554.1,10576,6205.5,3822.9,7654.8,11251,10609,12132,11244,11133,10859,10122,10520,7158.4,12620,6111.4,14713,12708,9639.5,9596.5,10290,9406.6,6630.9,8383.6,9115.9,7369.6,5990.2,8815.4,9482.8,14068,12386,11174,12196,11080,12074,10383,9261.2,10934,9860.2,6328.4,8929.8,11253,9838.4,9617.6,7639.5,11368,10040,6446.8,9067.9,12143,10367,9583.2,7702.9
14142,11710,16148,15676,13580,13258,12253,7981.6,9724.6,8875.5,9515.1,8560,10230,6833.8,3787.7,6132.6,11177,10984,10580,11020,11486,10946,9484.6,10610,6842.3,12826,5855.5,14848,12703,9820.6,9829.2,10761,8042.6,6239.6,8294.9,9252.1,5149.4,6149.5,9106.5,9800.1,13225,11518,10799,10732,9901.4,10479,10146,9763.4,14803,12285,15428,14909,14036,13587,12035,9648.1,11167,10605,10814,9535.9,10573,6246.8,3806.1,7608,11251,10583,12126,11238,11129,10858,10138,10536,7122.5,12598,6150.5,14734,12714,9619.1,9607.1,10289,9428,6653.6,8403.4,9120.1,7351.4,5985,8817.6,9503.7,14032,12379,11186,12056,11132,12097,10405,9246.3,10987,9833,6368.2,8940.1,11167,9868.1,9579.3,7630.9,11298,10004,6459.3,9090.3,12189,10397,9631.7,7709.8
14153,11715,16150,15676,13601,13277,12245,7951.2,9722.4,8869.6,9486,8538.1,10217,6847.7,3796.3,6106.5,11170,10940,10587,11006,11486,10939,9486.3,10582,6858.2,12813,5878.1,14855,12693,9802,9831.6,10774,8024.7,6228.6,8324.6,9253.2,5142.3,6157,9112.9,9799.6,13242,11529,10795,10695,9860.3,10493,10018,9763.9,14798,12276,15440,14903,14073,13591,12049,9635.4,11195,10608,10862,9520.9,10568,6251.8,3819,7631,11249,10570,12147,11223,11103,10829,10122,10515,7115.7,12650,6137.1,14738,12727,9609.1,9583,10276,9396.9,6668.4,8365.1,9107,7374.3,5992.6,8810.8,9488.5,14073,12391,11174,12071,11194,11995,10379,9265.7,10983,9851.6,6424.3,8967.8,11139,9856.3,9615.4,7646.9,11389,10081,6505,9093.5,12102,10400,9651.2,7712.8
14172,11709,16158,15697,13617,13312,12241,7957.9,9704,8903,9501.2,8540.4,10199,6860.9,3803.5,6133.1,11176,10968,10613,11019,11500,10933,9475.4,10626,6858.5,12787,5895.3,14842,12681,9851,9852.1,10770,8053.2,6198.1,8314.7,9259.4,5145.9,6164.1,9122.5,9825.8,13324,11491,10809,10655,9911.6,10456,10166,9742.5,14804,12259,15418,14901,14068,13616,12033,9657,11244,10639,10817,9554.2,10558,6221.9,3830.9,7642.4,11251,10608,12120,11220,11124,10840,10093,10487,7090.4,12609,6101,14686,12748,9622.5,9585.5,10283,9416.4,6688.8,8384,9100.9,7355.3,5998.8,8816.3,9472.9,14106,12383,11174,12126,11134,11978,10351,9252.6,11003,9827.3,6334,8958.9,11119,9829.1,9613,7618.9,11379,10108,6526.4,9097.3,12124,10397,9611.8,7716.8
14164,11709,16165,15706,13663,13314,12230,7969.9,9691.1,8860.9,9509.4,8573.3,10224,6845.6,3788.4,6117.4,11181,10982,10615,11011,11533,10941,9478.7,10615,6854.1,12785,5866.4,14870,12697,9839.7,9838.4,10762,8065.7,6212.4,8244.7,9273.6,5126.1,6141.3,9122,9806.7,13309,11457,10790,10662,9854.7,10477,10053,9741.7,14808,12286,15429,14901,14034,13594,12028,9646.8,11137,10630,10777,9563.8,10570,6220.7,3863.9,7654.4,11232,10597,12120,11217,11121,10833,10100,10525,7101.8,12599,6165.9,14735,12777,9606.8,9540.4,10237,9406.6,6679.2,8469.4,9129.1,7402.9,5987.1,8779.5,9500.4,14063,12425,11190,12073,11161,12066,10349,9240.2,10984,9868.3,6293.8,8965,11077,9814.9,9587.5,7634.7,11454,10092,6444,9097.2,12084,10347,9629,7703.7
14185,11731,16164,15712,13644,13307,12237,7963.2,9727.3,8890.3,9505.6,8568.7,10215,6832.1,3817.5,6152.5,11182,10950,10606,11006,11500,10955,9472.4,10606,6852.8,12783,5896.9,14868,12706,9813.6,9811.9,10724,8058.7,6192.8,8249.7,9263.9,5145.2,6163.8,9140,9812.4,13270,11479,10753,10683,9938.7,10451,10134,9738.2,14808,12268,15410,14912,14105,13605,12025,9635.7,11197,10614,10836,9546.6,10545,6242.8,3874,7615.9,11254,10598,12158,11206,11133,10829,10112,10485,7081.6,12601,6056.5,14713,12716,9569.3,9551.1,10234,9426.2,6695,8422.4,9106.9,7414.1,5988.6,8800.9,9504.9,14039,12379,11181,12046,11085,12076,10344,9248.2,10998,9851.8,6213.2,8964.7,11179,9865.4,9624.8,7629.3,11387,10125,6476.8,9095.8,12175,10360,9650.7,7706.8
14202,11711,16183,15724,13663,13332,12229,7960.6,9680.3,8864.1,9520,8563.4,10227,6816.2,3796.9,6114.4,11161,10969,10595,10997,11519,10974,9487.5,10552,6804.6,12770,5841.6,14834,12690,9781.4,9797.2,10735,8096.4,6200.9,8286.6,9266.7,5135.3,6172.5,9155.1,9799.7,13238,11486,10764,10692,9888.7,10490,10001,9744.4,14810,12281,15422,14915,14119,13623,12015,9638.8,11214,10593,10856,9543,10548,6238.8,3813.7,7660.6,11252,10608,12145,11213,11086,10838,10122,10473,7073.6,12610,6132.3,14712,12699,9590.8,9521.5,10218,9430.1,6668.4,8357.1,9107,7407,5947.3,8816,9515.9,14026,12379,11158,12091,11054,11983,10329,9244.6,11002,9830,6366.5,8951.2,11173,9793.8,9642.8,7626.7,11444,10107,6458.2,9100.9,12111,10382,9629.2,7698
14174,11691,16155,15695,13631,13286,12229,7974.6,9692,8926.3,9487.2,8559.8,10217,6825.6,3811.8,6126.2,11160,10960,10624,10997,11517,10973,9489.2,10599,6888.9,12788,5877.9,14872,12670,9807.5,9797.9,10712,8091.9,6201.6,8292.9,9255.2,5162.3,6145.2,9148.6,9824.3,13201,11505,10782,10645,9917.1,10437,10117,9781.7,14792,12254,15413,14917,14145,13626,12022,9633.4,11213,10610,10820,9550.6,10541,6255.5,3839.1,7638.7,11228,10600,12163,11217,11099,10865,10144,10515,7048.2,12610,6126.8,14701,12674,9591.7,9537,10209,9429.4,6700.1,8449.7,9110.6,7411.3,5942.4,8825,9511.3,14027,12364,11158,12030,11107,12021,10361,9262.1,11037,9870.2,6220.9,8951.2,11093,9838.8,9615.7,7611.5,11430,10070,6439.8,9070.7,12188,10410,9659.2,7702.1
14139,11714,16133,15684,13599,13270,12224,7975.1,9700.3,8890,9473.7,8575,10191,6840.3,3778.3,6125.8,11172,10935,10610,11021,11478,10956,9488.5,10641,6816.4,12768,5870.8,14852,12701,9752.1,9803.7,10767,8035,6191.8,8270.5,9243.5,5130.8,6174.2,9141.9,9831,13248,11525,10794,10608,9875.5,10450,10120,9798.9,14785,12266,15408,14876,14037,13615,12011,9633,11218,10614,10813,9554.7,10573,6224,3826.9,7649.8,11238,10594,12161,11214,11089,10862,10147,10517,7062.5,12591,6163.6,14702,12720,9587,9542.2,10223,9392.2,6713.3,8449.7,9129.8,7393.4,5981.1,8816,9534.5,13991,12409,11203,12068,11116,12021,10285,9303.6,11050,9819.9,6321.8,8933,11192,9899.8,9658.3,7655.2,11417,10082,6470.3,9101.7,12182,10400,9630.9,7698
14149,11693,16124,15690,13607,13288,12220,7986.7,9711.7,8905.2,9525.4,8563.3,10219,6886.7,3813.8,6144.4,11167,10960,10598,10999,11481,10959,9497.3,10604,6835.3,12752,5905.5,14849,12663,9829.2,9791,10786,8053.7,6215.4,8314.2,9245.4,5153.6,6147,9141.8,9845.6,13271,11492,10805,10652,9918.5,10423,10072,9787,14780,12270,15393,14864,14073,13622,12012,9631.3,11217,10618,10823,9559.5,10567,6226,3845.9,7669.8,11229,10615,12151,11195,11097,10850,10131,10504,7097.2,12640,6085.9,14657,12723,9583,9532.8,10219,9420.1,6695.1,8348.8,9112.6,7367.2,5949.3,8829.3,9516.2,14074,12380,11153,12086,11122,11932,10333,9325.3,10962,9848.6,6376.7,8951.8,11244,9889.5,9618.4,7662.5,11367,10056,6458.1,9079.1,12144,10400,9608.3,7686.2
14184,11680,16157,15704,13640,13301,12222,7982,9690,8895.9,9493.7,8574.2,10226,6877.6,3814.1,6137.8,11156,10970,10605,10987,11485,10960,9516.8,10614,6860.7,12762,5887.3,14863,12713,9776.6,9763.4,10758,8090.1,6238.3,8251.6,9244.3,5156,6139.2,9186.8,9849.5,13236,11501,10750,10652,9872.9,10431,10051,9803.3,14808,12254,15389,14890,14069,13637,12008,9648.1,11170,10597,10845,9536.7,10547,6245.7,3823.4,7650.9,11213,10592,12136,11212,11075,10845,10145,10470,7085.9,12609,6120.4,14677,12721,9580.7,9498.4,10178,9455.1,6673.9,8422.6,9095.1,7431.5,5985.1,8839.1,9500.2,13980,12343,11148,12065,11117,11998,10260,9275.2,10992,9838.1,6343.5,8944.1,11116,9880.1,9617.9,7631.2,11463,10082,6448.5,9077.7,12114,10389,9581.9,7708.4
14183,11688,16162,15708,13663,13318,12227,7983.4,9689.8,8880.1,9458.8,8577.6,10224,6871.3,3812.1,6134.6,11155,10999,10595,11000,11497,10970,9522.3,10575,6871.6,12813,5804.1,14819,12679,9806.3,9773,10809,8063.3,6200.7,8304,9242.2,5155.5,6161.9,9161.3,9853,13289,11468,10780,10635,9872.3,10388,10105,9815,14812,12260,15402,14908,14107,13614,12012,9657.7,11186,10579,10875,9539.4,10539,6252.5,3829.3,7686.6,11228,10621,12113,11207,11054,10854,10161,10480,7056.1,12617,6072.9,14674,12720,9575.6,9517.2,10217,9417.1,6603.7,8398.4,9083.1,7373.1,5993.6,8830.2,9511.3,14057,12329,11163,12054,11083,12033,10365,9278.5,11041,9886.7,6364,8959.8,11059,9881.1,9643.4,7630.5,11468,10096,6425.2,9083.8,12156,10421,9614.7,7690.4
14196,11686,16130,15710,13585,13289,12236,7960.7,9686.5,8894.7,9486.7,8550.4,10171,6898.3,3785.8,6159.5,11151,10968,10584,10997,11481,10965,9514.9,10618,6803.1,12773,5862.2,14848,12724,9769.6,9803.4,10744,8023.9,6210.4,8277.1,9246.6,5119.4,6183.1,9143.9,9833.7,13232,11500,10792,10671,9866.6,10452,10133,9825,14810,12229,15414,14889,14044,13609,12011,9652.4,11190,10604,10822,9545.4,10524,6258.2,3827.2,7643.9,11218,10629,12144,11201,11066,10857,10158,10498,7042.6,12610,6066,14707,12715,9582.7,9509.5,10205,9421.1,6668.5,8401.4,9102.9,7368.8,5983.3,8813.9,9507.9,13973,12369,11164,12138,11066,11976,10339,9317.5,11015,9842.5,6253,8957.8,11359,9875.8,9586.9,7618.3,11393,10088,6496.4,9070.1,12171,10384,9591.7,7704.4
14155,11687,16134,15679,13594,13300,12232,7987.1,9698.8,8880,9515.3,8551,10190,6915.7,3787.6,6132.3,11157,10986,10622,10997,11457,10953,9514.8,10616,6848.5,12815,5846.1,14834,12703,9793.5,9770.6,10726,8041.5,6201.5,8283.1,9233.4,5101.1,6174.2,9158.8,9843.6,13278,11518,10726,10670,9810.1,10472,10113,9844.9,14787,12237,15390,14880,14071,13629,12023,9639.4,11193,10578,10759,9507.9,10511,6213.1,3837.9,7669.5,11232,10599,12143,11189,11027,10873,10150,10503,7050.8,12643,6092.8,14685,12701,9567.5,9518.9,10214,9407.6,6661.8,8420.5,9085.9,7388.5,5959.5,8832.5,9513,14031,12357,11167,12079,11098,11975,10321,9315.4,11033,9878.1,6295.2,8942.4,11243,9880.1,9605.6,7621.4,11401,10131,6418,9084.9,12152,10337,9622.3,7707.6
14154,11686,16132,15686,13613,13274,12233,7965.5,9664.8,8873.4,9477.6,8573.4,10182,6883.4,3790.2,6104.5,11156,10975,10578,11000,11457,10969,9512.8,10607,6799.3,12796,5842.9,14816,12677,9797.1,9775.5,10775,8051.5,6212.1,8271,9229.6,5115.8,6157.3,9150.2,9826.4,13280,11445,10773,10684,9878,10394,10002,9814.1,14795,12222,15407,14903,14070,13603,12022,9633.3,11190,10581,10804,9540.6,10523,6213,3820.8,7654.5,11233,10590,12141,11194,11038,10854,10166,10481,7075.5,12629,6103.2,14677,12698,9565.8,9515.2,10214,9403,6647,8362.8,9085.6,7395.9,5961.1,8805.3,9534.4,13955,12350,11163,12148,11150,12003,10352,9312.8,10986,9873.7,6347,8947,11148,9811.2,9640.2,7608.4,11404,10102,6473.1,9052.5,12153,10366,9594.4,7701.3
14177,11675,16136,15683,13651,13331,12222,7980.4,9685,8853.6,9496.1,8570.1,10181,6919.7,3794.7,6117.2,11147,10966,10590,10981,11448,10964,9509.4,10592,6847.8,12788,5818.8,14821,12686,9776,9770.5,10784,8069.3,6224.6,8303.4,9235.4,5132.7,6148,9127.4,9834.3,13269,11475,10754,10652,9854.5,10459,10080,9825.6,14791,12233,15401,14896,14095,13633,12019,9645.2,11198,10596,10843,9547.9,10532,6242.6,3851.8,7650.1,11226,10578,12121,11170,11003,10843,10169,10487,7099.9,12617,6141.9,14665,12711,9595.6,9502.3,10243,9416.5,6658.1,8423.9,9107.3,7388.5,5978.9,8837.5,9510.8,13968,12342,11152,12129,11125,11981,10348,9290.3,11036,9857.9,6377.5,8949,11108,9862.5,9623,7607,11417,10121,6443,9066.9,12207,10361,9609.8,7709.6
14177,11700,16130,15657,13641,13313,12225,7985.4,9669.2,8857.1,9471.6,8551.3,10217,6888.7,3802,6103.5,11152,10961,10597,11005,11451,10967,9545.8,10635,6814.1,12783,5868.2,14830,12717,9786.1,9778,10754,8036.5,6198.1,8275.1,9262.5,5161.9,6174.5,9126.2,9836.2,13272,11522,10770,10612,9884.5,10467,10093,9845,14793,12238,15387,14877,14148,13645,12026,9632.8,11175,10585,10786,9503.1,10533,6249.7,3869.2,7649.9,11230,10605,12188,11202,11005,10837,10148,10497,7093.1,12665,6054.4,14687,12689,9555.9,9496.1,10230,9413,6696.5,8411.3,9098.3,7320.7,5997.4,8832,9541.6,14080,12383,11123,12109,11166,11927,10349,9334.9,11060,9905.8,6363.7,8934.4,11173,9879.5,9588,7612.6,11436,10082,6448.4,9074.6,12211,10340,9555.1,7718.7
14164,11711,16119,15681,13602,13319,12258,8005.4,9734.8,8867.4,9498.9,8560.7,10240,6841.3,3777.6,6089.5,11170,10979,10587,10990,11462,10957,9495.6,10641,6850.7,12796,5805.5,14847,12720,9803.8,9788.6,10842,8048,6170.8,8310.9,9255.1,5083.5,6171.5,9105.8,9836,13291,11521,10826,10719,9954.5,10451,10077,9839.9,14766,12247,15377,14868,14059,13606,12037,9659.2,11179,10586,10809,9530,10550,6208.9,3856.5,7633.4,11234,10590,12140,11188,11016,10835,10152,10529,7093.4,12672,6085.7,14687,12737,9565.5,9509.3,10278,9411.5,6637.5,8417.5,9092.2,7377.7,5980.4,8832.4,9520.5,14042,12385,11192,12167,11144,11976,10322,9304.3,11093,9857.2,6364.3,8932.1,11216,9832.2,9617.1,7638.7,11440,10098,6485.9,9062.9,12257,10373,9598.7,7719
14130,11738,16135,15693,13578,13268,12253,8002.2,9677.6,8885.1,9502.2,8556.2,10213,6878.9,3772.6,6087.9,11179,10964,10593,11009,11483,10943,9510.9,10668,6800.2,12816,5838.8,14815,12759,9798.2,9803.6,10838,8063,6162.3,8336.8,9246.7,5105.7,6152.5,9141.3,9839.3,13313,11507,10780,10676,9864,10445,10040,9820.1,14753,12264,15388,14858,14058,13613,12033,9644.4,11234,10593,10801,9536,10541,6255.2,3841.6,7631.4,11236,10566,12140,11173,11014,10814,10127,10515,7117.4,12673,6067.6,14704,12758,9576.9,9522.5,10305,9417.4,6625.1,8416,9109.5,7362.2,5969.6,8814,9518.3,14051,12386,11167,12146,11130,12059,10339,9282.8,11075,9842.7,6399.8,8973,11339,9873.6,9630.5,7620,11489,10133,6462,9101.8,12164,10361,9566.9,7695.2
14158,11699,16135,15670,13647,13335,12253,7980.4,9726.3,8868.7,9446.5,8523,10219,6848.8,3766.5,6111.9,11164,10979,10601,10992,11461,10955,9509.5,10619,6860.2,12810,5888.4,14834,12702,9815.6,9794.5,10807,8058.3,6174.3,8213.2,9242.4,5166.6,6149.6,9121.9,9844.5,13320,11532,10778,10685,9885.7,10490,10097,9832.7,14742,12267,15398,14865,14043,13565,12042,9636.3,11212,10612,10776,9503.6,10521,6277,3842.6,7645.8,11252,10584,12184,11220,11018,10834,10153,10503,7089.4,12652,6086.5,14716,12730,9567.5,9511.1,10300,9415.7,6628,8397.1,9127,7358.8,5995.1,8814.1,9537.7,14038,12363,11194,12169,11138,12008,10370,9303.9,11049,9878.8,6363.9,8968,11116,9851,9597.6,7619.4,11442,10081,6472.5,9095.9,12040,10354,9597.2,7694.6
14169,11672,16163,15699,13650,13314,12246,7980.4,9684.6,8850.7,9455,8527.7,10237,6842.7,3793.9,6115.2,11165,10973,10607,11003,11482,10963,9501.1,10598,6879.7,12835,5892.2,14846,12715,9772.3,9789.8,10770,8074.5,6157.2,8261.9,9245.4,5150,6131.1,9109.7,9814.6,13305,11551,10786,10642,9834.8,10434,10047,9819.3,14750,12241,15402,14869,14103,13604,12045,9605.2,11176,10624,10813,9480.1,10515,6240.7,3806.3,7629.4,11255,10551,12188,11205,11010,10806,10144,10497,7095.3,12657,6090.8,14677,12725,9527.6,9485.1,10251,9399.2,6642.4,8379.3,9131.5,7366.2,5960.8,8810.4,9543.9,14024,12345,11189,12184,11169,12013,10320,9288.8,10979,9858.9,6301.4,8972.1,11169,9880.7,9608.5,7647.4,11423,10083,6517.6,9075.2,12126,10315,9581.1,7711.2
14153,11691,16138,15700,13619,13333,12253,7967.1,9681,8873,9432.2,8573.1,10245,6871.3,3806.1,6113.6,11165,10975,10600,11030,11478,10972,9500.2,10597,6800.9,12816,5803.4,14837,12734,9817.8,9806.3,10798,8031.4,6196.2,8295.2,9239,5132.3,6158.9,9130.1,9845.6,13311,11509,10780,10651,9868.3,10451,10127,9835.3,14749,12253,15405,14856,14058,13589,12047,9645.1,11200,10589,10806,9521.4,10548,6258.6,3829,7679.5,11246,10583,12134,11199,11029,10818,10158,10483,7100.1,12673,6060.1,14693,12726,9596.3,9534.3,10270,9384,6684.8,8420.6,9114.5,7321.4,5971.2,8799.7,9518.3,13967,12376,11150,12110,11095,11966,10288,9312.7,11017,9842,6275.3,8929.1,11207,9890.9,9610,7626.3,11419,10110,6384.5,9094.8,12047,10351,9573.3,7704.5
14144,11702,16167,15687,13626,13326,12252,7984.2,9706.7,8862.9,9453.8,8560.1,10209,6874.5,3796.7,6093.2,11180,10976,10598,11021,11499,10965,9515,10596,6836.4,12840,5869.9,14845,12709,9812.6,9796.4,10762,8058.9,6201.5,8306.7,9235,5161.5,6154.9,9113.5,9856.1,13335,11508,10789,10697,9939.8,10448,10069,9822.6,14751,12277,15405,14862,14030,13589,12048,9631.4,11167,10585,10800,9521.5,10525,6262.8,3819.6,7682.9,11226,10582,12141,11198,11043,10803,10159,10442,7139.5,12665,6143.4,14731,12714,9565.6,9519.8,10246,9426.8,6703.5,8433.2,9113,7356.1,5982.6,8815,9524.4,13922,12384,11148,12138,11099,12071,10278,9298.4,10994,9853.4,6317.6,8959.3,11159,9850.7,9628,7642.6,11373,10116,6461.8,9088.3,12143,10360,9585.6,7703.4
14158,11669,16150,15692,13616,13342,12258,7991.9,9706.5,8854,9471.2,8588.7,10243,6879.9,3798.9,6116.8,11172,10973,10592,11030,11499,10955,9497.4,10588,6808.7,12842,5868.5,14844,12713,9796.4,9807.8,10738,8041.6,6198.5,8252.3,9252.4,5159.8,6147,9105.1,9858.8,13333,11518,10770,10637,9941.2,10422,10067,9815.7,14758,12243,15386,14863,14094,13569,12040,9639,11175,10590,10835,9529.7,10533,6266.3,3872.5,7656.5,11247,10614,12173,11217,11045,10814,10150,10494,7114.3,12688,6089.4,14687,12764,9564.8,9535.4,10245,9425.3,6672.4,8479.5,9126.4,7409.7,5968.5,8839,9562.9,14016,12400,11193,12111,11158,11972,10350,9287.5,11024,9870.3,6439.9,8941.4,11214,9860.9,9607.1,7615,11422,10098,6474.4,9077.4,12244,10367,9601.5,7687.9
14166,11678,16166,15705,13590,13337,12286,7992.7,9676.9,8851.7,9532,8565.7,10242,6886.3,3788.4,6107.5,11186,10984,10607,11021,11488,10964,9484.6,10564,6832.9,12809,5868.1,14830,12725,9817.9,9800,10742,8021.7,6172.1,8341.7,9238.8,5114.6,6164.4,9113.5,9828.4,13281,11519,10788,10710,9864.6,10488,10078,9813.6,14752,12249,15401,14857,14038,13600,12060,9647.2,11152,10579,10819,9528.3,10533,6248.7,3867.1,7644.9,11263,10577,12120,11196,11067,10815,10140,10470,7116.2,12657,6135.9,14704,12706,9588.3,9545,10231,9411.1,6625,8424.4,9094.1,7424.4,5999.6,8826.9,9529.1,14089,12383,11181,12195,11148,12014,10272,9287.5,11025,9883.3,6362,8988.2,11254,9865.4,9615.4,7611,11391,10072,6501.5,9080.4,12025,10367,9607,7722.8
14154,11686,16171,15719,13649,13315,12264,8007.5,9702.1,8871.1,9477.5,8568.8,10222,6912.3,3785,6131,11204,10990,10599,11029,11524,10954,9480.3,10602,6828.1,12813,5854.2,14861,12692,9799.7,9791.5,10764,8077.5,6166.6,8324,9242.3,5105.5,6165.4,9137.2,9822.8,13299,11479,10822,10655,9925.1,10470,10068,9798.1,14752,12264,15416,14871,14074,13581,12065,9633.3,11225,10591,10830,9500.2,10519,6238,3836.5,7639.1,11270,10571,12138,11196,11092,10821,10168,10478,7119.1,12621,6074.2,14713,12716,9571.6,9518.9,10211,9413.1,6670,8416.6,9115.2,7423.6,5997.7,8796.7,9529.6,14022,12370,11155,12110,11223,12037,10318,9261.3,10988,9841.7,6316.2,8978.3,11184,9847.4,9619.3,7637.7,11405,10067,6413.7,9092.1,12126,10370,9583.4,7711.6
14164,11665,16156,15721,13605,13373,12270,7997.6,9681.9,8886.6,9506.2,8555.1,10228,6931.3,3790.1,6123.9,11191,10989,10610,11015,11513,10964,9492.2,10515,6790.3,12811,5858.9,14865,12693,9799.9,9802.5,10700,8032.5,6175.3,8309.7,9227,5111.6,6145.5,9131.9,9805.5,13307,11509,10815,10671,9904.3,10484,9974.8,9766.6,14767,12243,15425,14879,14007,13576,12060,9651.8,11155,10611,10846,9538.6,10499,6239.5,3839.4,7651.9,11239,10574,12129,11199,11072,10807,10147,10454,7104,12631,6088.2,14694,12761,9567.1,9537,10181,9395.4,6627.5,8430,9115,7347.6,5995.6,8817.3,9515.7,14019,12376,11164,12134,11105,12026,10270,9260,11008,9866.7,6310.5,8950.9,11097,9877.8,9603.1,7610.9,11315,10077,6458,9089.7,12113,10293,9656.1,7702.6
14167,11692,16148,15722,13600,13321,12279,7990.3,9697.7,8862.6,9456,8562.7,10229,6863.1,3774.7,6097.5,11191,10982,10612,11041,11508,10956,9484,10535,6836.7,12819,5932.2,14874,12687,9822.1,9801.6,10723,8040.8,6197.8,8268.5,9220.5,5127,6173.2,9144.6,9821.5,13276,11520,10776,10704,9877,10473,10054,9784.3,14757,12225,15416,14895,14042,13612,12060,9658.7,11184,10623,10845,9524.2,10525,6265.1,3811,7629.1,11251,10563,12140,11213,11081,10818,10133,10439,7102.1,12642,6126.3,14684,12715,9568.6,9527.2,10196,9385,6574.9,8459.3,9080.9,7330.4,5968.2,8825.4,9515.6,14029,12352,11166,12103,11072,12040,10285,9241,10966,9858.5,6377.3,8979.1,11167,9881.1,9628.2,7625.4,11343,10106,6459.7,9073.8,12189,10346,9633.9,7717.9
14150,11705,16149,15692,13584,13288,12295,7970,9724.4,8859.2,9458.1,8551.8,10222,6904.2,3773.7,6128.4,11198,10994,10633,11012,11513,10961,9494,10523,6809.2,12800,5872.3,14838,12649,9784.5,9799,10683,8025.7,6183,8310.4,9259.4,5118.6,6135.6,9117.2,9832.1,13246,11521,10829,10706,9883.3,10463,10013,9774.4,14769,12253,15432,14891,14077,13579,12054,9654.8,11198,10633,10842,9542.5,10555,6234.9,3839.3,7657.5,11265,10588,12138,11235,11091,10830,10146,10413,7084.5,12614,6131.6,14681,12709,9584.7,9535.1,10178,9423.2,6646.6,8407.3,9074.7,7373.3,5993.7,8797.3,9497.6,14044,12390,11192,12072,11124,11958,10241,9263.6,10918,9856.6,6311.2,8960.5,11079,9863.3,9631.1,7633.2,11330,10056,6467.3,9059.9,12075,10407,9603,7709.9
14161,11695,16155,15707,13592,13297,12284,7976.9,9658.6,8864.1,9476.5,8540.2,10209,6957.4,3793.7,6125.5,11193,11015,10631,11015,11501,10963,9492.9,10479,6852.8,12800,5916.7,14836,12715,9766.2,9790.9,10693,8029.1,6228,8258.5,9230.5,5165.7,6155.8,9096,9839.6,13286,11547,10789,10666,9970.5,10438,9986.8,9755.6,14784,12283,15434,14886,14074,13627,12075,9635.1,11202,10607,10850,9541.7,10530,6259.7,3854.2,7635.7,11259,10601,12134,11217,11094,10837,10164,10379,7138.1,12631,6146.1,14684,12718,9606.1,9549.5,10185,9425.7,6693.3,8430.3,9075.6,7382.6,5987.3,8813.9,9506.5,14032,12372,11177,12137,11187,12075,10267,9249.8,10963,9852,6280.4,8944.3,11130,9838.8,9622.8,7632.5,11333,10047,6429.4,9069.1,12106,10358,9596.7,7717.1
14181,11695,16172,15733,13625,13312,12260,7960.7,9655.7,8847.7,9463.2,8562.1,10246,6888.2,3803.7,6103.3,11194,11012,10636,11022,11509,10958,9494.3,10455,6873.3,12789,5910.3,14847,12671,9771.5,9786.5,10692,8054.5,6202.8,8245.6,9199.6,5145.2,6147.5,9139,9825.9,13295,11547,10791,10669,9918.6,10447,9978.5,9769.5,14804,12236,15432,14902,14083,13635,12054,9634.9,11145,10627,10827,9542.8,10551,6251.8,3851.1,7656.4,11261,10624,12151,11217,11105,10837,10140,10398,7120.2,12642,6135.6,14698,12709,9596.6,9530,10144,9412.5,6666,8402.2,9067.2,7402.4,5959.2,8812.5,9508.4,14028,12389,11147,12089,11155,11945,10277,9196.1,10939,9849.3,6305.5,8941.4,11177,9762.5,9584.7,7627.5,11372,10085,6441.8,9077.2,12104,10308,9631.5,7710.7
14205,11653,16198,15771,13654,13383,12267,7945.3,9661.7,8856.3,9484.7,8538.9,10239,6867.5,3799.7,6069.1,11196,11045,10630,11027,11503,10973,9495.5,10459,6825.1,12795,5868.1,14841,12662,9773.6,9768.4,10671,8051.3,6199,8259.9,9216.2,5130.7,6155.5,9125.3,9831.6,13330,11489,10763,10668,9905,10457,10017,9753.3,14802,12221,15462,14918,14107,13677,12051,9633.2,11172,10600,10831,9544.8,10549,6257.2,3849,7650.6,11249,10606,12131,11244,11111,10850,10143,10423,7132.2,12627,6124.6,14657,12664,9589.7,9522.3,10155,9417.5,6684.8,8350.4,9050.1,7394.5,6005,8838.6,9479.1,13996,12385,11157,12142,11100,12022,10269,9201.1,10889,9846.6,6280.6,8939.8,11232,9840.7,9578.3,7625.9,11337,10056,6503.4,9077.6,12143,10343,9580.1,7705.6
14186,11666,16178,15748,13676,13376,12283,7958.2,9662.2,8853.3,9497,8562.2,10215,6863.7,3829.8,6113.2,11190,11051,10658,11052,11515,10978,9500.3,10497,6856.8,12805,5895.1,14817,12664,9780,9749.1,10699,8039.1,6143.5,8306.4,9225,5129.7,6154.3,9109.6,9829.2,13232,11500,10763,10675,9922.6,10384,9965.3,9763.5,14797,12244,15443,14925,14139,13655,12075,9628,11226,10608,10803,9524.4,10539,6224.6,3860.7,7674.8,11249,10604,12154,11252,11137,10859,10155,10407,7094,12615,6111.9,14646,12691,9576.4,9507.8,10185,9447.1,6689.9,8412.7,9067.8,7373,5998.3,8790.3,9475.8,13977,12366,11143,12149,11137,12009,10291,9200.9,10959,9852.3,6353.8,8963.6,11080,9860.1,9582.4,7637.6,11319,10045,6473,9083,12057,10320,9594.1,7718.1
14205,11706,16207,15754,13633,13357,12293,7963.3,9674.3,8864.9,9484.6,8563.2,10252,6893.3,3797.7,6132.2,11184,11029,10630,11050,11533,10973,9493,10516,6830.7,12790,5849.8,14824,12672,9776.6,9790.6,10720,8056.1,6243.9,8291.2,9219.4,5139.1,6161.6,9151.4,9822.3,13321,11491,10761,10671,9926,10442,10008,9740.6,14804,12259,15449,14930,14117,13650,12071,9636,11204,10614,10774,9537.9,10527,6233.4,3856.7,7648.8,11233,10574,12141,11261,11129,10825,10139,10428,7055.4,12683,6036.4,14678,12675,9598.6,9544.1,10224,9417.1,6656.5,8430.5,9058,7368.6,5996,8800.8,9477.7,14011,12391,11160,12052,11185,12055,10304,9194.6,10980,9880.3,6269.3,8967.2,11090,9847,9590.8,7641,11339,10082,6471.6,9043,12081,10253,9601,7689.4
14185,11699,16207,15765,13648,13387,12298,7970.2,9692.1,8865.7,9479.3,8584.3,10259,6883.7,3775.8,6112.1,11203,11029,10634,11068,11557,10984,9494.3,10533,6816,12812,5823.9,14837,12662,9791.9,9801.2,10760,8033.9,6190.4,8242.2,9217.8,5101.9,6167,9141.6,9820.4,13278,11526,10776,10708,9882.7,10438,10077,9748.2,14779,12237,15441,14915,14071,13650,12095,9622,11147,10649,10764,9551.3,10553,6202.3,3861.1,7663.4,11255,10593,12156,11270,11130,10831,10137,10439,7029.1,12654,6077.7,14698,12679,9584,9528.9,10204,9377.3,6620.7,8449.9,9065.5,7326.2,5972.3,8832.8,9472.6,14031,12403,11157,12120,11160,11970,10306,9207.5,10973,9881.3,6335.7,8953,11234,9830.5,9616.7,7638.8,11332,10066,6439.5,9091.5,12039,10350,9560.5,7691.6
14177,11687,16171,15764,13613,13350,12286,7961.7,9717.8,8844.6,9468.3,8548.9,10239,6953.3,3806.7,6108.4,11211,11020,10639,11043,11495,10968,9492,10524,6841.3,12810,5852.8,14861,12715,9769.9,9795.8,10736,8017.7,6221.5,8219.6,9233.6,5145.8,6128.6,9148.6,9825.9,13319,11497,10779,10695,9882,10434,10038,9732.4,14780,12235,15441,14898,14076,13626,12070,9633.3,11188,10598,10794,9561.8,10577,6287.6,3872.4,7675.5,11257,10618,12176,11264,11128,10835,10127,10434,7080.5,12633,6040.5,14650,12703,9604,9539.1,10179,9395.9,6700.1,8428.3,9075.9,7421.8,5976.7,8821.7,9505.9,14070,12388,11149,12118,11112,12042,10334,9204.6,10962,9855,6395.1,8950.8,11108,9871,9578.7,7633.7,11396,10105,6472.8,9099.3,12003,10307,9578,7702.6
14180,11714,16194,15756,13673,13379,12256,7966.4,9744.1,8867.2,9491.4,8563.1,10256,6913.7,3822.1,6113.3,11196,11048,10633,11052,11522,10974,9499.2,10511,6849.1,12788,5829.1,14829,12681,9759.3,9769.2,10724,8058.7,6207,8277.9,9225.8,5182.7,6149,9125.6,9818.4,13297,11496,10777,10734,9865.2,10462,10004,9738.7,14814,12272,15448,14908,14090,13666,12050,9643.4,11245,10619,10818,9548.2,10553,6281.3,3871.8,7659.6,11254,10629,12188,11274,11128,10841,10150,10409,7060.6,12622,6040.5,14650,12703,9574.9,9512.2,10206,9399.7,6707.5,8400.8,9090.7,7390.9,5980.5,8811.4,9502.8,14014,12410,11143,12106,11161,12068,10313,9189.6,11051,9878.2,6332.5,8964.5,11224,9860,9571.5,7628.8,11381,10076,6498.4,9071.2,12046,10380,9615.4,7697.8
14194,11699,16219,15764,13705,13387,12269,7985.6,9691.6,8894,9497.4,8584.9,10231,6898,3813.3,6117.1,11207,11040,10635,11053,11534,10971,9491.2,10525,6781.9,12767,5885.9,14839,12639,9769.8,9784.4,10684,8048.9,6196.2,8284.4,9219.5,5181,6162.5,9136.9,9814.4,13297,11512,10768,10676,9949.5,10513,9965.6,9734.9,14780,12256,15438,14898,14055,13664,12038,9624.5,11214,10605,10833,9555.9,10579,6256.7,3864.3,7682.9,11267,10614,12163,11262,11131,10823,10120,10403,7051.7,12635,6063.5,14680,12683,9555.4,9513,10170,9403.8,6662.2,8412,9092.2,7352.6,5995.4,8824.7,9485.7,14034,12402,11142,12100,11143,11996,10299,9182.8,10980,9836.6,6396.5,8930.1,11249,9843.5,9568.1,7628,11343,10084,6492.1,9087.8,12136,10391,9635.5,7692.7
14149,11720,16192,15732,13604,13327,12273,7980.3,9742.9,8857.3,9451.5,8570.7,10259,6880.4,3826.8,6137.2,11193,11032,10641,11032,11511,10968,9495.2,10472,6742.6,12787,5862.5,14834,12683,9793.9,9792.1,10715,8018,6223,8290.6,9221.3,5162.9,6167.2,9127.7,9832,13317,11496,10814,10700,9919.5,10522,10018,9736.2,14766,12243,15442,14886,14019,13584,12036,9637,11216,10635,10801,9577.2,10575,6182.1,3870.7,7677.1,11250,10605,12155,11270,11124,10823,10123,10416,7055.3,12626,6058.1,14685,12686,9543.3,9533.5,10194,9345.6,6671.2,8392.2,9056.1,7367.3,6024.2,8829.6,9482.5,14020,12386,11141,12118,11111,12026,10258,9214.1,10987,9855.1,6356,8961.2,11196,9829.3,9577.2,7633.2,11350,10091,6488.3,9083.9,12022,10367,9612.2,7722.5
14151,11691,16169,15725,13592,13345,12258,7973.4,9735.7,8876.9,9476.6,8579.5,10231,6911.2,3814.8,6153.9,11191,11052,10658,11045,11486,10953,9481.2,10518,6825,12798,5850,14844,12704,9800.1,9791.7,10723,7990,6194.1,8229.2,9214.1,5180.6,6161.5,9126.7,9848.2,13247,11493,10805,10683,9943.2,10471,10074,9736.2,14798,12269,15450,14889,14067,13607,12040,9659.8,11190,10624,10842,9574.4,10567,6235.8,3860.3,7705.8,11250,10672,12191,11288,11132,10851,10137,10443,7005.8,12603,6140.9,14668,12713,9585.7,9554.6,10211,9383,6640.3,8379.3,9091.2,7350.6,5989,8853.6,9500.8,14003,12394,11164,12121,11155,12044,10306,9216.1,10960,9889.4,6330.2,8946.6,11171,9832.5,9585.1,7634.6,11373,10116,6473.4,9070.2,12074,10358,9586.9,7701
14148,11726,16169,15719,13562,13318,12258,7980.5,9698.7,8872.8,9452.7,8562.4,10206,6880.8,3797.4,6131.3,11181,11012,10640,11039,11493,10962,9494.9,10547,6816.1,12780,5912.3,14850,12682,9784.1,9792.3,10727,8002.2,6196,8309.1,9218.2,5167,6137.2,9130.3,9840.4,13273,11525,10827,10724,9954.6,10450,10075,9743.7,14781,12258,15437,14889,14076,13628,12032,9644.3,11187,10625,10799,9566.7,10579,6272.9,3845.5,7686.2,11260,10646,12193,11281,11139,10846,10142,10432,7067.1,12650,6081.2,14691,12700,9585.2,9549.3,10212,9384.4,6644,8410.1,9091.2,7388.9,5979.8,8830.2,9470.5,14045,12384,11172,12140,11199,12081,10326,9205.2,11006,9890.7,6265.1,8955.8,11229,9885.4,9577.2,7644,11393,10098,6459.7,9068.5,12154,10352,9574.1,7717.7
14148,11678,16183,15718,13583,13295,12228,7979.7,9695.3,8889.1,9476.1,8558.3,10222,6851.5,3783.8,6093.8,11191,10994,10629,11020,11482,10956,9481.4,10540,6812.1,12795,5881,14874,12744,9804.2,9799.3,10738,8018.5,6166,8260.7,9240.8,5134.7,6170.8,9103.4,9804.9,13274,11523,10815,10749,9887.2,10485,10103,9739.3,14774,12245,15429,14888,14040,13625,12036,9616.3,11207,10638,10762,9553.3,10576,6192.7,3854.9,7666.7,11247,10610,12201,11279,11130,10852,10116,10452,7053,12622,6049.2,14650,12728,9551.6,9564.6,10242,9403.4,6652.8,8418.1,9083.9,7361.2,5998.3,8808.9,9473.7,14009,12390,11159,12146,11139,12058,10353,9202.2,10996,9879.8,6375.1,8934.6,11062,9902.5,9567.3,7625,11369,10111,6481.8,9101,12184,10370,9614.7,7730.8
14156,11679,16147,15693,13553,13302,12250,7962.1,9679.2,8876.3,9476.7,8559.6,10223,6914.7,3804.7,6134.2,11183,11018,10626,11044,11475,10962,9481.4,10567,6833.9,12759,5865.3,14806,12700,9787.5,9811.1,10752,8036.6,6193.6,8242.2,9221.2,5186.4,6156.1,9120.9,9829.7,13244,11527,10859,10757,9905.2,10523,10015,9741.1,14778,12264,15426,14879,14017,13621,12037,9636.5,11209,10602,10814,9546,10563,6309.5,3856,7668,11249,10632,12182,11275,11109,10855,10140,10442,7078.9,12583,6079.4,14674,12737,9610.8,9559.9,10255,9382.4,6657.3,8399.9,9097.2,7382.8,5978.7,8806.4,9489.9,14031,12399,11152,12193,11094,11985,10333,9224.8,11008,9832.7,6314.2,8929.9,11151,9826.6,9637,7628.3,11355,10085,6423.3,9093.9,12036,10339,9583,7712.8
14172,11703,16173,15722,13588,13298,12220,7979.8,9741.1,8869.9,9492.9,8567.9,10210,6922.9,3832,6141.8,11196,11026,10636,11002,11474,10963,9475,10514,6854.9,12747,5846.9,14821,12709,9792,9790.3,10757,8027.4,6265.4,8282.7,9240,5118.7,6172.6,9156.6,9820.7,13284,11512,10778,10742,9938.4,10485,9967,9719.5,14796,12244,15433,14902,14040,13618,12019,9635.1,11150,10591,10796,9554.9,10544,6323.1,3840,7651.7,11251,10621,12200,11237,11102,10845,10114,10417,7069.2,12591,6149.3,14680,12690,9587.5,9520.6,10218,9401,6693.5,8396.1,9059.1,7379.9,6004.6,8820.4,9472.7,13961,12377,11173,12168,11152,12021,10243,9189.5,10981,9854.3,6378.6,8967.7,11138,9944.3,9641.9,7624.3,11380,10130,6393.4,9079.6,12085,10341,9656.7,7689.6
