8396.7,11101,10924,8556.2,9481.7,10182,9815.6,15129,15413,16268,14915,15748,9459.5,8092.6,10751,11671,11536,5478.7,10702,9231.5,8261.2,6686.8,11271,9803.4,12155,17416,11570,12110,10875,9542.8,8362.8,11327,8201,9480.5,9484.6,14882,12051,11396,19975,11888,13030,16592,14689,17452,14699,14325,16501,13691,15009,12730,15601,15259,12977,18644,15372,15397,12689,12469,14160,14376,11988,17730,18034,13887,9175.5,6367.3,16946,18804,21561,21534,23348,19327,15330,14154,12372,8347.3,13442,12902,14131,13070,16602,17209,18237,20984,20078,19771,23794,4898.2,13697,5559.2,7634.2,5806.1,1580.5,8068,11336,16020,17367,18336,11082,11153,10235,9969.2,8314.2,9589.6,10951,10735,10264,11948,12026,9968,11678,11753,10994,12038,10804,13387,12140,6219.6,7753.5,7661.8,8512.1,3621.3,9992.8,9610.1,9237.8,8063.3,5976.2,9136.5,9096.8,9440.3,6035.4,6237.6,8433.6,530.45,1889,1649,9075.4,9923.6,11458,11723,12336,11161,10600,12145,11135,11620,12153,13723,13279,12388,13730,15777,8123.1,9069.1,8085.7,10770,11028,11191,10629,8520.1,9106.4,11265,8379,7157.2,6986.1,5927.9,9188.9,10511,12668,14792,17129,1889.9,9025.7,9168.8,10822,6616.6,4740.7,8602.4,15545,15608,8894.8,9870.5,9608.2,8598.8,8672.9,9344.7,9556.9,17003,14191,16827,13630,17220,9596.4,9067.4,10205,9814,9919.2,7418.9,8919.7,10559,10533,8155.9,11061,9304.6,12898,17648,11984,12052,12081,9377.8,7845.8,10620,8107.1,9801.9,9681.6,13730,12122,11161,19480,12088,12698,17139,15312,17638,12707,13104,14463,12612,15677,14121,17351,14403,12396,19012,15792,16391,12678,12727,15044,14468,12351,16784,17960,11851,7651.4,8375.2,17823,18462,20237,21175,20708,17791,16760,15206,12965,8063.4,12561,13134,13010,12693,17416,16704,20335,20814,21006,20054,22166,2711.6,11826,3585.7,4287.6,4642.7,839.48,7751.9,10134,15069,18146,17965,12950,11649,10019,9871.7,9041.1,9485.3,10100,10872,11660,12510,11758,10282,11291,11988,12009,11321,11042,13398,11671,7983.6,7713,8594.2,7879.7,4229.8,11569,10928,11348,7665.5,7401,11055,9125.8,10011,6384.6,8832.7,9889.6,2077.3,4223.3,5261.3,11983,9502.9,11128,11123,9941.8,10787,11146,11801,11764,10147,13280,14649,12206,11657,11523,14265,7645.3,8693.9,7559.7,10646,10677,8986,10031,7760.2,8990.6,10886,6929.3,7374.2,5816.6,4716.3,9945.6,9997.7,12505,14632,15373,610.42,9551.4,9557.5,12388,8671.7,4014.8,10371,15295,15822
8351.9,11026,10921,8509.8,9427.4,10111,9794.9,15127,15410,16246,14916,15744,9424.1,8116.2,10802,11651,11559,5457.5,10679,9039.5,8234.6,6639.1,11258,9794.9,12155,17428,11529,12089,10869,9596.6,8398.3,11334,8262,9526.8,9504,14880,12005,11352,20024,11860,13007,16599,14683,17425,14693,14207,16501,13698,14980,12687,15576,15245,12953,18570,15377,15388,12647,12560,14095,14337,12019,17741,18045,13860,9193.7,6340.9,16945,18870,21567,21552,23385,19377,15375,14107,12346,8310.7,13429,12881,14119,13051,16607,17203,18272,20954,20044,19713,23802,4912.4,13740,5588.7,7641.7,5797,1594.1,8062.5,11322,15983,17316,18376,11047,11129,10194,9986,8246,9597,10936,10719,10285,11946,11991,9916.6,11647,11736,10928,12062,10845,13384,12130,6221.4,7753.1,7697.1,8463.3,3623.4,9949.1,9578.6,9219.1,8023.2,5982.4,9101.4,9035.3,9422.1,6038.6,6211.9,8439.4,528.16,1887.1,1645.9,9015.7,9876.2,11391,11692,12238,11133,10540,12116,11170,11612,12157,13710,13319,12428,13770,15797,8039.1,9003.8,8079.2,10647,10980,11023,10590,8463.1,9186,11235,8358.2,7125.5,6947.6,5927.7,9173.8,10503,12653,14893,17107,1863.8,9051.6,9175.4,10829,6595.1,4765.1,8596.3,15479,15554,8855,9895.9,9622.8,8579.4,8669.1,9314,9465.4,17057,14191,16783,13617,17227,9594.1,9054.8,10266,9798.5,9871.4,7381.2,8877.1,10425,10377,8130.9,11062,9320.6,12893,17724,11988,12080,12103,9419,7896.3,10632,8220.3,9783.1,9723.5,13790,12155,11147,19490,12098,12675,17194,15302,17624,12758,13071,14471,12497,15688,14065,17389,14420,12381,19023,15799,16371,12605,12684,14971,14419,12384,16781,18003,11839,7636.2,8380.1,17919,18492,20248,21244,20725,17831,16768,15264,12986,8062.6,12645,13122,13017,12675,17464,16699,20349,20780,21098,20061,22266,2706.2,11851,3596.7,4263.6,4611,830.69,7753,10207,15014,18190,18062,12937,11629,10019,9867.6,9030.5,9443.9,10097,10844,11659,12485,11778,10265,11335,11998,12004,11368,11000,13379,11647,7998.5,7766.2,8611.5,7884.8,4222.1,11564,10888,11332,7620.4,7373.9,11053,9126.1,10036,6377,8832.6,9920.6,2083.7,4224.9,5252.9,11979,9463.1,11135,11131,9921.7,10795,11166,11806,11763,10117,13266,14661,12268,11726,11589,14260,7622.8,8668.4,7567.5,10569,10658,8909,10021,7766.7,9043,10874,6923.6,7422.5,5811.1,4720.4,9931.8,10016,12466,14638,15376,613.9,9489.6,9573,12366,8676.7,4025.3,10387,15224,15733
8390.6,11101,10913,8547.3,9468.6,10213,9854.5,15130,15431,16292,14926,15763,9452.6,8058.8,10800,11650,11532,5495.9,10724,9197.8,8293.9,6707.4,11310,9824.5,12156,17382,11568,12046,10885,9562.6,8366.1,11325,8234,9533.8,9483.2,14849,12014,11378,19974,11893,13036,16555,14689,17438,14679,14225,16439,13689,14992,12721,15547,15245,12989,18596,15385,15428,12626,12543,14168,14362,11998,17744,18092,13858,9115.7,6346,16890,18826,21524,21564,23346,19304,15355,14135,12327,8262,13407,12936,14122,13151,16560,17123,18200,20985,20036,19755,23784,4882.9,13734,5593.6,7643.9,5815.7,1595.2,8054,11283,16001,17361,18347,11076,11146,10223,9959.4,8281.7,9602.7,10960,10735,10270,11968,12034,9921.4,11703,11741,10988,12058,10844,13385,12148,6190.6,7730.7,7657.6,8486.2,3618.4,9972.2,9614.8,9220.7,8038.3,6009.5,9098.6,9044.6,9428.1,6031.4,6231.3,8447.2,525.96,1898.5,1651.5,9071.9,9914.6,11409,11722,12266,11127,10571,12140,11157,11606,12185,13716,13300,12377,13707,15737,8116.9,9098.2,8100.6,10751,11023,11122,10610,8535.6,9161.9,11251,8404.9,7177.3,6971.1,5869.9,9188.5,10485,12622,14826,17094,1868,9067.3,9164.6,10806,6572.8,4747.7,8582.1,15488,15607,8889.4,9898.7,9634.6,8598.2,8696.5,9371.2,9584,16997,14202,16830,13639,17279,9565.2,9061.7,10237,9786.8,9876.6,7450.7,8899.9,10546,10471,8182.5,11019,9283.7,12913,17710,11958,12111,12053,9413.3,7864.3,10619,8182.5,9809.2,9680.8,13731,12094,11148,19411,12091,12731,17128,15349,17629,12707,13044,14432,12554,15668,14084,17386,14404,12400,19085,15800,16399,12662,12814,15006,14494,12356,16791,18000,11850,7637,8392.1,17875,18487,20203,21212,20689,17811,16792,15230,12946,8051.4,12617,13131,13130,12680,17492,16679,20370,20845,21040,20042,22178,2710.3,11857,3569.3,4282.6,4649.9,827.61,7768,10136,15089,18183,18004,12946,11657,10032,9850.2,9023.2,9454.7,10076,10880,11640,12542,11787,10336,11347,11998,12040,11300,11031,13406,11675,7951.4,7727.3,8572.5,7892.9,4229.5,11557,10898,11342,7668,7360,11030,9136.7,10006,6381.2,8817.3,9926.5,2079.1,4237.7,5270.4,12023,9501.6,11129,11157,9954.5,10793,11128,11803,11753,10153,13290,14689,12240,11661,11563,14203,7628.8,8712.2,7547.1,10655,10712,8942,9990.1,7764.7,8999.1,10976,6945.3,7351.9,5789.3,4707.1,9928.8,9993.8,12527,14646,15401,612.16,9478,9567.1,12378,8628.8,4014.1,10377,15327,15801
8396.9,11135,10933,8569.7,9496.5,10233,9864.5,15112,15399,16286,14954,15777,9451.4,8083,10742,11652,11589,5522.5,10732,9297.1,8306.1,6774.8,11291,9789.6,12162,17408,11572,12050,10882,9513.5,8330.7,11324,8204.9,9465.6,9411.2,14886,12082,11419,19926,11891,13067,16563,14704,17469,14694,14369,16494,13715,15034,12776,15599,15263,12968,18640,15371,15380,12681,12476,14176,14423,11970,17702,18031,13832,9182.3,6378.2,16921,18808,21530,21540,23338,19275,15321,14191,12361,8318.5,13426,12933,14116,13145,16599,17195,18270,21001,20060,19766,23749,4890.7,13718,5535.8,7639,5823.9,1580.1,8049.7,11326,16052,17384,18305,11087,11175,10233,9975.6,8284.7,9591.4,10968,10715,10295,11973,12021,9923.5,11661,11776,10967,12043,10789,13409,12162,6202.8,7725.7,7643,8514.7,3610.7,10002,9604.8,9225.9,8055.1,5997.9,9125.1,9088.7,9448.2,6045,6229.8,8450.8,531.2,1893.8,1655.4,9089.3,9986,11453,11746,12362,11165,10616,12177,11185,11672,12165,13724,13287,12356,13686,15723,8091.8,9050.4,8081.7,10835,11067,11205,10649,8485.7,9160.5,11258,8426.5,7189.3,7000.2,5915.4,9228.2,10508,12662,14758,17109,1889,9070.1,9155,10833,6605.5,4725.3,8608.2,15551,15603,8919.4,9922.8,9649.7,8629.9,8709.3,9394.7,9664.9,16948,14186,16839,13710,17250,9565.2,9062.9,10200,9832.5,9891.6,7480.7,8966.8,10594,10557,8215.1,11065,9322,12912,17672,11990,12074,12080,9331,7845.1,10635,8129.6,9785.9,9687.7,13743,12066,11157,19415,12080,12761,17108,15350,17647,12714,13203,14466,12640,15650,14146,17362,14397,12412,19071,15780,16417,12673,12696,15014,14496,12359,16749,17941,11843,7614.5,8374.1,17800,18474,20183,21147,20688,17739,16823,15219,12943,8033.7,12563,13174,13089,12699,17498,16703,20393,20871,20965,20052,22139,2722.2,11833,3567.3,4276,4664.7,840.6,7772.9,10215,15141,18167,17922,12947,11646,10010,9866.9,8993.9,9475.4,10082,10881,11674,12532,11747,10321,11302,11994,12019,11378,11039,13424,11687,7974.3,7693.8,8567.1,7885.1,4226,11568,10914,11374,7634.2,7387.6,11043,9131.8,10009,6386.8,8802.4,9923.7,2069.3,4238.5,5274.3,12029,9561.5,11115,11136,9948,10787,11113,11806,11804,10181,13276,14668,12197,11622,11527,14260,7650.4,8692.2,7569.4,10684,10725,9007.6,10019,7760,8941.9,10846,6956.7,7408.6,5816.1,4750.5,9939.9,10042,12512,14651,15365,607.94,9553.5,9580.8,12381,8664.3,4019.9,10405,15301,15800
8407.8,11072,10906,8572.5,9496.8,10236,9843.2,15125,15410,16302,14930,15838,9463.2,8051.5,10760,11684,11598,5506.3,10738,9324.6,8314.6,6742,11295,9799.5,12143,17427,11597,12076,10910,9528.6,8341.7,11264,8209.7,9491.1,9439.6,14882,12062,11336,19969,11922,12976,16583,14758,17490,14713,14349,16519,13716,15046,12796,15633,15285,12971,18653,15371,15417,12663,12437,14175,14420,11969,17759,18046,13853,9140.3,6376.5,16915,18817,21532,21531,23346,19294,15363,14174,12374,8334.8,13455,12920,14173,13170,16643,17214,18358,21007,20106,19793,23759,4904.2,13682,5576.9,7636.8,5795.1,1584.8,8052.4,11382,16059,17425,18315,11066,11140,10230,9932.7,8272,9589.9,10942,10728,10260,11970,12049,9940.2,11741,11781,11042,12041,10827,13426,12169,6205.4,7742.1,7661.7,8490.4,3605.8,9994.5,9581.7,9220.3,8034,6002.7,9123.5,9097.9,9446.2,6037.3,6237.5,8446.6,527.73,1887.1,1641.2,9073.1,9965.7,11432,11702,12333,11174,10613,12169,11191,11650,12190,13729,13289,12402,13658,15744,8129.2,9082.7,8052.9,10822,11046,11225,10597,8573.5,9165.7,11253,8399.2,7192.7,7042.4,5883.9,9140,10490,12659,14743,17208,1900.6,9027.5,9142.2,10818,6620.2,4737.9,8610.7,15546,15589,8898.8,9856.2,9609.5,8609.2,8682.6,9385.7,9589.1,16981,14202,16872,13676,17218,9569.3,9069.4,10207,9813.9,9939,7459.8,8931.1,10621,10672,8237.6,11105,9297.7,12893,17602,11937,12032,12106,9356.6,7864.9,10577,8087.9,9767.6,9631.7,13741,12133,11124,19469,12094,12707,17145,15347,17651,12730,13339,14517,12668,15667,14184,17379,14409,12387,19060,15782,16430,12665,12828,15052,14451,12353,16785,17921,11830,7589,8351.6,17788,18441,20140,21106,20630,17706,16798,15191,12936,8076.7,12590,13157,13080,12701,17521,16650,20364,20813,20972,20016,22125,2711.9,11825,3597.9,4287.6,4648.5,830.6,7734.1,10155,15114,18136,17914,12956,11640,9998.5,9859.9,8996.2,9485.2,10074,10900,11662,12546,11760,10307,11315,12004,12059,11294,11066,13423,11694,7975.8,7748.4,8564.1,7887.6,4230.8,11533,10903,11342,7678.3,7405.7,11062,9133.6,10013,6369,8803.5,9882.4,2076.4,4221.7,5272.4,12014,9585.1,11096,11083,9966.1,10800,11124,11812,11805,10203,13286,14649,12190,11634,11527,14287,7657.2,8664.9,7610.9,10689,10682,9034.8,10040,7782.2,9033.1,10854,6921.3,7383,5798.2,4734.3,9927.9,9974.7,12529,14590,15377,607.27,9498.7,9539.2,12367,8645.5,4001.3,10397,15298,15786
8406.3,11147,10918,8560.4,9492.9,10248,9863.4,15108,15418,16313,14946,15762,9450.7,8071.5,10789,11678,11579,5522.2,10731,9319.7,8301.9,6695.9,11274,9793.6,12104,17364,11561,12028,10893,9552.3,8356.3,11307,8200.8,9484.4,9411.3,14836,12002,11420,19974,11853,13077,16572,14723,17475,14703,14373,16504,13691,15048,12778,15656,15283,12961,18686,15380,15332,12680,12633,14181,14363,11973,17725,18057,13769,9164.1,6348.5,16897,18838,21500,21492,23314,19246,15315,14145,12328,8278.5,13393,12898,14099,13144,16548,17157,18276,21000,20096,19771,23713,4889.6,13729,5537.3,7665.5,5807.7,1595.5,8048.2,11350,16054,17444,18316,11047,11170,10240,9934.4,8240.3,9616,10962,10737,10269,11949,12062,9942.2,11663,11768,10996,12079,10879,13385,12204,6199.4,7722.5,7690.8,8501,3604.9,9941.8,9612,9184.4,8071.4,5983.3,9093.4,9040.9,9395.8,6041.1,6194.2,8427.6,525.67,1886,1652.9,9030.3,9929.9,11399,11726,12343,11155,10607,12162,11172,11656,12139,13694,13286,12355,13672,15761,8095.9,9020.3,8101.2,10832,11065,11208,10703,8511.2,9161.1,11245,8395,7143.2,6948.1,5913.6,9219.8,10550,12653,14779,17154,1894.5,9060.2,9184.2,10847,6593.9,4739.5,8628.7,15545,15590,8909.4,9884.6,9638.5,8594.4,8691.4,9392.1,9624.2,16983,14164,16868,13667,17276,9544.5,9061.7,10246,9807,9901.3,7459.3,8937.4,10618,10608,8214.4,11087,9312.8,12901,17590,11981,12063,12135,9388.1,7867,10616,8214.5,9821.6,9683.3,13760,12109,11170,19487,12073,12725,17144,15345,17647,12742,13344,14495,12597,15652,14169,17352,14374,12325,19025,15779,16412,12609,12708,15066,14524,12289,16807,17986,11886,7591.7,8386.4,17849,18471,20204,21147,20702,17782,16829,15210,12932,8056.2,12590,13178,13105,12716,17416,16695,20389,20852,21014,20038,22189,2726.3,11821,3575.9,4289.2,4680,838.16,7749.5,10198,15099,18173,17998,12982,11674,10023,9866.4,9019.7,9442.7,10108,10876,11690,12571,11785,10326,11336,11997,12052,11319,11020,13398,11710,7975.3,7705.4,8599.4,7891.9,4228.6,11566,10921,11352,7645.7,7410.1,11053,9133.5,9996,6350.8,8806.4,9926.1,2085.8,4217.8,5264.1,12009,9567.6,11095,11122,9940.1,10819,11119,11831,11826,10204,13314,14664,12231,11648,11559,14286,7647.2,8674.4,7555.5,10726,10711,9024.6,10076,7764.8,9040.6,10904,6933.2,7357.6,5787.6,4719.4,9963.9,10001,12537,14618,15388,602.77,9536.4,9588.3,12384,8645.9,4025.9,10402,15361,15783
8392.6,11129,10933,8568.5,9486,10219,9859.4,15126,15428,16297,14921,15792,9440.3,8066,10756,11674,11553,5507.6,10709,9260.7,8277,6723.4,11260,9801.2,12128,17378,11539,11992,10861,9527.2,8344.8,11354,8189.7,9493.2,9451.4,14852,12007,11370,19961,11883,13056,16571,14713,17465,14680,14351,16503,13673,15039,12762,15615,15263,12964,18651,15382,15410,12635,12562,14194,14390,11941,17692,18029,13825,9157.6,6368.2,16894,18778,21515,21487,23278,19276,15332,14138,12324,8280.1,13382,12907,14140,13198,16565,17116,18224,20990,20051,19782,23745,4902.4,13687,5566.9,7657.4,5827.3,1579.7,8019.6,11341,16028,17430,18328,11072,11164,10237,9925.2,8326.9,9585.6,10944,10738,10257,11998,12024,9888.3,11656,11723,11023,12042,10889,13438,12152,6183,7724.9,7630,8493,3607.3,9965.4,9601,9215.3,8075.3,6006.3,9084.7,9067.6,9384.1,6037,6204.5,8415.2,527.21,1889.2,1656.9,9055.2,9924.9,11422,11670,12298,11156,10614,12170,11117,11625,12177,13697,13289,12357,13668,15709,8119,9026.4,8062.8,10835,11067,11184,10633,8529.6,9128.1,11244,8386.1,7183,6995.5,5907.1,9203,10525,12660,14783,17070,1888.9,8986.7,9146.9,10821,6579.1,4729.2,8590.1,15552,15602,8915.9,9926.3,9624.6,8607.2,8708.6,9384.1,9619.4,17002,14177,16859,13682,17280,9571.6,9046,10180,9825.2,9900.7,7465.9,8978,10596,10580,8233.5,11072,9320.3,12934,17664,11970,12074,12041,9359,7844.6,10585,8122.5,9750.9,9658.8,13727,12081,11139,19475,12076,12733,17181,15362,17664,12712,13237,14484,12657,15691,14150,17360,14391,12397,19054,15802,16458,12637,12741,15079,14498,12339,16786,17971,11872,7606.5,8370.2,17810,18437,20203,21142,20684,17728,16783,15207,12961,8052,12582,13163,13118,12695,17437,16699,20351,20894,20986,20032,22109,2698.4,11838,3578.6,4289.3,4643.4,838.72,7768.2,10188,15115,18200,17959,12968,11696,10033,9849.3,9006.2,9471.9,10095,10889,11676,12548,11733,10274,11301,11967,12044,11353,11031,13424,11693,7959.2,7732.4,8578,7872.3,4218.6,11549,10913,11336,7653.9,7403.1,11051,9135.1,9995.3,6365.2,8809.4,9897.2,2075.1,4242.9,5281.6,12001,9569.5,11108,11133,9925.9,10780,11124,11796,11761,10180,13337,14690,12213,11613,11523,14264,7672.1,8717.1,7529.3,10717,10767,8992,10031,7820.4,8949.6,10913,6945.9,7394.8,5792.4,4704.5,9944.8,9972.5,12534,14611,15381,608.59,9529.7,9576.6,12392,8638.4,4008.6,10352,15312,15796
8410.4,11136,10951,8557,9489.9,10193,9859.1,15148,15416,16299,14947,15819,9464.3,8067.8,10759,11680,11575,5493.1,10715,9209.9,8313.2,6732.8,11276,9782.3,12123,17446,11558,12066,10883,9546.6,8366.8,11322,8203.9,9461.5,9473.4,14903,12045,11428,19957,11872,13022,16591,14713,17477,14710,14331,16501,13730,15031,12753,15628,15270,13002,18638,15399,15373,12665,12525,14152,14401,11991,17696,18029,13846,9186,6379,16925,18808,21536,21529,23342,19307,15389,14179,12353,8350.1,13441,12931,14186,13095,16647,17210,18328,21014,20074,19804,23756,4883.2,13701,5571.2,7649.3,5812.5,1583,8046.9,11371,16026,17422,18375,11083,11187,10223,9975.4,8301.8,9591.3,10936,10752,10267,11982,11994,9977.8,11683,11739,11023,12065,10876,13434,12148,6234.2,7770.8,7667,8516.5,3629.2,9993.8,9602.1,9241,8039.2,6022,9122,9076.2,9418.7,6049.5,6228.6,8426.9,534.09,1889.2,1658.5,9075.7,9982.2,11455,11691,12349,11159,10626,12172,11148,11645,12175,13727,13293,12369,13675,15773,8121,9040,8102,10804,11050,11147,10673,8557.6,9122.5,11264,8397.8,7177.5,6990.3,5924.1,9190.6,10577,12668,14781,17151,1904.5,9034.9,9148.1,10849,6596.7,4743.2,8582.6,15519,15622,8889.5,9898.1,9622.3,8603.6,8696.4,9367,9575.7,17006,14201,16832,13685,17218,9582.9,9029.1,10208,9829.8,9913,7445.6,8977,10584,10556,8190.4,11095,9292.5,12906,17626,11962,12019,12106,9328.2,7852.3,10558,8113.4,9762.4,9661.6,13764,12103,11153,19481,12117,12708,17160,15339,17622,12739,13152,14487,12635,15688,14151,17389,14420,12436,19049,15803,16427,12651,12687,15027,14474,12328,16741,17946,11831,7646.4,8386.9,17806,18460,20112,21108,20624,17637,16788,15217,12926,8054.5,12589,13146,13091,12697,17509,16670,20363,20825,21003,20013,22098,2716.2,11824,3579.8,4290.1,4620.3,836.79,7742,10158,15110,18169,17913,12942,11653,10043,9889,9011.4,9464.1,10084,10878,11687,12494,11756,10279,11296,11994,12044,11373,11060,13423,11698,7962.8,7733.8,8592.9,7883.5,4228.4,11585,10896,11354,7649.3,7398.3,11062,9092.2,9984.4,6362.8,8784.7,9885,2066.6,4241.6,5260.5,12010,9568,11086,11082,9967.8,10808,11128,11822,11816,10181,13260,14668,12197,11609,11523,14257,7677.7,8725.8,7564.4,10683,10712,8972.9,10059,7777.2,8893.9,10851,6963.3,7409.6,5804.6,4730.7,9921.1,10010,12470,14589,15352,607.96,9548.7,9560.4,12411,8648.2,4008,10402,15277,15788
8402.1,11156,10901,8563.2,9502.1,10206,9828.6,15140,15412,16236,14945,15823,9438.1,8105.2,10752,11645,11612,5504,10734,9297,8320.5,6767.1,11276,9783,12153,17441,11614,12077,10851,9551.4,8358.5,11319,8286.9,9483.7,9443.5,14888,12030,11362,19969,11862,13025,16613,14701,17484,14679,14409,16495,13713,15053,12784,15655,15261,12955,18605,15377,15411,12652,12630,14189,14370,12000,17725,18011,13848,9197.1,6380.5,16966,18809,21550,21554,23341,19305,15351,14160,12379,8331.5,13431,12940,14104,13133,16632,17222,18248,20989,20071,19767,23801,4901.9,13689,5554.2,7634.4,5825.6,1572.7,8059.1,11297,16017,17398,18297,11071,11153,10205,9965.5,8281.7,9604.5,10935,10706,10262,11940,12000,9942.1,11654,11758,10984,12034,10816,13369,12175,6214.7,7744.6,7677.7,8530.2,3617.6,9960.4,9570.3,9217,8022.8,5973.7,9108.2,9124.5,9449.7,6025.5,6222.7,8434.7,534.39,1889.3,1645.6,9068.6,9969.3,11440,11729,12333,11156,10610,12155,11137,11687,12145,13728,13288,12400,13703,15764,8086.8,9053,8070,10782,11045,11186,10613,8456.1,9180.4,11229,8377.9,7173.6,6970.5,5930,9226.6,10498,12627,14797,17047,1920.6,8993.6,9184.7,10807,6583,4729.5,8563.9,15522,15621,8895.4,9922.6,9630.2,8623.4,8711.7,9373.8,9610.8,16971,14204,16801,13668,17262,9591.8,9078.8,10196,9864.5,9919.8,7468,8960.8,10541,10585,8203.1,11079,9304.6,12899,17657,11951,12017,12054,9325.3,7859.1,10592,8120.4,9775.5,9676.4,13758,12123,11166,19444,12116,12723,17151,15350,17638,12707,13312,14510,12669,15675,14186,17363,14389,12382,19055,15795,16422,12657,12704,15092,14458,12395,16773,17910,11886,7619,8373.9,17789,18433,20207,21152,20659,17688,16760,15213,12983,8051.9,12559,13123,13033,12700,17415,16707,20317,20822,20968,20025,22159,2706.3,11834,3579.2,4295,4640.2,831.74,7766.1,10167,15073,18136,17970,12937,11642,10000,9894.3,9053.9,9462.8,10107,10879,11657,12545,11774,10346,11278,11989,12038,11310,11039,13416,11677,8004.2,7681,8617.4,7895.8,4234.9,11529,10885,11330,7620.1,7385.8,11050,9132.1,9994.9,6371.1,8822.1,9886.3,2083.5,4220.8,5281.9,12005,9581.4,11098,11113,9935.5,10794,11140,11802,11773,10220,13249,14642,12187,11641,11508,14323,7646.8,8642.3,7521.6,10722,10725,9014.9,10068,7761.2,8975.6,10847,6970.7,7375.4,5804,4735.4,9947.2,10017,12567,14619,15376,607.01,9509.3,9554.4,12383,8648.4,4012.8,10400,15252,15738
8406.4,11133,10896,8575.2,9503.1,10209,9838.2,15140,15434,16279,14877,15796,9461.5,8070.7,10776,11655,11531,5500.3,10704,9262.5,8269.6,6705.6,11281,9839.1,12179,17388,11573,12086,10850,9556.9,8354.9,11362,8272.1,9525,9532.6,14797,11957,11347,20007,11896,13103,16590,14673,17450,14672,14339,16499,13654,15042,12729,15642,15270,12986,18691,15361,15329,12710,12574,14134,14278,11934,17733,18069,13918,9177.8,6333.9,16942,18773,21602,21590,23311,19311,15309,14134,12361,8312.6,13417,12878,14061,13103,16563,17202,18168,20950,20041,19728,23813,4884.8,13665,5572.5,7641.1,5820.7,1563,8049.2,11287,16032,17383,18292,11080,11148,10265,9988.9,8295.5,9598.2,10950,10707,10303,11938,11993,9920.8,11680,11738,10951,12127,10810,13359,12146,6201,7745.2,7665.9,8499.4,3623.2,9974.1,9622.3,9238.8,8045.4,5998.4,9140.3,9066.8,9451.2,6028,6216.6,8428,529.55,1892.1,1652.8,9066.5,9894.3,11460,11750,12307,11148,10583,12126,11126,11631,12145,13713,13290,12394,13722,15723,8112.6,9060.8,8054.4,10760,11015,11200,10625,8455.7,9129,11296,8387,7168.5,7007,5934,9197.1,10524,12613,14819,17055,1887.5,9045,9181.9,10780,6603.5,4745.5,8601.2,15500,15629,8906.4,9882.3,9604.1,8609.3,8687.7,9354.6,9596.7,16981,14174,16775,13612,17243,9588.4,9075.1,10200,9803.4,9851.9,7432.6,8897,10524,10551,8182.2,11056,9296.2,12906,17675,11954,12077,12007,9440.5,7846.1,10628,8182,9819.1,9711.2,13698,12126,11185,19453,12069,12757,17158,15332,17635,12702,13209,14457,12628,15689,14114,17332,14374,12395,19034,15778,16382,12664,12673,15026,14467,12358,16805,17962,11861,7625.9,8365.7,17824,18446,20305,21232,20773,17838,16747,15222,12990,8082.7,12542,13118,12995,12657,17423,16752,20316,20819,21010,20064,22174,2705.2,11870,3611.7,4286.3,4636.9,826.79,7772.5,10101,15072,18189,18010,12919,11654,10019,9872.6,8988.1,9445.8,10079,10863,11664,12543,11747,10273,11287,11975,11979,11336,11052,13373,11646,8001.4,7717.1,8602.4,7888.6,4231.6,11581,10936,11323,7617.5,7385.8,10974,9142.3,10040,6376.7,8835,9902.3,2077.1,4222,5272,11990,9516.6,11138,11140,9955.8,10765,11140,11784,11758,10143,13275,14638,12221,11682,11530,14261,7646.4,8675.4,7555.6,10674,10686,8986.3,10028,7777,9052.4,10945,6939.1,7388.1,5801.1,4690.7,9927.2,10035,12531,14683,15413,611.43,9479.4,9599.4,12377,8675.1,4032.9,10346,15301,15818
8392.5,11101,10935,8554,9489.6,10212,9846.6,15144,15441,16318,14913,15792,9446.7,8051.1,10740,11637,11534,5501.4,10698,9259.3,8259.5,6699.5,11277,9846.6,12136,17385,11571,12065,10825,9522.4,8344.2,11333,8177.9,9478.6,9439.8,14814,12037,11411,20001,11915,13040,16602,14670,17475,14691,14280,16494,13670,15031,12730,15626,15297,13006,18727,15363,15411,12653,12467,14165,14392,12024,17732,18018,13842,9143.1,6350.2,16930,18777,21529,21539,23381,19318,15328,14172,12374,8300.5,13404,12911,14185,13079,16629,17179,18267,21011,20109,19749,23771,4894.1,13702,5559.8,7641.1,5777.2,1573.4,8028.6,11366,16035,17352,18369,11126,11183,10241,10007,8316.7,9596.5,10965,10756,10323,12009,12051,9968.8,11726,11740,11013,12098,10834,13399,12151,6201.8,7699.3,7635.5,8526.8,3635,9997.4,9586.1,9227.6,8033.2,6000.4,9124.4,9069,9426.9,6029.5,6238.1,8430.7,528.3,1898.6,1662.6,9066.6,9925.7,11444,11685,12312,11135,10584,12151,11187,11598,12174,13721,13278,12341,13709,15729,8072.6,9032.5,8019.1,10743,11030,11194,10609,8559,9107,11247,8387.4,7125.5,6922.3,5884.7,9247.9,10507,12602,14788,17105,1887,9060.4,9151.9,10824,6593.9,4722.5,8613.9,15572,15618,8893.7,9884.1,9623.7,8600.9,8687.1,9354.9,9599.9,16961,14223,16809,13635,17234,9574.7,9106.6,10196,9808.8,9922.7,7426.8,8903.3,10531,10553,8191.9,11031,9291.2,12872,17706,11951,12018,12075,9377.5,7833.4,10650,8166.3,9784.5,9726.1,13721,12071,11161,19434,12046,12706,17135,15315,17636,12675,13147,14459,12545,15651,14107,17339,14375,12402,19045,15751,16433,12647,12780,15000,14482,12316,16757,17919,11814,7622.7,8390.4,17816,18442,20237,21187,20707,17793,16764,15196,12960,8029.6,12541,13158,13082,12650,17476,16711,20366,20833,20961,20054,22165,2700,11797,3541,4262.7,4658.7,838.65,7757.3,10220,15057,18105,17966,12945,11682,10004,9832.8,9028.5,9431.3,10062,10912,11639,12540,11752,10267,11282,12011,11994,11281,11048,13417,11688,7893.1,7696.5,8550.9,7891.8,4223.8,11543,10923,11343,7614,7359,11007,9118.5,9996.2,6377.4,8805.5,9906.2,2067.6,4239,5267.7,12013,9528,11120,11142,9921.1,10764,11136,11799,11775,10161,13270,14675,12202,11643,11531,14194,7642.8,8658,7556.4,10669,10695,8979.2,10004,7705.6,9026.4,10927,6940.9,7366.7,5807.5,4682,9931.7,10019,12449,14641,15356,608.76,9527.6,9575.3,12361,8652.4,4013.4,10409,15266,15807
8386.3,11084,10932,8558.9,9467.8,10176,9802.5,15122,15423,16245,14942,15786,9478.2,8099.2,10754,11672,11543,5475.5,10717,9197.4,8255.6,6665.7,11253,9753.2,12194,17455,11575,12079,10879,9524.5,8330.2,11344,8190.9,9452.1,9471.8,14902,12071,11369,19969,11882,12983,16614,14695,17461,14707,14348,16500,13681,15032,12716,15654,15260,12963,18668,15371,15426,12683,12491,14149,14370,11969,17763,18002,13861,9131.5,6362.1,16956,18797,21553,21584,23334,19296,15332,14126,12393,8354.4,13479,12888,14116,13081,16597,17222,18216,21011,20030,19756,23823,4885.4,13722,5543.8,7639.9,5775.8,1575.6,8020.9,11290,16024,17401,18366,11102,11168,10209,9950.3,8302.3,9591.2,10964,10715,10266,11953,11973,9923.3,11635,11731,11004,12049,10766,13401,12132,6212.2,7713.4,7652.7,8454.1,3615,9978.9,9567.9,9221.2,8013.5,5989.1,9126.4,9080.6,9453.5,6035,6237.4,8448.7,531.55,1886.9,1647.2,9077.4,9916.9,11445,11729,12355,11134,10595,12143,11118,11611,12199,13748,13274,12387,13703,15748,8112.7,8992.6,8047.4,10737,11017,11135,10636,8506.5,9143.1,11229,8377.3,7119.6,6931.1,5868.5,9183.4,10460,12632,14787,17104,1897.6,9035.3,9141.5,10819,6600.3,4738.1,8613.1,15574,15558,8890.1,9867.8,9617.1,8595,8680.7,9343.1,9550.3,16977,14202,16808,13647,17242,9583.1,9058.6,10219,9784.6,9897.8,7417.9,8936.3,10508,10535,8172.1,11022,9260.5,12938,17700,11951,12108,12093,9403.4,7829.7,10619,8110.5,9804.1,9662.9,13705,12137,11130,19432,12095,12731,17133,15330,17676,12725,13142,14481,12608,15706,14112,17349,14402,12393,19002,15788,16430,12665,12612,14990,14459,12351,16786,17978,11821,7611.6,8352.2,17848,18465,20238,21214,20726,17819,16781,15232,12994,8080.5,12596,13146,13054,12703,17420,16733,20402,20843,21019,20079,22180,2698,11868,3586.7,4281.6,4628.5,836.3,7765.3,10163,15093,18180,18039,12934,11632,9982.4,9812.2,9044.5,9497.7,10108,10891,11665,12508,11702,10239,11271,11948,11982,11384,11020,13419,11704,7995.4,7790.2,8570.8,7870.2,4224.4,11540,10893,11340,7650.6,7384.3,11023,9130.6,10024,6374.7,8805.6,9911.4,2077.5,4221.3,5267,12020,9508.8,11170,11133,9948.9,10769,11157,11817,11783,10139,13310,14678,12233,11660,11538,14254,7643.6,8694.5,7592.5,10653,10709,8962.8,10003,7795.1,8924.7,10901,6903.7,7379.7,5820,4706.9,9962.4,9984.3,12477,14650,15410,612.49,9505,9545.8,12361,8659.2,4023.5,10358,15285,15755
8411.9,11107,10886,8558.6,9469.5,10203,9807.3,15098,15417,16288,14940,15739,9471.9,8073.1,10761,11682,11527,5494.3,10677,9242.2,8284.1,6692,11269,9793.2,12229,17502,11599,12122,10859,9604.1,8310.3,11357,8203.4,9455.7,9539,14869,11975,11379,19938,11876,13021,16557,14691,17486,14685,14341,16474,13674,15027,12733,15594,15231,12978,18612,15376,15345,12618,12471,14160,14360,12012,17743,18041,13846,9155.3,6387.6,17012,18831,21564,21612,23344,19281,15333,14085,12445,8364.2,13496,12893,14074,13154,16510,17249,18171,21033,20060,19746,23853,4902.4,13707,5545,7653.9,5781.3,1577.9,8053.6,11260,16017,17400,18408,11050,11145,10212,9964.4,8294.3,9637,10959,10746,10287,11960,11997,9958.6,11617,11753,10901,11981,10800,13360,12139,6255.4,7735.5,7679.2,8481.4,3610,9991,9588.7,9212.1,8050.3,5983.2,9147.7,9090.2,9469.9,6036.4,6236,8458.1,529.55,1885.9,1646.6,9095,9895.9,11473,11778,12282,11126,10565,12125,11175,11604,12145,13775,13327,12394,13741,15754,8119.6,9056.5,8050.3,10759,11024,11154,10597,8479.8,9129.9,11269,8360,7125.8,6986.8,5896.3,9187.1,10496,12612,14787,17092,1892.3,9022.1,9130.7,10805,6625.6,4745.2,8540.6,15556,15625,8901.9,9865,9620.3,8607,8682.8,9373.5,9618.8,16953,14199,16778,13669,17259,9576,9075.8,10212,9830.2,9925.8,7444.9,8904.7,10568,10553,8198.7,10999,9342,12957,17702,11925,12107,12054,9372.2,7847.3,10680,8153.6,9817.1,9684.8,13734,12153,11173,19409,12093,12722,17111,15343,17698,12707,13272,14473,12621,15665,14157,17347,14369,12387,18999,15802,16414,12635,12689,15070,14468,12365,16844,17996,11843,7667.7,8381.7,17856,18481,20277,21224,20764,17806,16821,15219,13018,8070.3,12588,13153,13009,12663,17405,16799,20365,20845,20976,20084,22212,2708.1,11885,3573.7,4312.9,4647.9,828.25,7799.5,10165,15073,18168,18104,12980,11692,10020,9848.7,9051.3,9462.3,10117,10877,11644,12537,11768,10331,11272,12014,12002,11324,10977,13388,11685,8001.3,7722.9,8590.4,7851.5,4226.3,11494,10920,11321,7651.8,7367.5,11014,9133.8,10029,6377.4,8848,9927.4,2081.6,4223.5,5247.4,11998,9514.9,11179,11175,9922.6,10766,11132,11814,11757,10163,13270,14680,12246,11665,11555,14221,7644.6,8668.3,7542.9,10681,10688,8975.3,10005,7763.7,8984,10914,6950.9,7322.5,5787.8,4749.1,9972.1,10007,12500,14679,15454,608.85,9518.5,9590.3,12375,8653.5,4037.5,10344,15303,15776
8394,11078,10897,8565.6,9477.5,10172,9793.9,15101,15428,16247,14920,15776,9469.7,8147.7,10730,11611,11517,5494.4,10683,9242.7,8235.7,6701.8,11251,9822,12230,17455,11586,12144,10892,9562.6,8373.7,11354,8262,9511.5,9512.8,14828,12011,11365,19942,11855,13070,16586,14681,17449,14665,14352,16485,13687,15009,12695,15603,15265,12944,18608,15362,15372,12651,12495,14167,14358,12026,17740,18111,13976,9245.7,6357,16980,18881,21597,21648,23347,19373,15336,14113,12419,8399.1,13493,12881,14076,13043,16509,17243,18145,21035,20063,19725,23886,4935.5,13744,5604,7662.8,5889.5,1608.2,8177.2,11273,16007,17418,18372,11046,11117,10238,9970.6,8291.7,9587.1,10949,10720,10279,11945,11946,9963.5,11634,11735,10975,12065,10860,13356,12142,6186.7,7734.8,7655.4,8479.2,3595.1,9992.3,9599,9243.7,8065.8,6007.8,9158.2,9120.4,9490.7,6027.6,6239.9,8460.5,529.35,1890.1,1648,9111.5,9865.2,11468,11797,12332,11162,10581,12126,11146,11546,12116,13773,13335,12415,13762,15726,8093.7,9059.9,8093.6,10762,11027,11161,10618,8482,9209.9,11242,8361.5,7198.2,7002.9,5986.2,9188.2,10500,12600,14820,17089,1887.9,9014.5,9150.8,10807,6599.9,4753.6,8621.9,15498,15598,8893.4,9855.2,9582.1,8605.6,8696.5,9350.8,9566.6,16984,14181,16808,13600,17259,9591.8,9055.9,10201,9780,9882.5,7418.3,8860.9,10594,10541,8189.8,11057,9347,12896,17736,11965,12088,12013,9395,7835.8,10658,8118.8,9793.9,9659.6,13703,12123,11155,19458,12056,12703,17090,15306,17640,12698,13238,14427,12535,15634,14106,17335,14375,12381,18986,15763,16370,12639,12735,14984,14467,12382,16830,17996,11847,7675.5,8456.2,17856,18486,20312,21278,20781,17877,16719,15254,13014,8104.8,12595,13146,13041,12610,17423,16792,20313,20819,21035,20061,22227,2742.8,11873,3582.8,4317,4691.8,835.17,7843.3,10194,15040,18223,18038,12993,11673,9997.6,9822.4,9006,9498.9,10090,10853,11626,12497,11781,10305,11324,11999,12034,11249,11032,13358,11648,7972.7,7719,8595,7909.7,4197.1,11551,10926,11341,7644,7364.7,11046,9169,10034,6387.6,8859.7,9913.3,2076.5,4208.7,5251.4,11976,9501.4,11156,11177,9953.8,10747,11117,11762,11736,10140,13258,14637,12226,11679,11509,14218,7621.9,8685.7,7506.3,10645,10664,8976.7,10001,7781.1,8958.1,10960,6918.8,7434.2,5836.6,4814.3,9930.3,10043,12485,14695,15445,607.44,9547.1,9608.5,12396,8694.9,4019.5,10353,15270,15792
8399.9,11141,10907,8546.5,9478.5,10215,9819.6,15131,15416,16245,14892,15752,9441.7,8086.4,10784,11647,11493,5497.5,10701,9230.7,8281.7,6731.1,11303,9874.8,12214,17425,11546,12141,10868,9552.8,8340.9,11377,8234.1,9538.5,9523.2,14848,12004,11390,19956,11883,13033,16591,14674,17455,14691,14245,16478,13678,15037,12717,15606,15256,12995,18627,15394,15359,12715,12491,14136,14304,11968,17766,18057,13861,9162.9,6358.4,16984,18825,21624,21616,23401,19375,15355,14119,12366,8357,13484,12913,14060,13087,16579,17187,18192,21004,20110,19759,23853,4901.5,13753,5571.6,7671.8,5831,1614.3,8068,11287,16013,17360,18394,11081,11168,10244,9999.6,8316.9,9616,10919,10750,10289,11958,12012,9957.8,11748,11748,10971,12105,10855,13366,12188,6184.2,7763.7,7658.1,8492.7,3610.3,9971.1,9622.5,9243.9,8045.9,5979,9105.2,9101.1,9486,6029.5,6245.6,8475.3,531.43,1897.7,1652.5,9104.3,9890.6,11482,11768,12275,11137,10592,12141,11152,11601,12148,13761,13327,12409,13759,15741,8105.3,9042,8109.2,10782,11049,11157,10631,8571.1,9100.8,11309,8388.5,7202.3,7071.1,5959.9,9188.6,10511,12698,14885,17160,1892.2,9049.6,9174.7,10800,6604,4770.8,8537.5,15536,15633,8912,9873.1,9613.8,8627.5,8711.9,9377.9,9618.9,16971,14170,16817,13621,17208,9590,9107.3,10197,9819.7,9878.4,7443.6,8873.7,10627,10571,8174.9,11020,9310,12876,17678,11961,12054,12004,9406.2,7851,10616,8159.4,9813.4,9710.9,13632,12037,11176,19433,12061,12715,17132,15289,17610,12659,12958,14444,12557,15635,14068,17300,14368,12415,18982,15765,16366,12622,12737,15069,14478,12385,16793,17958,11833,7611.8,8375.1,17851,18494,20252,21202,20747,17817,16751,15243,12970,8076.9,12616,13129,13043,12647,17438,16701,20364,20798,21054,20059,22153,2716,11814,3610.8,4288.2,4642.8,837.07,7778.6,10077,15088,18108,18000,12960,11661,10027,9855,9034.7,9462.1,10090,10889,11640,12494,11774,10314,11348,11992,12044,11340,11053,13398,11668,8014.2,7674.3,8587.1,7876.4,4201.8,11562,10931,11343,7634.6,7363.3,10977,9146.8,10020,6396.7,8825.8,9906.9,2069.9,4238.4,5270.7,11986,9516.7,11136,11152,9888.1,10770,11115,11776,11732,10148,13291,14649,12228,11646,11497,14227,7660.1,8647.8,7555,10662,10688,9011.2,10026,7785.5,9004.3,10964,6940.3,7435,5832.9,4750.3,9952.1,9994.6,12523,14641,15421,601.66,9540.8,9590.7,12377,8676.8,4032.5,10378,15286,15819
8414.7,11090,10904,8565,9500.1,10240,9860,15167,15465,16328,14933,15825,9485.9,8046.3,10739,11671,11535,5500.9,10755,9294.3,8318.9,6780.7,11274,9789,12187,17411,11538,12078,10859,9510.6,8307.9,11345,8183.4,9460.2,9459.3,14866,12064,11375,19938,11874,13009,16568,14715,17481,14657,14326,16492,13700,15007,12727,15662,15252,13047,18684,15365,15438,12694,12488,14123,14414,11978,17726,18051,13783,9114.3,6366.3,16982,18772,21514,21596,23352,19294,15342,14140,12370,8351.7,13425,12895,14109,13124,16579,17166,18237,20996,20023,19809,23778,4883.4,13784,5554.6,7626.5,5823.8,1602.7,8011.9,11326,16034,17395,18328,11089,11176,10226,9927.4,8322.9,9612,10909,10723,10265,11988,11997,9905.7,11660,11771,11045,12035,10790,13371,12152,6193.9,7754.1,7638.5,8502.2,3613.1,9970.3,9661.3,9219.6,8029.3,5970,9102.6,9087.1,9454.4,6003.9,6230.9,8465.6,528.16,1879.1,1653.4,9074.4,9934.7,11451,11753,12358,11108,10608,12157,11139,11611,12091,13710,13293,12378,13683,15694,8087.4,9086.6,8080.3,10813,11061,11229,10655,8554.1,9143,11249,8397.3,7160.7,6958.4,5894.5,9194.7,10528,12629,14849,17112,1892.8,9053.4,9144.7,10830,6600.6,4753.4,8618,15615,15617,8900.2,9886.6,9624.7,8631,8705.3,9402.4,9702.2,16999,14226,16857,13669,17267,9600.3,9043.9,10166,9839.1,9874.6,7480.8,8945.5,10619,10626,8247.8,11011,9339.6,12878,17615,11917,12048,12048,9351.1,7844.5,10601,8097.9,9768.4,9670,13660,12090,11139,19398,12153,12745,17128,15353,17658,12652,13102,14432,12588,15655,14117,17368,14374,12430,19089,15784,16465,12658,12750,14995,14493,12319,16768,17930,11802,7571.3,8396.7,17815,18429,20167,21158,20693,17775,16807,15213,12909,8047.2,12592,13145,13016,12658,17475,16656,20404,20873,20950,20025,22135,2697.9,11882,3571.6,4279.6,4632.1,840.6,7746.8,10155,15109,18146,17967,12978,11692,10032,9933.4,9047.3,9522,10164,10887,11664,12540,11734,10283,11261,12024,12020,11326,11034,13390,11655,8017.9,7723,8553.5,7878.2,4214.7,11531,10944,11343,7671.7,7392.9,10996,9108.9,10008,6370.1,8824.8,9909.5,2072.6,4216.4,5265.6,11982,9545.3,11115,11103,9917,10755,11112,11785,11756,10173,13288,14646,12202,11606,11530,14242,7663.8,8688.9,7571.2,10684,10678,9016.9,10003,7756.5,8942.5,10892,6962.2,7417.3,5802.9,4713.3,9920.6,10011,12458,14662,15405,601.24,9493.5,9649.7,12425,8647.7,4030.7,10472,15286,15799
8388.6,11088,10873,8557.3,9475.3,10242,9825.9,15135,15426,16287,14966,15807,9454.4,8059.2,10740,11655,11576,5510.2,10679,9331.2,8297.9,6741.2,11238,9773.9,12148,17428,11562,12068,10874,9517.7,8325.2,11381,8225.9,9502.5,9544.5,14841,12013,11348,19952,11852,13022,16561,14686,17437,14662,14334,16477,13662,15009,12764,15649,15221,12980,18607,15362,15385,12599,12564,14197,14359,11979,17746,18042,13883,9202.1,6412.4,16904,18825,21532,21574,23332,19259,15350,14148,12395,8304.5,13423,12893,14116,13088,16617,17171,18177,20940,20021,19742,23787,4887,13695,5558,7639.4,5815.3,1584.4,8064.9,11301,15987,17440,18278,11084,11153,10247,10031,8256.5,9624,10916,10721,10234,11952,12013,9954.5,11674,11729,10989,12002,10757,13374,12146,6192,7751.5,7668.1,8463.3,3610.5,9973.3,9592.5,9206.4,8069.2,5975,9130.9,9102.1,9433.7,6006.2,6213.9,8446.1,531.09,1884.1,1647.4,9044.4,9917.8,11435,11732,12328,11078,10604,12127,11150,11662,12116,13709,13277,12356,13676,15712,8084.2,8990.8,8119.1,10804,11009,11244,10675,8452.8,9154.7,11239,8355,7139.7,6921.9,5908.4,9176.4,10564,12581,14794,17034,1894.1,9016.8,9128.4,10786,6588,4738.6,8589.6,15543,15606,8874.7,9884.4,9599,8583.4,8695,9396.5,9632.3,16988,14241,16843,13673,17276,9558.2,9079.3,10199,9815.4,9893.9,7467.6,8939.8,10616,10689,8218.8,11050,9286.4,12898,17665,11942,12075,12116,9348.4,7844.8,10597,8097.6,9798.7,9671.4,13719,12085,11134,19426,12106,12705,17109,15349,17653,12686,13207,14467,12604,15606,14116,17373,14395,12442,19080,15780,16447,12630,12709,15052,14417,12314,16743,17913,11812,7605.4,8358.8,17833,18447,20199,21191,20701,17704,16797,15224,12985,8058.4,12527,13138,13069,12661,17433,16720,20322,20800,20919,20002,22136,2735.3,11792,3562.2,4296.9,4639.3,835.66,7749.9,10160,15088,18167,17985,12899,11664,10047,9922.6,9077.3,9502.7,10095,10874,11692,12533,11749,10316,11278,12006,12025,11344,11071,13401,11672,8003.5,7734.1,8616.4,7886.1,4222.8,11552,10900,11347,7645.7,7368.1,11030,9132.3,10009,6345.5,8813.6,9909.3,2080.6,4232.2,5275.2,12015,9544.7,11125,11105,9965.6,10793,11131,11824,11783,10188,13250,14633,12212,11628,11550,14231,7638.1,8638.8,7552.8,10725,10716,9016.4,10044,7766.8,9042.5,10867,6963.6,7390.9,5777.4,4727.8,9936.3,10008,12454,14652,15336,599,9474,9573.1,12400,8662.8,4034.4,10464,15285,15764
8399.3,11111,10933,8566.7,9488.4,10203,9841.4,15089,15393,16271,14938,15784,9447.4,8070.5,10753,11655,11576,5514.8,10683,9257.2,8271.9,6693.5,11277,9798.4,12193,17435,11584,12106,10870,9535.1,8344,11354,8186.6,9468.7,9496.5,14810,11999,11369,19931,11846,13027,16544,14681,17470,14654,14338,16466,13667,15007,12747,15580,15228,12966,18572,15369,15343,12633,12688,14146,14334,11967,17799,18076,14001,9172.4,6420.3,16988,18862,21599,21590,23362,19281,15322,14168,12372,8326.7,13453,12915,14113,13119,16555,17238,18186,21005,20073,19725,23787,4918.8,13704,5574.1,7639.8,5812.8,1576.5,8071.5,11359,16029,17411,18335,11062,11149,10191,9919.5,8302.6,9563.2,10945,10759,10255,11984,12041,9870,11659,11738,10973,12118,10730,13368,12180,6192.4,7725.8,7629.8,8494.7,3622.8,9999.3,9568.5,9221.1,8026.3,5981.9,9144.8,9104.2,9461.3,6027.5,6221.5,8466.3,528.64,1893.5,1647.3,9092.2,9904.2,11474,11773,12269,11137,10603,12178,11184,11627,12162,13758,13310,12381,13747,15730,8060.3,9048,8038.1,10793,11033,11175,10628,8491.8,9131.5,11246,8374,7185.1,6970.4,5904.7,9191.7,10512,12681,14748,17130,1835.1,8996.1,9135.1,10805,6597.8,4749.5,8590.3,15571,15613,8901.8,9850.3,9616,8607.5,8692.8,9387.9,9598.3,16964,14224,16776,13659,17296,9570.4,9051.4,10205,9820.8,9876.7,7447.9,8918.2,10566,10623,8204.4,11032,9268.5,12879,17665,11919,12064,12084,9408.4,7830.2,10608,8122.7,9813.9,9703.2,13716,12077,11166,19415,12061,12721,17072,15299,17636,12678,13268,14470,12651,15610,14136,17383,14373,12391,19068,15757,16363,12675,12740,15067,14490,12330,16789,17942,11863,7621.8,8434.8,17842,18476,20205,21206,20724,17771,16797,15193,12940,8043.2,12553,13136,13014,12691,17390,16734,20329,20771,20968,20025,22179,2720.2,11775,3576,4292.4,4669.3,840.17,7784.6,10185,15077,18203,18011,12946,11623,10024,9874.1,9043.7,9421.9,10059,10880,11609,12563,11777,10252,11296,11948,12024,11318,11066,13395,11689,7925.3,7714.6,8563.3,7873.1,4235,11538,10854,11344,7619,7381.2,10997,9119,10005,6368.9,8802.4,9933.1,2086,4210.8,5249.2,12032,9518.4,11131,11126,9915.7,10769,11179,11813,11844,10149,13252,14666,12214,11667,11610,14279,7606.3,8672.4,7524,10658,10720,9007.2,10031,7764.1,9044.7,10927,6918.4,7385.6,5837.4,4732.7,9917.3,10020,12533,14635,15394,605.8,9481.3,9544.9,12380,8610.6,4008.5,10344,15290,15788
8395.2,11133,10942,8557.1,9482.7,10190,9840,15117,15421,16289,14937,15810,9438.3,8059.5,10764,11669,11585,5504.9,10711,9222.7,8282.5,6684.5,11303,9820.7,12185,17436,11612,12107,10917,9543.3,8355.3,11356,8198.3,9507.8,9464.1,14851,12035,11392,19943,11893,13060,16572,14700,17510,14700,14294,16506,13726,15016,12760,15582,15274,12971,18616,15354,15403,12645,12422,14156,14394,12002,17732,18091,13796,9193.4,6377.5,17002,18880,21549,21604,23362,19323,15339,14167,12365,8335.1,13475,12922,14169,13116,16553,17199,18253,21016,20085,19767,23794,4905.8,13722,5573.5,7659.4,5785.5,1583.2,8061,11392,16037,17444,18392,11086,11154,10223,9980,8283.4,9629,10961,10712,10280,11963,12020,9893,11678,11704,10996,12045,10891,13446,12183,6201.5,7744.8,7676.3,8528.8,3608.5,9962.9,9653.8,9235.3,8026.7,5978,9062.2,9096.5,9458.4,6024.8,6237.3,8474.9,526.67,1885.2,1652.6,9124.2,9946.7,11467,11808,12328,11154,10599,12157,11219,11654,12172,13761,13301,12417,13774,15749,8093.8,9099.7,8053.9,10799,11065,11157,10603,8491,9139.8,11291,8388.3,7169.5,7047.3,5927.2,9219,10524,12659,14791,17207,1891.4,9079.1,9187.1,10846,6594.4,4771.1,8592.9,15524,15590,8894.1,9902.9,9625.1,8609.9,8684.7,9357.1,9587.2,16948,14176,16770,13640,17204,9572.7,9043.2,10204,9828,9886.2,7421.8,8905.9,10510,10516,8184.2,11012,9357.6,12913,17659,11971,12054,12136,9379.2,7849.6,10624,8117.8,9766.4,9648.3,13721,12084,11143,19385,12050,12686,17088,15308,17645,12680,13189,14446,12625,15666,14138,17345,14382,12409,19018,15799,16438,12667,12685,14958,14498,12357,16742,17881,11815,7659.7,8360.5,17833,18475,20161,21132,20691,17770,16783,15194,12911,8040.1,12589,13153,13057,12639,17423,16658,20369,20803,20951,20042,22136,2689,11865,3585.2,4283.4,4654.5,841.48,7741.4,10147,15105,18227,17936,12933,11674,10032,9908.7,8994.8,9493.4,10128,10880,11668,12544,11759,10254,11248,11955,12014,11370,11042,13394,11670,7943.1,7694.5,8581.2,7880.4,4229.4,11542,10958,11341,7667.1,7372.8,11029,9129.5,9996.1,6397.5,8807.8,9903.7,2083.3,4204.7,5264,12009,9518.6,11107,11152,9938.3,10772,11169,11800,11826,10127,13296,14672,12219,11657,11586,14237,7651.9,8696.3,7528.7,10650,10706,8966.1,10010,7769.4,8974.9,10855,6924.9,7420,5811.1,4695,9897.3,10024,12544,14637,15384,609.13,9483.2,9591,12405,8628.6,4029.5,10337,15309,15793
8390.6,11125,10917,8566.5,9487.2,10213,9848.1,15147,15430,16295,14951,15791,9464.8,8134.1,10769,11650,11586,5504.9,10708,9178.3,8291.6,6714,11317,9793.7,12168,17419,11556,12049,10918,9531.6,8327.5,11353,8255.6,9497,9458.1,14896,12033,11392,19930,11905,13084,16567,14721,17486,14702,14274,16466,13687,15028,12722,15635,15271,13030,18662,15349,15410,12671,12566,14190,14347,11964,17718,18021,13833,9155.7,6356.8,16934,18816,21524,21652,23343,19299,15331,14143,12379,8320,13444,12912,14080,13082,16562,17211,18212,21040,20096,19751,23758,4889,13730,5564.8,7658.6,5781,1589,8040.7,11336,16023,17408,18416,11107,11193,10258,9952.5,8267.7,9600.5,10970,10707,10285,11938,11966,9967.8,11684,11749,11003,12051,10846,13403,12187,6203.3,7753.9,7696.9,8460.2,3599.3,9983.5,9598.7,9220.6,8066.4,5999.4,9103.6,9094.3,9456.8,6029.4,6222.6,8471.5,527.07,1889.1,1657.5,9102.4,9954.3,11481,11757,12294,11126,10572,12123,11137,11613,12203,13744,13301,12379,13715,15727,8095,9034.5,8104.9,10758,11067,11117,10608,8479.5,9137.6,11300,8385.5,7169.2,7089.7,5887.1,9245.1,10469,12619,14802,17165,1908.1,9062.4,9181.3,10796,6604,4749.3,8602,15542,15596,8909,9883.4,9637.9,8621,8707.8,9368.5,9633.5,16918,14177,16806,13658,17261,9571.3,9067.9,10209,9781.2,9892.2,7464.8,8949.5,10512,10481,8193.3,11034,9346.3,12902,17661,11928,12054,12079,9364.8,7831,10644,8108.6,9842.1,9697.4,13708,12109,11161,19377,12106,12776,17064,15367,17645,12686,13181,14449,12544,15645,14124,17344,14373,12360,18997,15790,16441,12690,12683,15058,14476,12360,16787,17961,11837,7632.5,8379.2,17829,18493,20171,21177,20690,17762,16809,15203,12917,8037.5,12547,13156,13081,12594,17442,16663,20377,20809,20972,20063,22147,2714.3,11855,3574.7,4295.4,4660.5,834.66,7766.6,10167,15115,18149,17982,12946,11676,10058,9900.6,9030.8,9476.1,10116,10890,11677,12559,11753,10256,11334,11962,12059,11332,11033,13379,11680,8004.7,7758.6,8589.2,7911.9,4228.7,11547,10921,11321,7667.9,7342,11018,9126.6,10022,6379.3,8806.7,9932.9,2081.1,4228,5277.3,12017,9530.4,11124,11141,9939.1,10801,11125,11797,11840,10158,13343,14667,12230,11637,11560,14219,7640.2,8733.2,7576.6,10660,10700,8973.4,10018,7819.6,8914.3,10848,6953.4,7407.8,5788.2,4727.9,9944.3,10073,12516,14664,15379,603.31,9539.5,9633,12385,8660.7,4051.6,10411,15308,15776
8392.7,11107,10921,8549,9479.2,10223,9854.8,15109,15388,16272,14891,15745,9459.7,8093.5,10722,11641,11593,5508.7,10710,9212.4,8291.7,6757.1,11263,9812.4,12141,17409,11557,12058,10896,9555.3,8354.7,11340,8208.1,9471.7,9449,14883,12019,11393,19940,11902,13026,16556,14672,17460,14693,14308,16458,13686,15018,12740,15606,15263,12957,18616,15359,15358,12635,12456,14151,14374,12025,17707,18023,13876,9179.4,6397.8,16937,18799,21546,21547,23337,19274,15307,14144,12351,8274.9,13382,12912,14145,13132,16577,17220,18220,20998,20084,19742,23744,4892.3,13654,5538.3,7637.5,5776.8,1572.1,8079.1,11322,16036,17345,18311,11061,11168,10238,10028,8222.6,9623.6,10951,10719,10297,11962,12020,9977.4,11660,11736,10923,12048,10748,13380,12161,6179.8,7764.5,7677.6,8514.3,3624.8,9977.9,9571.7,9244.7,8037.1,5993,9147.6,9056.3,9410.1,6030.4,6215.8,8421.7,528.94,1898.9,1653,9076.4,9934.4,11481,11710,12274,11169,10579,12139,11143,11662,12190,13725,13275,12362,13678,15763,8092.3,9108.1,8019.7,10768,11039,11180,10645,8494.8,9105.1,11237,8388.9,7161.4,6919.5,5943.9,9152,10554,12649,14788,17060,1921.1,9039.2,9125.3,10775,6606,4725.1,8600.4,15482,15624,8903.9,9895.8,9603.6,8599.5,8698.1,9357.8,9619.1,16948,14148,16821,13691,17262,9588.6,9089.6,10205,9800.3,9883.2,7460.5,8935.5,10567,10514,8163.8,11041,9309.5,12884,17669,11980,12034,12065,9343,7849.6,10630,8121.8,9788.7,9721.7,13739,12113,11177,19448,12091,12746,17094,15327,17628,12738,13260,14443,12637,15689,14150,17352,14391,12389,19047,15783,16380,12669,12718,15070,14492,12381,16809,17986,11878,7662.9,8389,17838,18481,20237,21205,20732,17745,16795,15221,12976,8015.3,12561,13163,13058,12683,17498,16716,20332,20839,20971,20071,22186,2737.2,11819,3575.4,4283.1,4636.9,837.18,7771.7,10144,15102,18162,17960,12945,11661,10050,9854.4,9021.3,9481.2,10064,10887,11634,12540,11769,10289,11314,11990,12047,11334,11048,13414,11685,7979.5,7713,8585.8,7887,4236.8,11557,10916,11341,7652.7,7363.6,11019,9110.7,10014,6376.7,8822.1,9910.3,2084.1,4233.2,5270.5,12021,9538.7,11151,11152,9975.9,10798,11133,11822,11820,10153,13295,14664,12214,11630,11542,14215,7603,8707.6,7563.2,10669,10723,8986.4,10034,7726.4,8923.7,10888,6984.7,7347.5,5772.1,4722.5,9973.1,10037,12531,14650,15336,602.44,9544.5,9610.9,12392,8660.3,4022.9,10372,15263,15850
8418.3,11136,10915,8567,9491.3,10240,9856.1,15148,15444,16290,14984,15762,9458.9,8040.7,10763,11664,11599,5509.9,10718,9275.6,8315.6,6741.9,11287,9796.5,12081,17400,11577,12031,10804,9546.4,8364.6,11277,8209.6,9489.1,9431,14869,12064,11374,19987,11891,13080,16575,14700,17474,14691,14347,16478,13703,15022,12708,15597,15272,12977,18617,15391,15477,12684,12462,14202,14411,12009,17669,18047,13788,9154.8,6366.3,16866,18766,21523,21476,23320,19279,15336,14161,12316,8277.3,13351,12930,14154,13120,16650,17161,18278,20965,20033,19795,23752,4892.9,13603,5553.1,7622.3,5809.3,1600.3,8071.7,11347,16045,17337,18266,11080,11172,10247,9982.8,8270.2,9592.6,10956,10722,10300,11973,12022,9945.2,11717,11739,10979,12047,10851,13438,12135,6187.9,7744,7643.4,8499.8,3614.5,9962.7,9588.2,9243.2,8026.6,5989.2,9089.8,9071.3,9414.7,6019.2,6211.4,8398.3,522.91,1887.3,1653.1,9071.9,9974.4,11434,11669,12326,11162,10597,12123,11117,11612,12168,13673,13240,12355,13646,15779,8077.5,9084.2,8064.5,10794,11031,11166,10627,8583.9,9147.4,11222,8408.4,7166.1,7070.1,5853,9212.5,10495,12636,14753,17026,1893.5,9024.4,9138.7,10810,6587.2,4705.3,8575.1,15530,15572,8915.2,9948.4,9621.1,8622,8708.2,9390.9,9637.6,17038,14206,16864,13655,17273,9596.6,9027.1,10213,9821.1,9936,7468,8952.9,10580,10618,8223.4,11119,9332.9,12914,17677,11991,12050,12030,9358.7,7821.2,10686,8146.7,9734.9,9716.7,13782,12122,11151,19505,12127,12747,17173,15384,17651,12720,13253,14482,12597,15719,14141,17383,14423,12418,19088,15815,16431,12699,12853,15150,14464,12348,16736,17928,11837,7606.1,8387.8,17819,18421,20237,21138,20653,17762,16751,15224,12950,8027.1,12573,13182,13092,12593,17479,16635,20344,20926,20963,20043,22142,2700.5,11853,3584.4,4277.1,4623.9,824.8,7770.8,10134,15111,18163,17949,12954,11649,10019,9905.1,9020.1,9471.7,10079,10845,11676,12555,11780,10297,11304,12026,12012,11328,11047,13424,11681,7967.8,7690.6,8584,7873.9,4239,11571,10932,11348,7657.1,7439.7,11026,9140.1,10001,6362.5,8824.8,9879.1,2072.7,4232.4,5290.3,12006,9563.8,11107,11116,9930,10792,11129,11767,11760,10183,13322,14651,12177,11613,11502,14263,7632,8686.4,7562,10675,10741,9025.1,10055,7767,8986,10938,6963,7358.1,5779.4,4692.6,9922.6,10008,12540,14626,15309,602.84,9514.9,9568.5,12378,8642.4,4001.2,10410,15276,15806
8393.5,11148,10948,8565.5,9494.7,10216,9845.1,15172,15431,16306,14976,15869,9500.7,8075.4,10798,11686,11595,5483.5,10742,9325.3,8321.6,6710.4,11291,9815,12091,17399,11566,11998,10869,9556.4,8358.6,11299,8208.8,9484.5,9392.9,14905,12069,11397,20020,11890,13083,16612,14729,17454,14708,14352,16529,13725,15050,12780,15692,15314,12966,18697,15391,15417,12698,12554,14178,14430,11980,17659,17991,13813,9135,6295.4,16870,18752,21476,21489,23325,19294,15369,14153,12348,8290.6,13378,12954,14137,13195,16636,17124,18316,20943,20096,19794,23750,4878.4,13714,5562.8,7625.7,5768.1,1578.1,8001.3,11328,16021,17348,18261,11074,11191,10246,9945.7,8274.4,9647.2,10998,10690,10282,11988,12048,9916.9,11692,11723,10981,12021,10817,13399,12147,6195.9,7728.9,7679.8,8520.1,3612.8,9965.4,9616.4,9243.2,8044.4,5998.5,9104.8,9064.1,9403.5,6013.8,6186.7,8393.1,533.64,1886.2,1641.9,9011.6,9969,11381,11651,12344,11163,10620,12192,11168,11658,12222,13663,13254,12348,13626,15768,8087.5,9038,8101.4,10794,11068,11203,10601,8576.3,9198.9,11275,8397.9,7146.3,6974.4,5877.9,9206.7,10497,12666,14798,17103,1884.6,9038.6,9181.4,10823,6608,4725.4,8603.3,15556,15587,8883.7,9920.3,9665.6,8601.1,8689.2,9368.2,9578.8,17015,14189,16800,13669,17274,9575.2,9048.4,10218,9832.1,9887.3,7449.6,8968.4,10561,10605,8223.1,11099,9280.5,12922,17633,11971,12036,12053,9323.1,7858,10581,8159.5,9784,9669.3,13800,12095,11147,19496,12088,12697,17193,15367,17633,12744,13248,14509,12600,15705,14154,17360,14410,12386,19030,15791,16439,12653,12769,15067,14524,12342,16738,17911,11837,7600.4,8283.5,17777,18430,20156,21095,20640,17731,16807,15201,12947,8028.4,12580,13096,13053,12683,17497,16633,20375,20873,21012,20016,22099,2688.8,11798,3586.9,4255.7,4630.7,835.45,7725.1,10122,15063,18099,17932,12932,11667,9972.8,9832.8,9009.3,9471.3,10106,10875,11674,12531,11722,10285,11347,11988,11974,11339,11058,13426,11689,7957.7,7738.7,8572.7,7877.9,4224.1,11569,10924,11356,7650,7399.2,11042,9117.6,10012,6385.2,8796.1,9897.3,2074,4225.4,5277.7,11995,9582.6,11080,11084,9954.2,10774,11097,11802,11794,10187,13306,14658,12183,11601,11482,14318,7651,8690.2,7649.6,10709,10684,9005.7,10026,7761.5,8988.3,10887,6944.3,7377.7,5760.3,4691.1,9916.7,10060,12508,14625,15332,610.92,9519.1,9538,12378,8637.2,4016.4,10372,15328,15795
8404.7,11047,10903,8563.3,9490.8,10204,9842.4,15115,15426,16249,14922,15788,9471.8,8095.1,10788,11648,11550,5488.6,10684,9225.9,8299.7,6701.4,11265,9809.6,12175,17437,11591,12082,10891,9556.5,8367,11313,8240.1,9516.2,9475.9,14892,12055,11388,19977,11897,13007,16607,14668,17448,14708,14350,16509,13717,15042,12774,15659,15253,12971,18653,15361,15354,12630,12591,14114,14390,11970,17747,18042,13874,9191.9,6347.2,16939,18824,21539,21600,23336,19327,15353,14126,12397,8364.5,13473,12890,14073,13045,16635,17211,18271,20992,20055,19745,23819,4890.4,13759,5556.5,7666.5,5802.7,1581.6,8005.5,11310,16035,17412,18361,11070,11165,10228,9988.1,8295.5,9526.6,10938,10747,10262,11954,11975,9946.1,11683,11784,10982,12073,10808,13380,12136,6235.8,7752.4,7684,8479.4,3621.6,9989.7,9582.7,9234,8041.1,6016.7,9130.9,9089.1,9463.2,6042.9,6209.5,8433.5,536.09,1889.6,1658.2,9041.1,9921.8,11426,11723,12348,11143,10584,12145,11155,11634,12140,13726,13306,12368,13698,15739,8117.3,8998.4,8098.3,10736,11018,11156,10645,8438,9175.3,11285,8379.4,7201.2,7002.6,5916.9,9160.4,10507,12687,14813,17183,1938.1,9036.5,9122.7,10804,6613.5,4747,8604.9,15540,15607,8898,9852.4,9635.5,8605.6,8684.9,9352.6,9585.6,16978,14185,16843,13608,17222,9566.9,9052.8,10230,9791.1,9885.3,7430.5,8879.6,10524,10568,8189.4,11064,9290.7,12916,17651,11957,12084,12124,9421.5,7847.1,10597,8114.8,9815.2,9710.3,13759,12108,11143,19460,12062,12705,17135,15315,17666,12720,13208,14488,12603,15653,14136,17344,14388,12398,19025,15762,16364,12644,12734,15071,14483,12338,16786,17973,11830,7606.4,8350,17834,18448,20254,21194,20726,17786,16785,15237,12948,8083.4,12573,13161,13038,12731,17435,16728,20400,20777,21041,20073,22195,2721.2,11865,3569.7,4302.5,4649.8,841.7,7773.7,10227,15076,18156,18025,12955,11633,10026,9848.2,9012.7,9454.4,10055,10883,11661,12516,11797,10318,11325,12016,12044,11247,11013,13386,11670,7963.6,7755.6,8575.1,7881.4,4246.6,11577,10950,11352,7636.3,7398.4,11041,9153.8,10029,6379.6,8800.3,9926.8,2081.9,4224.9,5261.7,11999,9535.5,11148,11124,9940.6,10788,11107,11792,11797,10131,13258,14642,12216,11648,11531,14275,7663.1,8675.3,7590.4,10655,10679,8988.1,10025,7766.2,8966.1,10862,6936.5,7429.1,5772.7,4700,9907.9,10036,12492,14689,15406,615.34,9551.7,9589.7,12347,8686.7,4035.8,10410,15244,15784
8388.4,11055,10926,8549.2,9486.3,10224,9861,15111,15442,16246,14893,15724,9464,8086.1,10759,11634,11551,5492.9,10677,9172.8,8278.1,6682.2,11304,9816.2,12203,17434,11582,12126,10895,9575.6,8358.8,11272,8248.1,9538.6,9469.9,14851,12022,11399,19959,11909,13041,16573,14693,17444,14695,14291,16465,13698,14995,12729,15622,15207,12965,18577,15356,15409,12640,12451,14111,14366,11998,17779,18056,13868,9180.9,6340.6,16967,18865,21589,21678,23365,19355,15309,14131,12336,8308.4,13480,12909,14086,13066,16553,17211,18254,21003,20099,19732,23846,4896.3,13788,5574.3,7650.4,5811.4,1595.9,8074.8,11302,16036,17381,18394,11106,11113,10239,9971.4,8274.3,9597.2,10951,10712,10296,11943,12006,9966.4,11671,11775,10987,12010,10838,13352,12163,6242.5,7784.7,7672,8495.3,3618,9973.1,9590,9225.3,8038,5990.8,9114.9,9061.9,9461.8,6054.1,6227.2,8461.1,530.47,1894.2,1659.4,9077.8,9872.2,11462,11781,12297,11154,10547,12129,11145,11623,12141,13763,13327,12414,13742,15734,8100.3,9039.4,8087.1,10700,11010,11127,10640,8522.7,9191.2,11251,8397.3,7127.7,6888.9,5924.8,9196.5,10480,12578,14832,17129,1891.3,9016.2,9165.9,10798,6586.5,4749.5,8634.7,15490,15611,8893.3,9865.6,9608.4,8597.6,8676.2,9351.7,9604.4,16996,14190,16798,13624,17200,9574.8,9100.6,10229,9785,9891,7441.1,8867.6,10508,10489,8193.9,11004,9302.6,12899,17695,11981,12079,12057,9404.5,7842.7,10598,8183.8,9820.7,9710.8,13769,12153,11178,19437,12100,12740,17146,15303,17652,12733,13201,14450,12550,15658,14089,17375,14398,12371,19046,15784,16362,12626,12728,14993,14418,12403,16794,17980,11849,7619.4,8409.2,17896,18487,20256,21280,20730,17879,16776,15222,12967,8069.8,12614,13139,13158,12679,17439,16740,20393,20810,21064,20073,22239,2726.6,11891,3544.2,4281.7,4675.1,837.4,7786.6,10194,15097,18201,18046,12938,11645,9998.4,9869.3,9015.6,9453.9,10100,10901,11666,12540,11770,10322,11344,12018,12075,11334,10940,13370,11666,7976.2,7751,8597.4,7904.6,4248.9,11567,10869,11354,7665.9,7406.5,11053,9146.6,10012,6378,8828.3,9935.4,2085.7,4234.3,5250.3,11997,9467.7,11184,11170,9939.9,10793,11139,11795,11761,10160,13257,14670,12246,11683,11573,14207,7663.1,8743,7553.4,10651,10678,8934.1,10013,7788.4,8965.5,10902,6943.7,7388.2,5798.5,4767,9953.3,9993.5,12490,14649,15420,617.34,9543.4,9561.6,12346,8689.9,4024.6,10399,15274,15808
8381.2,11123,10910,8556.8,9480,10200,9865.2,15163,15438,16322,14938,15727,9411.4,8078.8,10726,11655,11578,5510.4,10706,9204.1,8277.2,6723.8,11293,9796.5,12114,17404,11550,12029,10857,9525.9,8347.6,11330,8205.8,9532,9473.1,14851,12079,11372,19972,11902,13073,16548,14720,17461,14675,14288,16496,13677,15011,12743,15589,15259,13015,18710,15357,15397,12688,12455,14172,14359,11979,17717,18027,13891,9149.2,6372.8,16897,18767,21532,21488,23318,19312,15311,14185,12336,8293,13378,12949,14121,13146,16636,17179,18218,20985,20056,19781,23753,4882,13664,5521.3,7641.5,5814.3,1572.7,8061,11288,16055,17321,18314,11131,11171,10252,9976.5,8332.7,9640.9,10962,10737,10343,11972,12074,9982.9,11696,11773,11031,12082,10873,13419,12146,6240.8,7742.4,7659.3,8502.7,3640.3,9973.5,9618,9238.6,8056.6,6031.3,9121.4,9083.7,9413.4,6041,6223.8,8450.7,525.75,1899.2,1650.9,9046.5,9933.8,11427,11693,12313,11192,10565,12154,11156,11652,12174,13707,13294,12357,13692,15739,8147.8,9087.8,8060.7,10800,11033,11180,10627,8458.8,9114.5,11224,8419.7,7173.3,6984.3,5917.7,9188.9,10439,12670,14792,17047,1892.9,9137.3,9182.4,10860,6600.6,4741.2,8647.1,15526,15626,8899.8,9939,9631.9,8600.6,8669.7,9375.5,9602.5,17014,14216,16836,13631,17275,9574.7,9088.8,10208,9807.2,9928.6,7463.6,8939.8,10552,10508,8190.8,11096,9297.6,12902,17665,11977,12038,12066,9351.5,7849.8,10647,8159.9,9813.7,9636.7,13785,12133,11146,19469,12112,12737,17152,15327,17636,12715,13190,14448,12616,15650,14100,17383,14414,12395,19058,15803,16430,12671,12715,15045,14472,12348,16792,17959,11879,7661.8,8362.8,17823,18439,20245,21174,20660,17777,16775,15219,12957,8064.1,12582,13174,13064,12710,17472,16703,20348,20870,20991,20066,22157,2703.9,11844,3571,4266.6,4653.7,829.21,7750.8,10146,15099,18112,17972,12961,11645,10047,9868.7,9021.2,9484.7,10091,10849,11699,12508,11760,10298,11297,11991,12028,11325,11072,13431,11693,7985.8,7722.2,8589.6,7913.2,4224.8,11584,10965,11343,7642,7402.1,11035,9111.2,9983.4,6382.4,8815.3,9890.2,2068.6,4245.8,5268.6,12006,9524.2,11123,11152,9967.5,10811,11133,11803,11708,10184,13268,14668,12223,11642,11497,14200,7645,8721.7,7568,10687,10728,8960.5,10020,7781,9083.1,10893,6975.3,7373.2,5849.3,4753.3,9989.7,10021,12498,14634,15384,616.01,9569,9566.7,12385,8655.8,4015.4,10457,15272,15795
8392.6,11136,10945,8560,9476.1,10188,9836.6,15130,15424,16297,14960,15828,9424.8,8110,10749,11662,11543,5498.9,10726,9259.4,8272.9,6713.1,11266,9804.5,12139,17422,11572,12026,10833,9524.9,8360,11310,8225.5,9498.6,9468.2,14890,12044,11381,19954,11901,12998,16595,14728,17464,14689,14338,16505,13664,15032,12743,15634,15282,12963,18640,15359,15353,12708,12563,14197,14387,11987,17706,17984,13877,9225.8,6354,16860,18782,21555,21512,23335,19280,15318,14186,12398,8334,13395,12911,14088,13133,16562,17213,18263,20946,20034,19783,23755,4884.7,13620,5548.3,7632.7,5809.9,1572.5,8076.2,11286,16025,17321,18324,11078,11170,10236,9972.7,8239.1,9594.3,10984,10716,10310,11992,11991,9950.5,11643,11764,11002,12071,10788,13412,12146,6187.2,7773.5,7640.1,8511.3,3620.7,10002,9605.4,9232.6,8038.9,6013.9,9118.3,9083.6,9452.9,6036,6223.3,8424,523.57,1899.5,1653.9,9049.3,9976.8,11440,11651,12303,11140,10600,12139,11138,11676,12180,13698,13242,12378,13671,15720,8082,8970.7,8061.8,10787,11052,11169,10604,8509,9085.4,11254,8390.5,7165,7139,5931.5,9193.9,10466,12639,14777,17079,1927.9,8994.5,9156.4,10828,6635.9,4735.7,8577.3,15521,15624,8906.9,9911.9,9620,8620.5,8693,9370.2,9589.3,16980,14204,16796,13682,17234,9572.3,9121.6,10194,9827.6,9886.1,7453.3,8980.6,10558,10599,8177.4,11096,9333.1,12917,17682,11937,12072,12005,9332.1,7897.2,10667,8198.2,9797.3,9700.6,13738,12091,11162,19484,12111,12757,17173,15387,17658,12679,13043,14499,12623,15681,14118,17407,14432,12401,19051,15793,16458,12625,12819,14998,14419,12366,16756,17952,11875,7629.1,8388.3,17787,18457,20215,21164,20732,17756,16798,15196,12961,8067.2,12556,13148,13153,12660,17474,16709,20364,20915,21000,20048,22157,2722.5,11863,3588,4291,4648.6,835.36,7764.5,10156,15101,18132,17979,12928,11647,10013,9897.8,8955.6,9452.3,10110,10910,11668,12511,11773,10305,11263,11991,12029,11385,11030,13389,11682,8017.5,7730.7,8599.1,7922.3,4204.4,11573,10946,11350,7665.7,7421,11053,9158.5,10024,6375,8808.6,9900.9,2076.2,4234,5279.4,12014,9567,11117,11098,9928.4,10790,11101,11801,11758,10227,13301,14662,12200,11646,11506,14289,7689.3,8688.4,7617,10733,10731,8988.9,10032,7816.8,9049.4,10891,6946.8,7442.4,5833.6,4737.5,9983.2,9982.1,12484,14667,15317,609.86,9496.9,9568.7,12384,8679.4,4014.7,10424,15267,15796
8405.2,11131,10905,8560.8,9486.5,10186,9819.2,15102,15380,16286,14855,15788,9441.1,8062.7,10760,11638,11562,5489.2,10739,9250,8310.5,6700.3,11274,9827.4,12178,17426,11597,12115,10887,9562.4,8358.8,11381,8241,9463.9,9485.7,14874,12060,11405,19997,11885,12981,16609,14693,17447,14732,14333,16502,13714,15054,12750,15604,15274,12958,18588,15356,15307,12670,12579,14197,14375,11998,17769,18040,13913,9187.2,6367.2,16884,18826,21585,21559,23301,19294,15323,14143,12358,8335.2,13444,12886,14101,13148,16528,17172,18219,20999,20058,19773,23797,4908,13749,5558.3,7671.5,5780.8,1567.1,8032.1,11340,16031,17359,18332,11062,11165,10206,9943.4,8310.4,9578.1,10930,10711,10272,11980,12002,9924.5,11655,11756,10984,12064,10873,13380,12139,6196.7,7717.5,7697.1,8529.1,3591.2,9997.4,9583.7,9206.1,8016.2,5982.5,9111.8,9079.6,9461.4,6024.4,6218,8449.6,528.96,1902,1646.4,9067,9925.7,11447,11758,12340,11183,10603,12164,11152,11613,12165,13725,13287,12400,13703,15732,8110.6,9053.1,8049.6,10778,11041,11207,10644,8555.8,9178,11279,8359.3,7182.7,6906.2,5923.7,9168.9,10518,12648,14764,17083,1904.6,9061.8,9154.1,10803,6593,4756.5,8651.6,15515,15616,8910.9,9878.5,9626.3,8608.7,8688.4,9360,9579.1,16948,14197,16801,13648,17241,9570.6,9117.2,10209,9828,9904.9,7451.8,8914.4,10544,10560,8169.2,11020,9268.5,12921,17701,11992,12103,12071,9391,7836.6,10601,8228.2,9814,9698.4,13701,12074,11141,19438,12073,12746,17141,15316,17637,12718,13141,14503,12630,15689,14163,17364,14387,12356,19017,15758,16402,12623,12813,14996,14471,12358,16858,17968,11897,7664.1,8376.5,17810,18461,20248,21164,20687,17736,16753,15207,12986,8053.1,12585,13153,13002,12707,17405,16702,20352,20816,21039,20038,22162,2710.9,11838,3607,4290.5,4656.1,829.31,7784.1,10234,15068,18168,18002,12956,11652,10006,9768.7,8993.1,9476.5,10092,10904,11684,12542,11791,10309,11350,11973,12049,11311,11099,13415,11690,7999.7,7719.3,8619.3,7923.2,4213.9,11553,10945,11342,7599.3,7372.2,11040,9175,10021,6375.7,8820.7,9901.3,2083.4,4221.4,5286.1,12007,9565,11144,11156,9961.7,10795,11120,11840,11779,10200,13259,14647,12224,11701,11532,14334,7675.4,8659.5,7539.7,10687,10729,9006.4,10074,7731.1,9061.3,10904,6931.8,7378,5800.9,4712,9935.8,10028,12536,14641,15379,612.59,9500.6,9583.7,12386,8656.9,4017.2,10435,15304,15802
8392.8,11126,10942,8571,9486.3,10176,9781.2,15113,15420,16222,14896,15742,9467,8071.8,10776,11644,11498,5468.7,10658,9174.8,8220.7,6667.1,11252,9812.9,12170,17382,11609,12103,10870,9545,8361.9,11328,8228,9518.8,9501.1,14900,12002,11407,19996,11882,13051,16591,14651,17445,14688,14329,16510,13683,15041,12755,15616,15272,12983,18616,15361,15352,12679,12461,14131,14319,11996,17756,18097,13888,9199.6,6364.7,16896,18792,21554,21558,23331,19288,15274,14140,12339,8298.9,13469,12905,14109,13168,16599,17212,18168,20985,20085,19708,23794,4897.1,13720,5567.9,7638.9,5801.7,1588.3,8102.5,11320,16035,17386,18357,11089,11140,10221,9952.3,8284.9,9623.5,10966,10717,10259,11926,11996,9900.1,11667,11797,10999,12056,10872,13367,12183,6209.5,7728.1,7681.3,8495.3,3613.8,10005,9626.5,9231,8055,5991.6,9134,9059.3,9437.9,6036.6,6220.6,8445,530.43,1893.5,1656.9,9079.2,9896.4,11440,11770,12340,11152,10588,12172,11171,11590,12162,13741,13295,12405,13713,15741,8118.3,9039.1,8100,10709,11006,11119,10656,8483.3,9166.9,11257,8361.2,7163.5,6962.6,5920.7,9222.1,10497,12570,14770,17101,1874.2,9088.6,9170.1,10816,6605.8,4756.1,8652.1,15483,15612,8891.2,9907.2,9616.1,8617.1,8686.2,9359.2,9572.5,16973,14181,16839,13630,17247,9605.9,9072.9,10253,9800.3,9892.2,7430.6,8893.4,10542,10482,8150.6,11092,9311.2,12919,17649,12036,12106,12135,9439.6,7892.5,10604,8190.4,9814.5,9666.8,13732,12121,11188,19456,12068,12712,17115,15282,17613,12731,13226,14484,12610,15653,14142,17334,14382,12400,18980,15793,16387,12646,12648,14965,14460,12379,16814,17979,11899,7641.6,8391.3,17832,18492,20245,21200,20699,17783,16764,15239,12966,8084.2,12606,13126,13009,12718,17455,16784,20386,20788,21064,20063,22221,2728.1,11836,3586.6,4297.6,4658.9,831.36,7788.2,10191,15069,18153,18010,12946,11689,10033,9846.7,9018.1,9439.4,10106,10866,11639,12530,11757,10298,11288,12017,11990,11344,11071,13390,11677,7937.2,7695.2,8620.1,7879.5,4232.2,11553,10930,11347,7616.4,7367.4,11079,9133.1,10020,6363.8,8815,9911.9,2084.8,4236.4,5255.7,12030,9510.2,11153,11146,9934,10788,11148,11839,11799,10147,13300,14682,12239,11695,11548,14272,7634.6,8700.8,7520.2,10653,10685,8970.6,10054,7749,8962,10885,6906.3,7383.4,5806.4,4742.4,9925.9,10003,12510,14666,15408,611.73,9498.7,9591,12372,8674.3,4025.7,10366,15313,15788
8399.7,11090,10914,8546.4,9472.3,10185,9833,15111,15416,16241,14939,15695,9453.7,8088.7,10743,11660,11552,5492.6,10710,9165.5,8249.1,6663.7,11250,9809.7,12165,17382,11548,12076,10871,9541.8,8341,11332,8223,9481,9500.8,14865,12013,11356,19999,11894,13014,16567,14682,17442,14663,14275,16475,13647,15014,12705,15581,15259,13001,18636,15365,15364,12671,12594,14182,14327,11967,17697,18030,13926,9183.3,6333.3,16946,18834,21575,21551,23393,19344,15315,14152,12343,8294.3,13440,12902,14094,13153,16555,17195,18186,20974,20066,19720,23794,4902,13714,5570.4,7627.2,5828.8,1596.4,8064.9,11331,15982,17343,18402,11051,11147,10226,9932.2,8259.8,9612.5,10961,10755,10277,11960,12001,9915.1,11662,11758,11041,12033,10797,13424,12152,6218.2,7726.1,7676.1,8489.3,3644.7,10010,9613,9232.5,8029,5976.5,9117.3,9059.4,9441.7,6048,6241.1,8438,526.38,1896,1650,9074.6,9892.2,11457,11716,12261,11145,10572,12125,11177,11583,12153,13726,13298,12377,13734,15751,8073.7,9107.5,8064.2,10736,11012,11092,10608,8448.6,9157.1,11257,8375,7221.8,6989.7,5933.6,9215.6,10527,12666,14814,17105,1908.9,9037.2,9152,10849,6625.6,4742.2,8617.3,15498,15608,8907,9904.4,9616.2,8597.8,8685.7,9345.3,9581,16980,14212,16852,13658,17266,9563.9,9086.3,10212,9816.3,9870.5,7440.1,8937.9,10522,10495,8185.5,11055,9324,12908,17701,11958,12080,12078,9414.3,7880.4,10588,8129,9800.5,9700.3,13781,12114,11187,19482,12078,12691,17131,15276,17624,12726,13260,14478,12600,15645,14115,17339,14404,12374,19032,15792,16408,12655,12684,15089,14480,12360,16827,18010,11864,7654.4,8415.8,17860,18514,20278,21246,20730,17849,16796,15219,12960,8076.8,12627,13134,13034,12671,17469,16775,20375,20792,21017,20059,22233,2711.5,11876,3582.8,4283.9,4641.3,835,7787.3,10161,15081,18175,18009,12962,11687,10018,9842.8,9070.6,9423.4,10080,10886,11648,12522,11731,10298,11313,11989,12024,11361,11009,13368,11677,7977.7,7693.4,8590.5,7874.1,4233.1,11539,10905,11331,7630.8,7380.8,11026,9170.7,10048,6380.8,8856.5,9934.5,2083.1,4227.3,5279.3,12023,9492.2,11144,11168,9923,10769,11151,11794,11785,10161,13263,14688,12231,11698,11559,14220,7641.8,8686.8,7552.2,10634,10744,8955.3,10025,7747.6,8977.3,10878,6931.1,7388.4,5849.1,4713.3,9988.9,10016,12506,14648,15416,610.86,9538.2,9560,12381,8658.8,4025.9,10339,15316,15761
8389.4,11099,10917,8573.8,9478.2,10195,9840.1,15123,15422,16258,14983,15785,9422.4,8094.1,10745,11666,11528,5497.6,10731,9275.3,8305.2,6730.1,11274,9774.6,12142,17403,11564,12033,10864,9574.9,8359.7,11309,8216.6,9501.4,9453.9,14878,12048,11389,19984,11899,13011,16610,14702,17461,14689,14273,16495,13680,15039,12739,15617,15275,12954,18593,15375,15381,12678,12578,14190,14392,11980,17759,18027,13850,9144.5,6331.5,16977,18800,21542,21506,23351,19295,15353,14160,12373,8289.2,13419,12934,14093,13129,16573,17168,18217,20989,20030,19766,23753,4907.7,13738,5558,7650.3,5790.8,1585.6,8033.4,11323,16005,17363,18374,11094,11189,10198,9989.4,8295.8,9629.7,10959,10692,10266,11966,12070,9890.8,11753,11750,10994,12020,10821,13396,12166,6213.2,7749.3,7684.2,8521.9,3622.2,9965.8,9579.6,9215.4,8037.2,5962.4,9084.4,9071.1,9436.2,6050.6,6240.5,8426.8,528.34,1879.8,1647.2,9058,9931.6,11430,11684,12318,11175,10601,12173,11107,11653,12203,13703,13292,12361,13678,15737,8097,9104.7,8007.6,10790,11043,11167,10614,8539.1,9083.7,11245,8429.8,7171.1,7009.9,5919,9183.8,10525,12719,14810,17081,1861.1,9026.8,9162.4,10817,6595.2,4734.8,8570.6,15568,15596,8902,9897.4,9656,8601.9,8688.6,9375.6,9591.6,16970,14179,16816,13619,17219,9564.4,9036.8,10213,9802.4,9917.5,7463.7,8952.7,10565,10544,8198.4,11055,9293.5,12897,17683,11976,12075,12070,9368.9,7851.5,10617,8110.9,9786.7,9696.5,13758,12065,11152,19434,12092,12726,17150,15319,17622,12703,13165,14524,12648,15701,14162,17370,14406,12418,19043,15790,16420,12648,12730,15034,14484,12373,16785,17993,11856,7614.4,8370.4,17864,18483,20231,21199,20693,17811,16794,15214,12980,8068.5,12632,13141,12997,12699,17467,16655,20393,20809,21035,20045,22182,2702.4,11883,3594.3,4285.4,4620.3,835.08,7780.1,10178,15072,18200,18007,12968,11649,10010,9946.3,9020.5,9504.1,10108,10908,11660,12553,11815,10315,11326,11996,11981,11308,10984,13428,11707,7950.1,7720.7,8590.1,7871.6,4229.1,11549,10927,11353,7619.4,7365.2,11097,9134,10053,6383.5,8831.3,9926.6,2079,4219.7,5273.8,12020,9547.9,11119,11138,9942.8,10763,11128,11813,11797,10168,13279,14674,12242,11660,11543,14237,7652,8684.3,7526.8,10684,10736,8974.9,10003,7744.5,8966.1,10886,6948.1,7399.5,5810,4716.2,9967.8,9978.7,12591,14621,15430,605.12,9481.9,9581.9,12367,8642,4032.2,10425,15307,15773
8388,11092,10889,8565,9477.3,10209,9839.1,15154,15425,16308,14915,15822,9439.4,8048.2,10754,11643,11580,5482.9,10699,9263.3,8334.8,6719.9,11237,9763.6,12105,17453,11555,12050,10845,9591.2,8367.5,11353,8229.7,9466.3,9447.6,14862,12092,11402,19978,11910,13140,16590,14684,17449,14682,14356,16485,13677,15029,12712,15659,15302,12964,18660,15366,15376,12687,12613,14199,14390,11974,17711,18022,13833,9152.4,6373.2,16911,18769,21539,21492,23351,19328,15355,14146,12370,8323.5,13413,12948,14192,13107,16565,17178,18261,20983,20087,19778,23762,4902.4,13702,5581.8,7646.1,5764.1,1606.8,8011.6,11275,16017,17379,18342,11083,11154,10234,9971.2,8320.4,9591.4,10932,10711,10305,11962,12029,9875.3,11699,11738,11032,12125,10879,13402,12149,6216.7,7713.7,7659,8506.1,3610.6,9982.2,9588,9210.3,8028.1,6011.2,9124.2,9073.5,9428.7,6040.6,6234,8429,528.91,1884.7,1652.4,9050.3,9960,11432,11679,12294,11148,10602,12155,11117,11624,12182,13705,13276,12362,13666,15679,8056.5,9014.2,8001,10769,11040,11188,10634,8480.8,9151.2,11249,8375.7,7118.8,7037.7,5894,9205.3,10511,12649,14762,17098,1909.8,9039.7,9112.2,10805,6595.5,4724.5,8612.5,15559,15616,8909,9862.9,9605.3,8608.2,8693.2,9398,9583.9,16951,14186,16806,13659,17225,9578.9,9059.7,10180,9804,9948.5,7446.8,8957.6,10622,10590,8216.1,11065,9327.2,12904,17664,11969,12018,12060,9361.6,7853.9,10591,8129.7,9718.3,9671.3,13713,12105,11123,19433,12073,12729,17158,15331,17624,12705,13277,14482,12621,15659,14138,17343,14376,12364,19048,15782,16419,12652,12671,15056,14445,12345,16778,17922,11789,7592.7,8339.7,17812,18452,20207,21138,20671,17745,16807,15194,12969,8052.4,12579,13135,13070,12697,17445,16655,20349,20846,20959,20002,22134,2711.9,11819,3582.5,4251.7,4642.7,835.75,7729.2,10185,15037,18131,17962,12956,11664,10028,9854.9,9026,9479,10105,10878,11634,12523,11731,10279,11319,11970,12062,11379,11001,13399,11689,7937,7708.8,8581.9,7900.1,4233,11540,10896,11359,7620.5,7376,11042,9147,9999,6359.5,8804.3,9893.3,2074.3,4233.7,5264.2,11971,9564.7,11102,11102,9967.4,10771,11103,11786,11780,10180,13236,14633,12208,11610,11501,14237,7668.7,8715,7559.4,10685,10664,9024.2,10008,7803.6,9020.1,10839,6949.4,7431.5,5771.9,4729.6,9940.4,10040,12484,14653,15357,602.76,9511.4,9580.3,12342,8654.8,4024.4,10402,15277,15797
8400.1,11079,10892,8551.7,9463.6,10194,9820.2,15163,15426,16306,14937,15810,9440.7,8098.4,10748,11647,11519,5495.5,10714,9202.4,8270.7,6688,11241,9772.9,12154,17466,11579,12044,10883,9538.1,8341.6,11305,8237,9522,9481.5,14840,12044,11351,19934,11878,13027,16550,14708,17448,14664,14258,16435,13678,14989,12717,15671,15294,13024,18676,15368,15402,12669,12655,14159,14332,12027,17725,18069,13874,9168.2,6402.5,16907,18834,21525,21590,23333,19327,15294,14147,12410,8351.1,13433,12920,14165,13118,16543,17232,18241,20990,20042,19787,23793,4883,13719,5576,7655.6,5816.9,1598.1,8052.6,11266,16002,17393,18367,11095,11159,10214,9989.4,8305.2,9616.3,10977,10747,10289,11980,12037,9911,11674,11765,11053,12108,10801,13379,12149,6222.5,7722.3,7680.5,8509.9,3630.2,9980.8,9625.9,9235.9,8047.4,5999.1,9130.8,9096,9433.9,6046.8,6240.5,8450,530.28,1899.4,1652.1,9082.6,9940.9,11476,11722,12295,11153,10577,12126,11097,11617,12164,13741,13286,12395,13701,15703,8103.5,9072.3,8122.7,10718,11013,11134,10634,8534.5,9195.6,11201,8362.8,7173.9,7059.2,5898.8,9196.9,10535,12624,14775,17094,1936.9,9030.6,9149.5,10824,6565.9,4749.1,8591.4,15494,15651,8900.4,9871.8,9644.4,8598.2,8691.2,9345.2,9559.5,16997,14212,16808,13642,17265,9572.4,9075.6,10218,9795,9904.6,7410.7,8922,10534,10495,8147.3,11067,9287.4,12922,17662,11896,12046,12109,9361.1,7871.6,10537,8163,9734.3,9684.8,13687,12095,11140,19451,12105,12698,17123,15368,17631,12701,13192,14448,12619,15643,14100,17367,14401,12384,19062,15761,16461,12647,12714,15009,14484,12365,16808,17952,11877,7625.2,8389.9,17837,18481,20175,21183,20691,17728,16804,15208,12982,8071.3,12615,13162,13174,12661,17441,16730,20383,20791,20969,20052,22175,2713.5,11877,3555.8,4268.2,4643.6,836.79,7776.5,10140,15058,18161,17993,12952,11660,10014,9896.1,9053.4,9486.4,10101,10875,11668,12522,11792,10262,11250,11992,12085,11336,11045,13406,11683,8029.9,7733.2,8599.9,7909.2,4231.6,11583,10876,11362,7647.7,7409.1,11033,9153.4,10002,6372.1,8815.5,9912.8,2082.1,4236.1,5273.3,12034,9523.6,11126,11139,9973,10788,11134,11800,11795,10118,13250,14666,12220,11649,11551,14200,7652.4,8662.2,7570.9,10642,10690,8976.4,10029,7815.1,8931.9,10929,6933.9,7352.5,5800.6,4702.5,9961.8,9974.9,12537,14640,15407,613.11,9503.4,9536.6,12372,8645.7,4013,10425,15228,15780
8400.6,11038,10939,8558.4,9496.7,10215,9836,15161,15432,16376,15012,15817,9488,8088.8,10701,11678,11541,5502,10705,9203.5,8291.4,6703.7,11269,9733.2,12128,17458,11547,12059,10871,9503.3,8313.7,11313,8207.1,9502.8,9442.4,14798,12001,11383,19964,11876,13071,16582,14746,17482,14674,14255,16463,13692,15013,12702,15613,15257,13016,18734,15377,15378,12687,12485,14256,14488,11996,17732,18043,13908,9198.9,6352.6,16909,18836,21549,21528,23308,19350,15311,14187,12441,8341.2,13419,12912,14173,13128,16626,17226,18217,21012,20084,19775,23774,4897.1,13639,5556.2,7663.4,5835,1570.6,8044.5,11305,16005,17396,18348,11136,11172,10225,9959.9,8353.4,9581.9,10969,10743,10227,12000,12029,9951.4,11754,11717,11022,12066,10851,13424,12121,6232.1,7719.2,7643.5,8514.3,3622,9974.9,9554.8,9215.9,8065.9,6005.5,9106,9062.5,9406.5,6054,6229.7,8438.9,527.72,1889.9,1647.1,9101.3,9946.6,11485,11701,12299,11147,10596,12112,11131,11631,12166,13755,13283,12390,13704,15719,8167.7,9084,8102.8,10741,11001,11150,10618,8568.5,9197.5,11233,8388.3,7184.8,7092.3,5909.4,9229.3,10529,12607,14767,17087,1891,9101.7,9187.8,10848,6568.3,4731.1,8564.7,15573,15616,8899.1,9867.1,9593,8610.9,8682.9,9334.7,9531.8,16993,14193,16835,13633,17236,9592.3,9092.4,10183,9795.1,9872.9,7414,8907.8,10513,10506,8178.2,11041,9281.5,12933,17651,11944,12001,12047,9311.8,7854.2,10612,8104.3,9792,9711.2,13728,12106,11124,19470,12112,12705,17124,15352,17652,12693,13219,14463,12603,15657,14091,17371,14417,12374,19068,15777,16437,12615,12638,14997,14457,12342,16749,17903,11829,7674.4,8403.5,17777,18442,20170,21135,20643,17754,16760,15204,12961,8031.9,12540,13139,13050,12640,17383,16681,20327,20831,20961,20079,22134,2724.2,11820,3565.6,4280.8,4621.5,832.26,7773.2,10285,15063,18133,17947,12927,11650,10018,9955.3,8976.9,9489.2,10082,10883,11675,12572,11700,10267,11293,12000,12022,11245,11045,13432,11678,7995.7,7726,8592.9,7907.6,4229.5,11598,10884,11326,7639.8,7405.7,11076,9085.2,9980.4,6374.8,8812.8,9871.9,2074.7,4260.4,5275.8,11987,9519,11107,11114,9952.2,10787,11150,11792,11786,10125,13281,14654,12190,11662,11543,14197,7667.1,8672.6,7553.1,10595,10683,8937.9,9997.3,7779.8,8908.8,10874,6929.7,7362.3,5840.4,4694.4,9946.3,10030,12496,14598,15347,616.29,9561.6,9534.7,12382,8683,4003.6,10368,15260,15809
8408.2,11107,10935,8578,9499.2,10210,9867.2,15158,15420,16344,14915,15864,9499.1,8118.4,10735,11678,11551,5518.7,10770,9251.2,8295.8,6750.2,11290,9796.6,12121,17386,11566,12035,10855,9531.9,8368.7,11319,8226.4,9485.7,9379.2,14862,12041,11392,19979,11919,13070,16637,14736,17506,14696,14323,16487,13702,15047,12719,15640,15301,12981,18752,15403,15448,12627,12541,14141,14404,11951,17742,18018,13805,9135.8,6357.5,16909,18734,21522,21446,23340,19286,15352,14167,12342,8335.9,13402,12908,14191,13156,16666,17193,18337,21026,20097,19783,23743,4891,13713,5530.4,7666.4,5799.2,1547.5,8039.6,11399,16057,17415,18326,11065,11169,10250,9934.7,8237.6,9546.6,10949,10730,10300,11968,12026,9930.6,11696,11712,11008,12050,10840,13417,12150,6223.8,7704.9,7650.9,8513.9,3616.3,9956.4,9582.1,9237.5,8018.2,6017.4,9105.8,9097.1,9413.9,6040.7,6234.3,8416.5,530.23,1889.9,1656.2,9049,9979.1,11425,11644,12309,11160,10611,12162,11152,11665,12206,13728,13266,12390,13661,15732,8110.5,9022.1,8050.6,10820,11063,11199,10627,8529.9,9179.4,11225,8407.9,7145.1,6934.7,5861.8,9227.7,10535,12616,14762,17081,1907.9,8981.3,9151.8,10822,6575.5,4720.9,8545.7,15530,15625,8893.7,9888,9621.3,8611.8,8711.3,9371.6,9605.3,16972,14187,16829,13695,17213,9609.7,9052.2,10189,9804.3,9911,7444,8943.1,10558,10534,8226.9,11106,9268.2,12880,17577,11939,11998,12028,9325.4,7842.6,10626,8153,9763.3,9651.5,13708,12104,11150,19429,12091,12755,17174,15380,17651,12702,13180,14471,12583,15678,14137,17347,14388,12391,19076,15805,16425,12674,12751,15035,14540,12297,16793,17920,11851,7601.2,8353.3,17736,18378,20133,21056,20608,17679,16777,15195,12916,8005.5,12515,13124,13030,12625,17435,16612,20281,20919,20939,20058,22061,2701,11812,3565,4277.2,4645.1,845.71,7720.6,10153,15060,18097,17893,12944,11630,10012,9835.9,8996.9,9467.4,10119,10874,11655,12550,11727,10276,11306,11965,12030,11304,11042,13437,11688,7901.4,7748,8570.6,7922.6,4244.3,11535,10905,11329,7626.2,7401.8,11016,9096.7,9980,6381.6,8788.1,9856.9,2068.6,4228.2,5261.1,11968,9558.9,11079,11103,9930.1,10790,11129,11775,11736,10189,13287,14632,12178,11608,11460,14256,7661.2,8686.3,7555.2,10667,10666,8979.5,10008,7774.8,8970.5,10880,6955.4,7348.7,5818.2,4683.9,9901.9,9989,12511,14606,15332,608.96,9513.4,9559,12374,8650.5,4006.4,10390,15315,15791
8406.4,11189,10936,8551.5,9488,10209,9855.2,15137,15430,16297,14920,15895,9441.5,8041.8,10800,11660,11578,5495.5,10754,9308.2,8312.4,6746.4,11307,9826.1,12156,17395,11597,12061,10887,9587.6,8365.2,11332,8215.6,9504.7,9484.7,14911,12055,11344,20013,11864,13043,16630,14718,17473,14703,14395,16536,13723,15076,12784,15668,15289,12998,18710,15415,15410,12663,12463,14134,14401,12006,17700,18079,13799,9133.6,6318,16961,18767,21549,21527,23396,19296,15434,14177,12333,8345.3,13439,12904,14125,13126,16714,17158,18337,21018,20076,19767,23807,4891.9,13722,5596.5,7629.8,5802.1,1571.6,8081.3,11383,16058,17451,18299,11061,11127,10246,9956.9,8279.4,9591,10905,10714,10293,11988,12039,9978.9,11696,11754,10987,12106,10813,13423,12153,6228.7,7746,7662.6,8496.4,3626.5,9993.1,9610.8,9244,8036.4,5992.6,9145.5,9060.8,9433.8,6039,6235.7,8426.1,526.04,1895.6,1654.4,9061,9955.2,11369,11721,12373,11162,10629,12147,11201,11671,12167,13714,13296,12395,13676,15760,8087,9064.3,8084.2,10839,11046,11210,10646,8543.9,9149.1,11248,8397.7,7159.9,6870.9,5905.6,9218.7,10511,12642,14852,17152,1883,9029.4,9201.5,10837,6588.2,4748.2,8581.9,15543,15591,8887.4,9900.2,9615,8602.1,8707,9373.3,9618.9,16978,14203,16844,13700,17222,9571.4,9014.5,10228,9836.8,9892.3,7449.8,8963.7,10598,10598,8200.1,11054,9276.9,12887,17632,11954,12048,12049,9402.8,7887.2,10635,8202.2,9767.8,9618.3,13713,12095,11151,19472,12083,12739,17210,15329,17620,12734,13207,14479,12671,15697,14150,17360,14422,12407,19091,15822,16382,12651,12681,14924,14467,12322,16742,17940,11800,7592.7,8372.5,17810,18443,20158,21105,20639,17711,16784,15258,12987,8055.3,12572,13130,13102,12642,17516,16677,20359,20848,21008,20008,22144,2702.9,11794,3589.2,4259.7,4642.7,827.66,7710.5,10147,15116,18110,17921,12940,11615,9995.2,9871.9,8993.8,9457.6,10099,10877,11688,12521,11761,10382,11313,12003,12068,11276,11075,13409,11673,7978.8,7703.7,8544.8,7894.6,4219.5,11538,10856,11358,7664.9,7395.1,11027,9124.7,9991.9,6373.4,8814.6,9891.3,2066.1,4216.1,5271.2,11955,9572.8,11100,11069,9958.3,10800,11104,11797,11765,10200,13261,14635,12196,11624,11459,14282,7671.2,8712.8,7551.9,10730,10660,8987.7,10039,7762.4,8959.4,10888,6953.8,7343.6,5819.6,4735.5,9915.1,10023,12479,14630,15374,605.38,9486.3,9554.3,12391,8634.8,4005.8,10368,15340,15787
8385.6,11125,10945,8555.4,9484.7,10202,9850.7,15142,15428,16280,14936,15855,9433.7,8048.8,10792,11665,11571,5490.6,10724,9284.7,8247,6684.5,11252,9793.6,12151,17408,11559,12055,10890,9568.1,8330.2,11289,8209.9,9462.2,9448.7,14875,12074,11385,20017,11894,12993,16587,14693,17455,14700,14371,16536,13720,15029,12775,15649,15289,13003,18664,15391,15397,12630,12580,14150,14378,11995,17735,18052,13863,9193.1,6326.2,16952,18812,21531,21519,23367,19294,15400,14122,12358,8297.9,13419,12886,14112,13178,16630,17172,18323,21000,20065,19750,23796,4912.3,13742,5586.2,7646.6,5809.7,1577.8,8071.3,11356,16019,17423,18287,11110,11139,10222,9976.2,8328.3,9604.1,10936,10748,10265,11975,12019,9921.1,11698,11778,10959,11983,10823,13381,12134,6175,7712.3,7651.2,8507.1,3626.2,9972.6,9628.3,9226.5,8048.2,6010.7,9132.8,9088.1,9421.3,6019.9,6230.4,8442.2,529.91,1902.1,1654.1,9035.3,9932.2,11409,11726,12277,11148,10606,12158,11174,11630,12166,13713,13314,12391,13685,15765,8119,9076.3,8074.2,10824,11062,11209,10616,8482.8,9167.5,11263,8366.5,7139.5,6973.8,5919.8,9153.9,10503,12659,14844,17170,1856.4,9039.3,9162.5,10830,6613.3,4746.1,8592.8,15527,15613,8887.7,9869.1,9643.3,8589.6,8681.2,9363.2,9594.5,17001,14197,16798,13673,17263,9551.8,9060.1,10238,9829.3,9906.1,7448,8924.6,10584,10621,8197.3,11030,9294.3,12892,17660,11958,12037,12128,9423.9,7844.2,10584,8188.8,9780,9737.9,13703,12066,11152,19455,12067,12728,17174,15310,17641,12747,13223,14503,12670,15727,14144,17379,14393,12410,19047,15782,16417,12674,12700,15032,14430,12389,16813,17969,11804,7645.9,8386.9,17857,18457,20212,21173,20688,17790,16772,15239,12966,8058.1,12593,13144,13108,12632,17482,16728,20405,20768,21035,20025,22184,2695.3,11843,3606.8,4269.9,4652.2,833.94,7747.2,10227,15081,18162,17976,12915,11669,9988.3,9830.2,8997.3,9423.1,10050,10863,11714,12495,11746,10316,11364,11974,11951,11276,11043,13426,11677,8063.4,7763.5,8593.5,7876.4,4220.2,11535,10870,11359,7640.8,7409.5,11055,9141.7,10010,6358.4,8822.2,9917.7,2075.2,4224.6,5272.8,11986,9535.9,11117,11092,9930.8,10809,11116,11834,11762,10159,13271,14646,12226,11651,11527,14304,7623,8661.5,7588.4,10699,10644,9015.5,10033,7791.6,9015.3,10882,6923.3,7347.1,5782.6,4697.3,9945.4,9979.3,12464,14627,15410,606.99,9526.2,9549.9,12380,8651.6,4009.1,10378,15307,15735
8404,11096,10905,8560.9,9485,10218,9876.9,15132,15415,16299,14934,15818,9454.4,8048,10793,11676,11563,5511.4,10743,9261.6,8295.7,6698.6,11259,9784.8,12151,17404,11590,12071,10900,9577.3,8370.6,11316,8166.1,9478.5,9455.7,14914,12040,11417,19970,11850,12985,16617,14677,17464,14704,14348,16507,13703,15043,12793,15648,15262,12963,18594,15359,15388,12646,12459,14152,14385,11994,17721,18015,13821,9143,6362.4,16915,18865,21555,21526,23377,19284,15371,14120,12357,8332.3,13439,12898,14076,13129,16590,17172,18268,21014,20098,19760,23782,4910.6,13769,5551.6,7643.1,5834.2,1586.4,8054,11329,16031,17419,18345,11043,11144,10213,9945.1,8265.2,9539.4,10940,10696,10226,11948,12004,9896.8,11728,11769,10978,12058,10870,13378,12166,6166.1,7743.9,7679.3,8492.3,3612.2,9956.1,9570.4,9207.5,8014.2,5980.8,9116.1,9058.7,9445.6,6004.1,6221.6,8465.7,530.15,1893.1,1654.3,9075.8,9966,11444,11731,12339,11161,10609,12166,11182,11640,12183,13734,13289,12401,13702,15765,8085.3,9031.5,8060.9,10770,11066,11181,10647,8562.6,9185,11242,8375,7146.1,6927.8,5918.7,9159.1,10510,12632,14809,17143,1852.5,9069.3,9144,10811,6588,4744.6,8615.7,15522,15608,8907.7,9909.7,9624.7,8604.8,8679.8,9363.5,9610.4,16990,14201,16816,13645,17275,9574.3,9060,10250,9813,9897.6,7468,8941.4,10572,10598,8210.8,11063,9319.2,12901,17652,11967,12055,12133,9414.7,7857.5,10618,8127.3,9785.9,9718.5,13728,12063,11149,19430,12093,12703,17109,15295,17624,12757,13307,14492,12617,15707,14156,17341,14373,12353,18973,15764,16414,12645,12673,15013,14463,12319,16791,17986,11819,7627.4,8419.8,17859,18483,20180,21180,20701,17788,16815,15239,12960,8062.1,12601,13161,13096,12760,17535,16661,20406,20819,21036,20043,22183,2730.9,11854,3578,4307.6,4623.5,845.43,7761.2,10198,15066,18171,17997,12927,11639,10018,9800.8,9050.7,9484.5,10112,10852,11635,12543,11761,10362,11331,11983,12026,11364,10998,13393,11692,7939.4,7708.5,8577.8,7898.7,4197.1,11526,10963,11331,7594.1,7409.1,11010,9127.6,10017,6381.2,8796.1,9934.6,2077.4,4236.2,5282.1,12026,9552.4,11105,11121,9952.4,10812,11138,11816,11809,10190,13333,14653,12230,11660,11549,14297,7638.7,8661.9,7539.4,10714,10737,9008.2,10053,7768.6,9036.1,10944,6926.5,7343.7,5803.8,4716.6,9951.8,10030,12483,14669,15408,611.69,9456,9610.4,12388,8645.2,4021.7,10337,15322,15740
8392.6,11163,10924,8561.1,9470.6,10211,9831.4,15103,15437,16242,14951,15761,9442,8108.6,10778,11631,11540,5522.8,10689,9203.6,8303.9,6710.8,11334,9810.1,12186,17445,11572,12146,10871,9557.5,8367.2,11343,8178.9,9502.8,9526.9,14880,11998,11392,19948,11890,12983,16552,14723,17480,14702,14282,16483,13678,15009,12767,15614,15230,12976,18600,15363,15358,12688,12513,14163,14439,11980,17746,18040,13859,9219.1,6357.5,16957,18873,21575,21614,23354,19319,15348,14149,12407,8378.8,13466,12917,14153,13135,16648,17285,18246,21021,20093,19789,23842,4928.7,13698,5560.3,7666.2,5815.4,1595.7,8075.2,11331,16034,17422,18401,11066,11183,10193,9977,8295,9592.6,10924,10713,10299,11985,12022,9924.9,11643,11764,10938,12074,10790,13409,12188,6194.3,7761.6,7693.5,8481.4,3616.4,9981,9574,9241.9,8090.3,5994.8,9131.5,9078.3,9456.2,6023,6218.3,8469.9,531.76,1892.3,1654,9131.4,9952.5,11467,11772,12342,11154,10600,12160,11122,11654,12147,13757,13296,12394,13751,15763,8074.6,8974.6,8111.4,10779,11060,11154,10677,8512.1,9123.4,11284,8398.3,7227.3,6983.2,5949.1,9192,10531,12666,14807,17139,1865.7,8984.9,9160,10806,6594.5,4728.5,8588,15592,15616,8892.4,9893.1,9628,8600.1,8670.9,9359.3,9595.3,16988,14182,16836,13651,17228,9565,9016.9,10218,9828.6,9908.1,7453.5,8921.2,10552,10548,8192.7,11062,9304.6,12910,17654,11970,12064,12100,9373.8,7839.8,10632,8130.6,9852.1,9744.3,13759,12101,11151,19460,12085,12687,17137,15323,17626,12729,13261,14460,12557,15682,14118,17340,14395,12403,19019,15751,16387,12634,12701,15107,14512,12350,16753,17962,11836,7622.9,8383.5,17862,18489,20190,21210,20727,17744,16770,15230,12977,8052.9,12570,13159,13067,12723,17431,16715,20367,20834,20988,20043,22143,2708.9,11781,3560.2,4306.1,4648.7,838.66,7781.6,10194,15101,18202,17968,12947,11622,10005,9873.7,9002,9493.6,10076,10883,11641,12537,11815,10267,11342,12019,12065,11330,11057,13405,11715,7985.5,7721.2,8585.7,7873.7,4188.7,11576,10931,11342,7647.2,7387.8,11016,9105.3,9976.5,6375.5,8802.4,9912.8,2070.4,4229.1,5268,12040,9518.1,11120,11151,9954.2,10786,11145,11814,11815,10175,13278,14669,12204,11647,11549,14232,7635.2,8675.1,7520,10696,10750,8964.8,10054,7716.6,8918.1,10904,6936.8,7385.8,5814.7,4724.9,9915.6,9999.6,12530,14644,15376,602.9,9528.5,9589.7,12389,8630.2,4012.6,10424,15302,15779
8391.1,11099,10929,8536.9,9472.5,10193,9840.7,15100,15404,16279,14923,15732,9458.8,8069.3,10767,11650,11564,5496.6,10686,9215.6,8324.3,6749.6,11319,9806.9,12152,17434,11583,12064,10872,9543,8333.4,11375,8244.6,9513.3,9506.4,14856,11996,11386,19950,11908,13032,16547,14685,17436,14667,14271,16472,13708,14994,12720,15542,15254,12954,18563,15365,15418,12661,12633,14211,14390,12018,17708,18074,13932,9200.1,6382.2,16927,18818,21542,21620,23313,19357,15336,14152,12379,8320.4,13461,12903,14133,13160,16642,17217,18221,20981,20089,19762,23798,4908.3,13639,5551.2,7658.9,5807.3,1597.1,8061.8,11300,16010,17315,18354,11105,11167,10236,9947.8,8271.1,9589.4,10950,10758,10268,11946,12030,10004,11683,11764,10946,12076,10808,13394,12132,6171.8,7745.1,7651.2,8500.8,3615.4,9982.5,9585.1,9223.4,8075.7,5978.9,9111.4,9082.2,9462.4,6029.8,6215.5,8437.2,525.12,1883.9,1654.6,9068.9,9940,11444,11771,12319,11161,10582,12131,11132,11660,12168,13742,13291,12373,13712,15736,8120.9,9059.2,8027.8,10795,11035,11133,10653,8480,9191,11228,8372.8,7184,6943.5,5957.2,9200.4,10539,12626,14783,17125,1917.5,9011.1,9166.1,10823,6613.1,4738.5,8591.4,15525,15573,8890,9948.4,9622.4,8619.1,8707.5,9368.2,9581.4,16964,14188,16815,13648,17244,9595.5,9071.1,10200,9813.2,9884.9,7440,8934.9,10515,10520,8215.6,11090,9330.4,12901,17674,11958,12017,12053,9354.8,7830.8,10613,8097.6,9785.1,9681.6,13780,12126,11163,19461,12080,12687,17155,15312,17618,12702,13100,14470,12579,15604,14112,17368,14398,12400,19048,15799,16403,12603,12768,15049,14465,12325,16715,17903,11823,7620.1,8374.2,17810,18440,20186,21183,20683,17692,16745,15207,12952,8041.4,12580,13141,13008,12723,17470,16689,20312,20815,20974,20017,22120,2692.3,11781,3582.7,4268.7,4658.4,838.96,7775.6,10120,15092,18143,17979,12947,11657,10039,9850.6,9004.2,9436,10100,10853,11656,12511,11765,10319,11285,12004,12064,11338,11071,13420,11679,7935.8,7728.6,8583.4,7859.8,4223.6,11534,10872,11348,7647.8,7372.5,11014,9099.1,9981.9,6360.7,8820,9899.8,2082.1,4235.6,5254.4,12015,9537.1,11111,11142,9912.2,10788,11132,11793,11762,10150,13271,14659,12195,11624,11516,14230,7641.7,8667,7580.6,10660,10727,8952.1,10039,7778,9043.2,10933,6953.7,7434.6,5838.3,4711.6,9901.8,10002,12520,14627,15340,609.4,9546.2,9532.7,12370,8646.4,4008.3,10456,15210,15764
8420.1,11089,10931,8578.6,9490.6,10200,9827.4,15129,15402,16286,14918,15759,9458.7,8072.9,10785,11666,11581,5490.3,10713,9258.8,8270.3,6733,11283,9825.7,12143,17392,11533,12046,10887,9553.8,8338.6,11318,8217.5,9513.7,9418.2,14864,12054,11411,19984,11892,13080,16600,14659,17437,14693,14323,16503,13719,15037,12734,15592,15282,12989,18614,15372,15361,12694,12543,14110,14344,11944,17750,18077,13870,9212.9,6348.7,16882,18783,21563,21545,23348,19290,15329,14126,12331,8282.6,13421,12916,14141,13109,16627,17183,18206,20967,20077,19739,23772,4880,13710,5600.7,7640.4,5821,1580.2,8040.6,11274,16025,17315,18309,11064,11144,10269,9972.3,8233.5,9612,10962,10767,10253,11943,12001,9930.6,11645,11706,10979,12068,10889,13381,12133,6219.4,7733.3,7652.8,8507.2,3603.9,9954.6,9602,9230.1,8022.1,5985.8,9097.6,9063.6,9421.6,6032.4,6209.9,8428,522.07,1882.8,1642.4,9029.6,9909.9,11419,11698,12282,11134,10579,12175,11173,11621,12151,13696,13305,12389,13686,15766,8087.6,9092.6,8073.9,10761,11026,11185,10593,8492.4,9101.3,11234,8398.1,7144.5,7065,5864.8,9236.1,10450,12641,14805,17095,1883.2,9069.1,9171.8,10804,6605.7,4764.5,8588.5,15503,15608,8917.5,9873.4,9643.7,8614.9,8713,9381.8,9602.7,17013,14187,16809,13660,17274,9610.3,9046.8,10214,9840.2,9905.3,7447.2,8901.6,10572,10592,8214,11074,9303.9,12912,17690,11989,12067,12015,9353.4,7868.6,10614,8157.6,9776.5,9652.3,13765,12120,11152,19467,12063,12696,17141,15347,17633,12681,13122,14479,12617,15637,14124,17367,14394,12420,18997,15799,16379,12658,12824,15096,14441,12361,16799,17945,11853,7607.7,8375.1,17811,18454,20235,21163,20700,17771,16777,15219,12907,8080.9,12563,13130,13045,12641,17414,16680,20295,20826,20995,20037,22168,2727.2,11823,3577.6,4287.1,4643.7,844.78,7752.5,10097,15068,18123,18007,12978,11697,10015,9868,9031.1,9477.1,10100,10899,11642,12523,11732,10276,11275,11995,12018,11375,11023,13398,11654,7976,7708.1,8583.3,7866.2,4244.5,11555,10918,11335,7638.9,7369.7,11052,9099.2,10014,6386,8820.3,9913.1,2079.2,4227.4,5263.3,11986,9555.2,11118,11111,9944.5,10813,11106,11777,11770,10155,13267,14674,12213,11648,11503,14313,7654.7,8732.8,7537.4,10650,10702,8998.9,10023,7777.1,9027.4,10907,6948,7379,5810.6,4745.8,9943.2,10055,12495,14634,15342,610.02,9550.5,9578,12385,8654.9,4036.5,10336,15309,15832
8380.2,11051,10934,8569.9,9493.3,10199,9842.6,15159,15449,16274,14916,15774,9465.8,8104.5,10783,11657,11532,5491.9,10706,9229,8265,6710.8,11286,9835.5,12171,17401,11561,12063,10879,9546.1,8361.7,11377,8214.9,9470.7,9401.6,14885,12014,11374,20036,11898,13062,16601,14715,17478,14718,14324,16510,13706,15047,12778,15656,15260,12998,18700,15371,15399,12704,12490,14122,14347,11978,17783,18040,13869,9131.5,6362.7,16918,18815,21543,21534,23333,19304,15306,14135,12369,8322.1,13412,12919,14105,13040,16523,17157,18229,21007,20057,19800,23792,4888.9,13737,5555.2,7648.7,5815.5,1580.9,8005.5,11367,16060,17401,18333,11042,11189,10241,9999.3,8304.2,9613.3,10967,10724,10259,11975,11988,9907.9,11702,11757,11036,12140,10902,13402,12157,6214.8,7769.2,7671.4,8485.8,3610.2,9966.7,9585.7,9218.7,8009.8,5989.1,9111.9,9055.4,9415.2,6039,6194.3,8437,533.1,1882.6,1649.9,9054.8,9903.5,11417,11711,12313,11134,10597,12159,11194,11574,12172,13720,13316,12377,13702,15784,8099.5,9003.6,8081.5,10792,11050,11137,10601,8565.9,9125,11272,8406.4,7142.2,6978.3,5902,9188.4,10530,12632,14804,17059,1873.1,9038.4,9145.8,10793,6596.2,4754,8565.3,15549,15612,8885.5,9882.1,9641.7,8609.5,8695.3,9379.5,9581.3,17028,14205,16851,13619,17263,9559.6,9075.5,10238,9812.3,9870,7444.6,8920.2,10570,10588,8199.4,11063,9316.4,12879,17674,11986,12086,12113,9358.4,7844,10622,8161.6,9798,9663.7,13754,12147,11153,19475,12122,12749,17151,15372,17642,12740,13195,14481,12557,15675,14124,17338,14375,12402,19011,15766,16403,12662,12735,15032,14480,12338,16779,17982,11848,7584.3,8364.2,17825,18466,20218,21158,20713,17751,16776,15210,12933,8045.3,12565,13126,12999,12686,17436,16652,20348,20802,21014,20052,22181,2730.4,11822,3609.3,4272.2,4624.6,822.9,7725.8,10162,15096,18105,17988,12974,11648,10055,9861,9045.3,9477.9,10093,10881,11689,12540,11791,10261,11320,11974,11987,11256,11075,13400,11684,8008.6,7767.3,8580.7,7888.5,4225.6,11595,10919,11331,7673.8,7363.3,11030,9099.2,9998.9,6380.5,8811.5,9906.6,2077.6,4221.7,5264,11984,9532.9,11120,11120,9937.6,10766,11111,11809,11794,10151,13284,14667,12229,11646,11539,14287,7629.8,8695.8,7577.4,10640,10669,9018.4,10013,7790.4,9001.9,10903,6949.4,7375.3,5772.5,4723.3,9902.8,10028,12496,14642,15355,597.45,9498.5,9591.7,12377,8654.2,4026.7,10404,15313,15801
8402.1,11101,10898,8542.7,9480.1,10176,9799.1,15150,15405,16273,14941,15747,9479.3,8095.6,10738,11678,11561,5492.2,10718,9216.9,8260.3,6698.7,11286,9820.5,12170,17429,11578,12090,10854,9519,8377.1,11340,8215.5,9461.4,9482.6,14863,12041,11368,19966,11853,13069,16592,14697,17458,14682,14318,16483,13712,15022,12743,15602,15239,12956,18642,15397,15426,12613,12662,14125,14406,11993,17738,18064,13889,9177.3,6392.8,16957,18881,21521,21510,23333,19302,15335,14161,12386,8327.5,13397,12919,14168,13078,16550,17199,18238,20977,20046,19757,23758,4895.6,13691,5558.8,7612.1,5799.6,1591.8,8075.9,11302,16031,17386,18343,11083,11181,10227,9977.7,8309.6,9578.3,10951,10748,10295,11975,11992,9977.7,11656,11780,10953,12081,10862,13387,12157,6175.2,7745.2,7658.6,8523.4,3611.5,9987.3,9600.2,9194.6,8045.1,5986.8,9124.8,9069.2,9411.1,6021.6,6219.7,8427.8,534.47,1891.9,1653,9087.8,9915.5,11409,11731,12326,11122,10611,12126,11138,11620,12176,13720,13275,12378,13748,15765,8110.1,9024.5,8140.6,10742,11015,11164,10630,8510.6,9111,11248,8369.9,7133.9,6954,5923.7,9213.2,10503,12679,14788,17109,1900.5,9050.1,9153,10805,6595.6,4732.9,8588.3,15527,15594,8868.6,9884.3,9619.8,8593.6,8683,9367.3,9540.4,17020,14188,16843,13640,17236,9573.5,9054,10189,9804.3,9869,7426.2,8919.1,10577,10524,8171.1,11027,9322.3,12900,17624,11957,12053,12092,9354.4,7843.1,10608,8085.7,9791.3,9666.4,13698,12114,11156,19437,12098,12683,17131,15320,17636,12684,13131,14465,12614,15660,14130,17364,14404,12390,19061,15806,16423,12673,12789,15014,14453,12331,16760,17925,11832,7625.1,8405.5,17826,18457,20182,21184,20710,17749,16771,15221,12942,8035.4,12511,13155,13027,12743,17442,16721,20342,20812,21007,20043,22163,2712.6,11817,3579.2,4276.1,4646.6,831.16,7752.5,10180,15092,18200,17948,12941,11643,10020,9897.2,9061.7,9461.1,10084,10876,11656,12523,11808,10341,11307,11995,12032,11307,11074,13408,11662,7976.7,7720.8,8574.1,7868.4,4226,11541,10895,11344,7687.1,7406.4,11068,9116.4,9983.6,6373.2,8810.7,9890.8,2083.5,4226.3,5276.5,12003,9536.5,11110,11112,9959.9,10767,11154,11808,11760,10190,13296,14665,12210,11645,11556,14268,7665,8671.6,7567.1,10678,10695,8985.4,10019,7746.3,8977.7,10845,6958.1,7399.5,5802.7,4695.1,9929.9,10061,12486,14601,15370,601.39,9519.9,9599.9,12387,8627,4003.2,10400,15277,15805
8394.4,11130,10905,8558.4,9498.6,10211,9824.5,15140,15404,16308,14931,15781,9475.2,8105.6,10720,11675,11551,5498.8,10730,9300.2,8298.8,6722.1,11273,9805.5,12187,17434,11583,12094,10845,9519.9,8362.1,11345,8251.2,9469.9,9461.7,14824,12022,11355,19988,11857,13035,16589,14703,17469,14685,14274,16505,13690,15032,12688,15617,15254,12969,18629,15414,15442,12667,12489,14146,14373,11994,17741,18076,13872,9157.4,6381.8,16956,18850,21549,21558,23395,19314,15313,14148,12341,8318,13449,12893,14097,13091,16548,17212,18244,21017,20032,19745,23782,4893.4,13709,5563.2,7657.8,5803.3,1583,8096.9,11309,16010,17373,18347,11114,11153,10229,9975.4,8255.8,9626.1,10944,10733,10311,11968,12022,9933,11609,11734,11009,12064,10814,13386,12160,6199.6,7733.9,7645.1,8477.3,3602.3,9974.3,9621.4,9196.7,8068.8,5984.3,9102.9,9098.4,9423.4,6022.4,6233.2,8450,527.75,1893.4,1638.4,9068.2,9892.6,11404,11764,12361,11123,10610,12111,11116,11652,12133,13740,13292,12401,13761,15737,8132.6,9018.7,8118.1,10788,11012,11176,10671,8447.9,9147.2,11248,8400.7,7153.5,6856.5,5914.9,9188.9,10557,12630,14769,17063,1913,9052,9179.6,10813,6584.9,4741.7,8515,15540,15585,8890.8,9857.6,9621.3,8594.7,8715.4,9358.9,9590.5,17012,14203,16849,13662,17257,9593.2,9076.1,10182,9811.4,9905.7,7424.8,8904.2,10597,10543,8177.7,11039,9299.1,12919,17663,11912,12075,12063,9369.7,7847.3,10640,8187.7,9786.4,9647.5,13706,12123,11156,19456,12087,12778,17159,15310,17657,12689,13181,14470,12565,15652,14112,17393,14418,12411,19087,15808,16420,12659,12720,14969,14455,12348,16774,17953,11895,7635.1,8369.9,17830,18466,20222,21163,20731,17821,16759,15233,12974,8038.1,12553,13153,13002,12636,17421,16733,20325,20849,20952,20047,22147,2725.2,11838,3574.3,4283.2,4645.4,825.41,7770.8,10176,15059,18176,17971,12958,11680,10035,9918.6,9034.8,9475.8,10103,10895,11671,12538,11781,10335,11270,11988,12040,11366,11010,13398,11663,7990,7679.3,8579.9,7893.4,4228.2,11558,10903,11361,7697.6,7389.2,11011,9148.2,10009,6371.4,8839.8,9904.6,2082.5,4214,5266.4,11989,9510,11109,11137,9967.1,10755,11146,11795,11726,10166,13269,14667,12227,11685,11547,14240,7670.2,8688.4,7572,10666,10697,9009.3,10037,7753.2,9026.7,10841,6901.5,7390.6,5845.4,4734.1,9954,9928,12588,14613,15360,611.71,9513.5,9563.6,12395,8673,4011.2,10411,15309,15769
8388.5,11057,10877,8554.8,9476.1,10181,9808.4,15117,15406,16249,14834,15751,9430,8067.3,10726,11623,11496,5462.1,10689,9201.8,8261.1,6700.2,11238,9802.1,12171,17365,11559,12057,10856,9545.9,8359.8,11391,8236,9503.3,9455.4,14832,11996,11352,19996,11850,13046,16570,14700,17426,14667,14316,16496,13675,15014,12688,15596,15244,12983,18637,15387,15353,12676,12622,14213,14349,12013,17698,18045,13917,9141.3,6352.6,16905,18799,21571,21493,23335,19338,15275,14095,12299,8283,13394,12897,14083,13083,16498,17131,18155,20925,20007,19777,23786,4893.9,13708,5584.1,7623.8,5819.4,1568.4,8043.1,11205,15984,17353,18288,11095,11119,10221,9940.8,8321.4,9612.5,10928,10726,10286,11964,12045,9878.6,11636,11763,11003,12090,10776,13336,12132,6242.2,7742.8,7646,8483.2,3604.8,9983.9,9627.8,9191.3,8076.1,5983.6,9113.3,9054.1,9423.5,6034.4,6232.8,8393.2,530.65,1893,1641.5,9026.9,9884.4,11414,11678,12315,11158,10578,12109,11112,11610,12121,13677,13295,12386,13718,15741,8053.2,9029.5,8109,10703,11001,11171,10612,8562.1,9095.3,11283,8370.9,7145.4,6992.5,5875,9181.7,10471,12640,14814,16986,1855.4,9025.5,9179,10845,6597.7,4738.2,8624.8,15490,15614,8894.9,9874.4,9610.5,8595.9,8691.4,9350.8,9547.1,17018,14210,16868,13681,17313,9608.6,9083.6,10194,9822.6,9884.2,7425.5,8912.3,10560,10502,8175.6,11060,9325.5,12939,17713,11988,12131,12023,9406.7,7879.7,10694,8141.9,9843.1,9675.5,13729,12132,11171,19480,12077,12719,17165,15361,17674,12710,13191,14463,12562,15671,14110,17382,14399,12391,19041,15781,16393,12629,12736,15030,14465,12382,16836,18019,11918,7647.3,8386.1,17838,18489,20300,21209,20734,17859,16746,15217,13034,8070.3,12594,13137,13048,12686,17395,16789,20334,20911,21032,20080,22225,2706.2,11882,3584.7,4293.9,4666.6,828.59,7759.2,10233,15045,18190,18016,12971,11689,10009,9835.4,9092.4,9451.5,10087,10882,11653,12555,11744,10288,11266,12015,12014,11405,11061,13358,11622,7944.2,7708,8623.9,7884.5,4253.4,11599,10913,11349,7656.5,7357.3,11089,9145.1,10025,6385.1,8870.3,9900.1,2079.9,4234.7,5263.5,11979,9507.6,11160,11161,9912.6,10759,11159,11793,11739,10125,13303,14696,12241,11712,11542,14289,7651.9,8643,7525.9,10635,10701,8969.7,10028,7751.8,8998,10955,6931.6,7331.7,5780.2,4739.6,9930,10013,12539,14657,15375,617.07,9526.7,9623.2,12398,8708.1,4016.3,10420,15333,15879
8390.9,11088,10909,8558.4,9463.1,10192,9810.2,15090,15437,16262,14877,15692,9463.5,8082.1,10776,11659,11532,5489.8,10709,9207.1,8247.7,6668.9,11248,9792.1,12164,17391,11563,12057,10824,9514.4,8368.7,11293,8254.1,9507.1,9443,14854,12050,11390,19988,11901,13038,16569,14672,17442,14694,14357,16458,13667,15042,12683,15555,15254,12959,18648,15352,15364,12681,12469,14202,14338,11979,17712,18015,13830,9160.4,6378.9,16870,18762,21521,21484,23266,19268,15294,14156,12350,8309.4,13431,12869,14100,13104,16553,17127,18142,20942,19984,19747,23766,4885.7,13685,5573.3,7625.3,5779.1,1570,7977.2,11347,16022,17311,18267,11072,11155,10225,9986.1,8294,9600.6,11000,10731,10266,11956,12000,9931.1,11671,11755,10995,12071,10803,13353,12094,6221.1,7739.7,7664.6,8471.9,3615.3,9993.5,9573.9,9225.6,8060.8,6019.6,9122.2,9059.2,9452,6054,6232.6,8400,528.4,1899.1,1654.2,9033.8,9904,11451,11688,12312,11102,10582,12135,11146,11600,12157,13691,13266,12373,13675,15729,8079.2,9042.5,8072.7,10734,11024,11134,10604,8490.5,9146.1,11258,8394.4,7133,7093.3,5869.3,9191.7,10516,12615,14776,17075,1859.2,9040.1,9158,10802,6552.7,4713.9,8584,15505,15569,8892.7,9892.6,9617.3,8605.6,8702.3,9353.5,9615.1,16960,14173,16874,13651,17249,9603.7,9119.1,10203,9821.1,9846,7422,8902.6,10492,10462,8158.3,11034,9292.4,12962,17734,11982,12158,12038,9406.4,7877.7,10669,8249.8,9796,9732.7,13700,12122,11183,19456,12083,12731,17157,15401,17687,12770,13172,14466,12543,15716,14099,17331,14376,12371,19032,15791,16395,12685,12681,14997,14541,12388,16828,18011,11903,7631.2,8328.4,17848,18488,20306,21220,20776,17858,16751,15234,13050,8073.7,12611,13144,12960,12644,17378,16750,20350,20938,21036,20114,22237,2691.2,11898,3592,4286.7,4613.7,827.21,7782.3,10100,15081,18213,18050,12978,11674,10022,9785.5,9011.1,9478.3,10090,10901,11675,12555,11761,10287,11303,12026,11999,11372,11023,13402,11643,8019,7720.6,8607,7899,4253.2,11592,10926,11340,7666.2,7387,11052,9151.9,10031,6375.3,8845.1,9900.5,2082,4230.3,5265.7,12000,9503.8,11182,11172,9936.3,10772,11149,11795,11735,10148,13309,14686,12229,11703,11549,14273,7655,8659,7510.5,10643,10698,8971.6,10001,7783.4,9028.2,10942,6930,7334.5,5750.1,4689.5,9900.7,9952,12514,14644,15420,614.17,9486.1,9579.8,12357,8678,4033.4,10354,15358,15777
8387.9,11102,10915,8532.9,9470.2,10210,9817.3,15126,15454,16236,14943,15772,9430.4,8126.3,10762,11628,11555,5510.7,10732,9273.8,8285.1,6754.5,11288,9797.2,12129,17441,11548,12078,10780,9518.9,8362,11325,8204.4,9504.2,9477.1,14858,11993,11373,19962,11882,13018,16563,14691,17433,14688,14313,16489,13694,15042,12749,15587,15246,12983,18585,15368,15442,12629,12475,14132,14359,11965,17681,18018,13756,9125.6,6380.5,16889,18797,21544,21555,23313,19309,15324,14155,12359,8303.6,13402,12890,14173,13085,16622,17199,18241,20960,20028,19746,23790,4862.1,13666,5554.5,7602.2,5835,1569.5,8005.1,11338,16015,17372,18313,11019,11169,10245,9960.8,8283.7,9624,10943,10694,10259,11968,11977,9980.5,11728,11663,10980,12028,10755,13403,12117,6242.4,7719.8,7657.7,8468.7,3620.5,9997.3,9577.4,9221,8067.3,6026.2,9127,9077.7,9418.6,6043,6236.1,8439.3,535.26,1885,1654.7,9090.1,9960.7,11437,11712,12320,11156,10605,12131,11144,11649,12152,13720,13271,12357,13704,15707,8092.1,9006.8,8008.7,10753,10998,11206,10602,8526.5,9089.8,11249,8387.4,7106.9,6933,5907.1,9203.3,10620,12643,14797,17069,1874.3,9047.8,9135.7,10793,6606.9,4711.1,8579.4,15503,15552,8913.7,9883.3,9596.9,8611.4,8713.4,9359.8,9598.9,16990,14222,16835,13677,17274,9576.9,9061.5,10192,9829.9,9918.2,7440.9,8955.1,10526,10488,8190.6,11047,9337.6,12925,17746,11983,12133,12042,9367.6,7838.9,10664,8161.8,9785.9,9701,13716,12129,11190,19445,12089,12783,17128,15390,17664,12710,13115,14445,12611,15665,14125,17357,14400,12408,19043,15783,16480,12681,12693,14994,14459,12311,16771,17938,11816,7630,8372.8,17833,18441,20276,21199,20708,17767,16781,15224,13009,8047,12561,13136,13134,12628,17435,16688,20333,20895,20954,20069,22190,2697.1,11893,3577.8,4277.5,4631.1,835.29,7761.6,10142,15122,18221,18000,12957,11701,10021,9871.4,9032.6,9474,10078,10877,11663,12480,11749,10285,11278,11992,12005,11412,11041,13422,11679,7942.3,7676.8,8586.5,7843.7,4217.9,11553,10893,11350,7624.9,7413.3,11000,9135.1,10023,6361.4,8811.8,9888.7,2068.4,4227.7,5271.7,12026,9553.3,11132,11180,9893.4,10787,11144,11769,11736,10159,13291,14650,12216,11640,11537,14248,7621.6,8651,7583.9,10646,10738,8979.4,10041,7795.2,9078.5,10982,6944.7,7345.4,5768.1,4686.6,9930.2,10043,12489,14637,15371,615.14,9508.3,9608.2,12363,8644.8,4040.4,10394,15289,15784
8390.8,11085,10927,8546.9,9493.3,10230,9833.6,15134,15407,16338,14968,15854,9419.9,8090.3,10756,11647,11585,5505.4,10745,9282.8,8362.7,6810.9,11281,9797.8,12088,17415,11554,12031,10851,9551.7,8336.8,11346,8224.1,9490.8,9438.5,14858,12052,11371,19994,11852,13019,16578,14729,17445,14656,14329,16495,13705,15039,12739,15678,15259,12967,18576,15365,15389,12669,12493,14144,14356,11946,17711,18029,13839,9146.3,6352.6,16877,18827,21529,21546,23284,19299,15400,14159,12348,8299.4,13399,12942,14124,13090,16639,17205,18295,20972,20091,19735,23737,4884.7,13716,5554.4,7649.9,5794.9,1565.1,8041.3,11332,16009,17405,18336,11085,11181,10217,9959.3,8379.1,9617.8,10940,10716,10291,11978,12008,9983.5,11676,11728,10995,12092,10838,13402,12165,6232.3,7711.1,7664.1,8503.2,3623.2,9971.2,9565.9,9213,8047.3,6028.3,9100.3,9085,9408.3,6034,6212.5,8449.9,530.56,1888.5,1657.3,9087.2,9984.6,11410,11676,12316,11129,10609,12169,11193,11691,12139,13699,13298,12347,13672,15713,8021.5,9043.5,8098.3,10823,11054,11189,10647,8483.3,9163.7,11225,8386.3,7154.1,6928.3,5838.7,9203.4,10579,12666,14792,17125,1920.1,9048.5,9145.2,10782,6610.9,4726.2,8592.4,15530,15583,8906.7,9883,9595.6,8616.2,8709.3,9357.2,9590.1,16995,14223,16866,13635,17315,9567,8973,10190,9804.8,9900.4,7475.2,8969.6,10621,10552,8204.5,11033,9286.1,12889,17675,11949,12051,12011,9333.5,7856.2,10596,8102.3,9767.6,9657,13773,12111,11162,19514,12106,12782,17139,15342,17600,12670,13220,14472,12610,15656,14137,17398,14412,12440,19091,15779,16447,12690,12605,15016,14487,12300,16754,17976,11811,7581.7,8394.8,17828,18441,20174,21158,20675,17683,16813,15209,12928,8028.7,12563,13118,13051,12643,17509,16661,20381,20809,20972,19961,22105,2696.5,11824,3582.7,4278.6,4625.2,836.24,7712.1,10128,15082,18167,17927,12975,11655,10053,9843.8,8911.6,9483.2,10107,10864,11594,12515,11726,10313,11323,11954,12021,11289,11025,13383,11703,7992.3,7729.1,8562.1,7911.6,4221.5,11523,10883,11334,7655.8,7447.1,11023,9110.1,10046,6377.9,8797.2,9919.2,2080.8,4220,5258.8,11998,9582.2,11093,11089,9951.9,10803,11106,11837,11811,10162,13285,14632,12223,11594,11522,14290,7606.3,8708,7584.7,10686,10734,9006.8,10023,7750.8,8921.4,10880,6966.1,7358.8,5772.2,4718.1,9946.5,9977,12482,14651,15344,612.99,9489.6,9587.6,12370,8658.2,4025.2,10323,15241,15725
8392.3,11081,10932,8564.5,9483.7,10190,9817.9,15153,15428,16313,14958,15844,9428.8,8063.7,10789,11641,11560,5490.8,10703,9216.2,8299.1,6715.4,11275,9829,12162,17402,11614,12100,10904,9582,8365.9,11333,8245.3,9484.8,9390.6,14853,12046,11388,19997,11916,13045,16613,14703,17475,14687,14378,16475,13705,15038,12785,15660,15286,12968,18640,15359,15423,12677,12512,14183,14396,11942,17748,18060,13853,9161.4,6335.4,16925,18805,21546,21552,23356,19336,15373,14180,12434,8332.4,13415,12940,14097,13105,16603,17160,18307,21031,20110,19802,23790,4878.4,13770,5596.6,7634.3,5786.8,1592.9,8000.6,11362,16028,17415,18326,11116,11147,10224,9963.6,8304.5,9613.8,10966,10728,10279,11976,12006,9944,11705,11798,10995,12019,10855,13370,12167,6210.5,7709.6,7671.2,8559.3,3627.5,10009,9576.5,9223.7,8064.3,5988.8,9136,9089.2,9437.6,6066.7,6244.9,8450.6,532.45,1896.4,1656.1,9085,9920.8,11455,11709,12322,11154,10603,12173,11163,11583,12153,13748,13340,12378,13710,15778,8104.2,9049.5,8090.1,10799,11040,11175,10651,8566.2,9142.8,11282,8363.4,7144.9,6966.5,5903.3,9229,10515,12669,14814,17112,1893.1,8998.1,9134.7,10793,6630.5,4742.9,8613,15573,15639,8895.8,9932.1,9653.6,8605.3,8677,9324.4,9572.8,16986,14194,16841,13628,17284,9566.2,9054.4,10222,9809.4,9869.9,7444.3,8900.7,10519,10511,8159.6,11073,9330.4,12914,17667,11976,12065,12043,9389.7,7874.3,10594,8155.9,9772,9633.9,13693,12151,11132,19476,12098,12765,17189,15368,17645,12697,13281,14465,12611,15684,14149,17365,14390,12403,19046,15787,16425,12654,12678,14980,14511,12354,16826,17998,11853,7568.1,8377.4,17823,18437,20214,21170,20676,17756,16805,15214,12970,8029.3,12574,13134,13046,12728,17406,16727,20360,20821,20956,20038,22191,2706.7,11839,3550.1,4274.5,4608,837.24,7757.8,10145,15058,18133,17942,12988,11631,9989.9,9863.3,9038.8,9447.6,10084,10880,11639,12549,11793,10349,11308,11992,12049,11303,11026,13411,11686,8000.6,7688.8,8609.5,7835,4221.2,11552,10924,11357,7671.4,7371.3,11072,9136.7,10012,6353.3,8831.2,9902.2,2081.4,4223.7,5271.7,11980,9527.2,11129,11104,9933.2,10771,11104,11821,11782,10147,13243,14671,12210,11637,11521,14250,7670.2,8681.3,7535.2,10685,10638,8971,10045,7772.3,8983.1,10862,6940.9,7356.3,5767.1,4739.5,9915.8,9971.4,12530,14609,15368,607.82,9537.8,9584.4,12354,8659.6,4013.4,10392,15323,15779
8399.2,11054,10884,8577.1,9487,10173,9805.7,15142,15428,16335,14889,15792,9473,8082.3,10746,11636,11499,5460.4,10687,9185.2,8222.1,6686.3,11255,9782.3,12199,17425,11607,12091,10873,9567.5,8316.3,11342,8261.7,9490,9465.7,14802,11980,11358,19976,11909,13054,16586,14669,17442,14680,14319,16461,13622,15016,12732,15590,15251,12965,18698,15374,15368,12683,12576,14235,14378,11976,17757,18081,13873,9131.4,6354.5,16923,18777,21583,21574,23312,19306,15297,14143,12415,8337,13443,12876,14021,13130,16423,17151,18121,20987,20035,19787,23832,4889.7,13785,5597.5,7634.6,5821.9,1590.3,8064,11269,16029,17417,18329,11093,11145,10245,9994.6,8252,9635,10978,10729,10291,11972,12006,9905,11689,11748,10950,12044,10856,13342,12120,6185.1,7706.7,7640.9,8499.5,3619.4,10021,9571,9229.4,8019.6,6002.8,9150.5,9089.4,9453.5,6055.6,6245.9,8423.2,530.79,1884.1,1647.8,9083.1,9866,11447,11761,12305,11120,10563,12113,11110,11541,12151,13739,13273,12372,13715,15699,8099.6,9023.6,8088.5,10708,11012,11107,10621,8540.3,9162.7,11247,8364.2,7154.1,6868.5,5889.4,9203.3,10466,12616,14798,17028,1944.9,9023.7,9192.3,10809,6593.6,4742.9,8649.8,15513,15640,8895.6,9900.4,9645.6,8596.6,8676.6,9332.8,9572,16978,14165,16822,13632,17306,9588.4,9081.6,10194,9753.1,9861.8,7402,8930.9,10482,10440,8142.6,11023,9275.5,12955,17746,11974,12098,12070,9359.5,7859.8,10622,8202.9,9757.6,9698.6,13700,12098,11151,19403,12077,12700,17143,15375,17665,12724,13176,14399,12565,15631,14065,17339,14349,12376,19009,15792,16389,12638,12697,15080,14452,12346,16798,18011,11864,7605.7,8350.2,17810,18450,20320,21212,20755,17768,16772,15225,13067,8062.3,12554,13179,13042,12641,17378,16801,20292,20870,20993,20074,22167,2705.9,11857,3571.2,4275.3,4631.3,829.08,7789.3,10170,15083,18175,18018,12950,11679,9972.4,9842.4,9065,9472.4,10081,10915,11678,12525,11746,10336,11298,12000,12018,11381,11021,13396,11661,7956.7,7726.5,8579.8,7875,4240.9,11565,10895,11352,7593.7,7336.4,11039,9179,10017,6382.6,8847.3,9895.2,2078,4238.4,5269.7,11998,9463.2,11145,11120,9989.3,10789,11123,11800,11696,10112,13268,14679,12209,11665,11524,14185,7666.6,8661.1,7581.8,10617,10680,8941,10003,7765.4,9014.8,10909,6935.9,7331.8,5791.9,4752.1,9963.3,10010,12517,14640,15380,603.31,9562.6,9536.9,12352,8682.4,4010.6,10418,15267,15808
8399.5,11078,10940,8569.6,9488,10227,9870.6,15139,15430,16267,14893,15759,9482.3,8046.9,10742,11650,11551,5485.6,10727,9230.4,8268.7,6680.2,11272,9771.1,12152,17423,11579,12021,10843,9538.2,8330,11342,8243.7,9480.8,9464.9,14873,12019,11368,20003,11899,13015,16589,14696,17425,14680,14276,16454,13650,15016,12666,15599,15245,12996,18686,15385,15335,12663,12633,14154,14390,11990,17720,18031,13871,9160.5,6329.5,16908,18779,21545,21544,23332,19342,15275,14083,12318,8288.1,13369,12882,14155,13177,16520,17173,18158,20966,19989,19752,23789,4874.6,13711,5581.2,7623.4,5798.9,1570.7,8066.4,11217,16010,17336,18331,11037,11137,10216,9969,8256.7,9564.6,10936,10720,10261,11935,11969,9972.9,11592,11753,10985,12079,10800,13409,12132,6225.7,7739.7,7647.5,8490.6,3616.4,9956.3,9620.6,9173.9,8015.9,6015.4,9096.8,9029.6,9402.3,6048.5,6211.9,8412.5,524.81,1891.1,1645.3,9053.7,9915.8,11406,11709,12279,11127,10594,12097,11112,11639,12135,13711,13264,12379,13692,15708,8125.4,9059.3,8044.9,10727,10969,11140,10642,8440.1,9146.1,11242,8411.1,7196.8,6846.5,5933.7,9211.9,10471,12564,14801,16954,1907.3,9056.1,9136.7,10821,6583.5,4729.3,8630.8,15474,15633,8913.5,9894.1,9609.2,8615.2,8715.6,9386.5,9592.8,16972,14216,16838,13671,17263,9605.5,9099.1,10202,9816,9858,7425.9,8963.7,10524,10470,8217.8,11049,9293.5,12920,17752,12001,12117,12089,9374.2,7872,10613,8195.4,9775.7,9707.7,13775,12134,11144,19444,12129,12784,17174,15361,17657,12747,13047,14440,12601,15714,14091,17378,14400,12404,19121,15791,16414,12685,12844,15008,14476,12417,16779,17956,11857,7611.2,8409,17817,18464,20326,21206,20754,17828,16775,15225,12961,8074.5,12546,13133,13077,12719,17442,16715,20326,20922,20971,20086,22213,2725.2,11910,3596.6,4270.1,4692.2,827.18,7794.3,10136,15054,18167,18070,12946,11661,10033,9863.7,8978.3,9462.2,10089,10896,11637,12500,11702,10371,11256,11990,12042,11330,11034,13396,11665,7991.5,7706.2,8593.3,7901.7,4263.4,11552,10906,11331,7672.5,7366.3,11023,9145,9996.4,6386.5,8831.6,9899.9,2072.3,4240.9,5269.4,11980,9503,11173,11165,9921.6,10769,11133,11773,11727,10176,13262,14665,12223,11671,11523,14223,7672.2,8698.9,7592.3,10634,10722,8943.6,10024,7749.6,8946.8,10967,6933.8,7387,5786.9,4702.8,9971.1,10048,12485,14686,15357,614.42,9478.2,9571.4,12397,8673.8,4020.4,10376,15303,15857
8402.7,11055,10898,8563,9466.2,10215,9841.2,15099,15368,16267,14871,15707,9456.4,8039.1,10757,11686,11531,5502.6,10733,9262.1,8301.9,6726.3,11269,9814.7,12143,17387,11542,12036,10881,9531.7,8353.1,11298,8213,9502.6,9497.5,14849,12025,11403,19938,11861,13081,16579,14687,17428,14674,14301,16475,13697,15009,12736,15583,15246,12952,18610,15393,15409,12649,12544,14116,14357,11971,17708,18036,13874,9188.1,6362.7,16892,18779,21504,21510,23313,19259,15291,14133,12314,8325.8,13397,12893,14126,13079,16590,17182,18213,20945,20052,19694,23762,4903.9,13721,5572.6,7622,5783.1,1588,8072.1,11268,16028,17337,18306,11038,11131,10202,9929.9,8272.2,9506.1,10943,10703,10274,11966,11999,9996.2,11632,11771,10957,11973,10780,13428,12129,6229.4,7706.6,7661.9,8498.1,3612.5,9972.4,9612.3,9208.7,8025.3,5933.3,9137.7,9059,9408.1,6034.4,6208.6,8417.8,526.62,1890.3,1652.7,9045.3,9944.3,11433,11660,12348,11138,10598,12145,11145,11643,12184,13686,13284,12371,13676,15720,8096,9085.9,8085.4,10789,11011,11171,10637,8526.7,9190.8,11236,8402.3,7167.1,6940.7,5915,9203.7,10486,12586,14752,16997,1861.6,9021.6,9110.2,10816,6592.8,4727,8599.5,15521,15558,8895.6,9908.1,9647.5,8613.5,8696.5,9381,9605.3,16984,14200,16810,13664,17188,9589.7,9073.5,10236,9845.1,9926.5,7453.1,8916.6,10590,10543,8205.7,11106,9328.2,12908,17683,11986,12091,12043,9385.8,7837.2,10635,8202.7,9786.4,9679.4,13733,12111,11176,19444,12078,12751,17150,15315,17634,12729,13116,14505,12628,15693,14124,17378,14411,12427,19059,15796,16421,12635,12741,15050,14461,12351,16794,17980,11840,7624.7,8377.8,17849,18474,20246,21201,20705,17811,16800,15230,12993,8043.6,12595,13156,13093,12718,17521,16719,20403,20855,21034,20056,22169,2716.8,11877,3574.4,4289.1,4649.8,829.79,7774,10160,15077,18178,18012,12946,11655,10029,9881.9,9004.3,9461.2,10104,10845,11699,12524,11759,10308,11273,12004,11978,11282,11024,13416,11687,8015.8,7723.8,8566.1,7896.2,4210.4,11533,10885,11337,7648.3,7379.8,11023,9172.2,10061,6379.7,8814.1,9909.7,2064.8,4239.2,5264.6,12016,9564.3,11145,11166,9919.1,10782,11134,11790,11764,10170,13278,14655,12230,11670,11534,14263,7653.4,8661.7,7552.1,10663,10725,8989.8,10052,7793.4,8974.6,10915,6955.6,7398.6,5812.6,4739.2,9931,10034,12510,14703,15446,613.63,9504.8,9549.2,12386,8649.8,4015.9,10372,15269,15789
8401.7,11131,10884,8564.3,9495.2,10195,9824.5,15109,15410,16275,14837,15736,9451.9,8075.4,10711,11660,11498,5472.3,10668,9192,8294.2,6736.3,11292,9809.7,12178,17387,11587,12098,10905,9518,8315.9,11329,8221,9507.5,9468.9,14846,12007,11338,19944,11887,13045,16543,14665,17446,14698,14296,16487,13693,15040,12721,15598,15264,12954,18604,15369,15341,12681,12587,14107,14368,11988,17741,18061,13898,9190.3,6363.3,16926,18810,21549,21598,23328,19299,15303,14134,12383,8344.5,13458,12857,14078,13068,16518,17212,18185,20971,20068,19726,23807,4893.3,13683,5544,7657.4,5781,1596.9,8092.5,11344,16021,17388,18358,11072,11154,10248,9947.8,8278.8,9583.2,10932,10686,10265,11948,12008,9970.7,11668,11712,11002,11991,10830,13383,12187,6192.6,7734.5,7670.4,8440.5,3612.3,9988.9,9580.6,9223.5,8026.7,5939.5,9148.3,9098.1,9460.7,6023.8,6233.7,8430.4,526.94,1892.4,1645.2,9056.6,9906,11473,11750,12271,11131,10578,12126,11137,11601,12152,13724,13293,12391,13701,15734,8107.5,8958,8074.3,10771,11022,11153,10615,8522.7,9169.2,11258,8363.7,7123.1,7061.8,5909.2,9163.2,10463,12643,14786,17129,1921.6,9011.3,9161.2,10820,6619.2,4754,8614.8,15522,15624,8911.9,9853.5,9606.9,8620.8,8693,9358.4,9588.1,16960,14155,16804,13647,17226,9572.7,9085.5,10223,9787.5,9919.2,7452.2,8911,10565,10572,8190.8,11039,9308.1,12882,17676,11938,12085,12104,9402.7,7808.8,10634,8105.9,9816,9710,13703,12099,11110,19464,12070,12669,17133,15313,17642,12703,13232,14460,12607,15670,14126,17329,14351,12436,18971,15771,16402,12604,12685,15017,14464,12323,16805,17995,11864,7611,8392.7,17853,18450,20234,21251,20730,17797,16774,15220,12979,8082.2,12634,13139,13010,12639,17452,16745,20377,20822,21014,20061,22192,2702.7,11844,3619.5,4274.4,4612.5,837.76,7779.1,10161,15082,18200,18035,12933,11676,9986.4,9856.9,8945,9434,10090,10894,11673,12516,11776,10262,11293,11975,11992,11286,10997,13373,11625,7988.3,7730.2,8561.8,7875.8,4228,11548,10905,11325,7627.7,7376.3,11041,9150.2,10050,6365.9,8826.5,9929.3,2075.6,4212.7,5268.5,12028,9561.3,11159,11155,9922.7,10763,11137,11784,11778,10135,13289,14644,12235,11667,11548,14263,7658.7,8680.6,7571.4,10695,10724,8979.1,10042,7768.1,8965.7,10907,6948.6,7337.9,5810.4,4720,9949.9,9972.6,12543,14621,15413,614.08,9534.5,9578.4,12360,8659.3,4026.4,10400,15268,15749
8394.7,11142,10913,8551.2,9499.9,10230,9843.4,15109,15399,16232,14890,15671,9466,8108.9,10684,11662,11520,5479.5,10717,9243.4,8254.1,6700,11274,9777.5,12222,17415,11600,12104,10871,9531.1,8307.1,11332,8222,9456.1,9481.4,14828,11999,11348,19950,11876,12999,16535,14695,17457,14667,14319,16488,13689,15043,12723,15590,15234,12966,18606,15362,15376,12644,12546,14205,14355,11993,17739,18051,13892,9180.7,6377.4,16978,18816,21583,21609,23303,19265,15291,14113,12349,8319.1,13473,12922,14037,13043,16521,17170,18125,20986,20039,19770,23804,4882.8,13686,5513.7,7651.8,5808.4,1572.6,8038.7,11291,16010,17389,18346,11097,11153,10241,9995.3,8333.7,9587,10959,10760,10260,11951,12016,9872.3,11655,11762,11001,12016,10875,13335,12147,6192.5,7748.2,7646,8489,3610.9,9989.6,9585.2,9246.5,8058.3,6006.5,9116.7,9082.7,9453.3,6022,6235.5,8439.9,535.2,1897.5,1645.1,9076.9,9882.2,11481,11764,12282,11139,10559,12130,11109,11595,12156,13750,13311,12384,13689,15753,8153.3,9069,8108.2,10749,11030,11169,10621,8615.6,9137.1,11231,8371,7149.9,6955.4,5870.5,9198.8,10498,12618,14764,17081,1908,9007,9163.1,10795,6588.7,4755.5,8550.1,15529,15645,8920.8,9884.3,9601.1,8613.4,8697.4,9385.4,9623.3,16987,14208,16831,13704,17260,9583.4,9095,10181,9802.8,9902.4,7445.5,8933.5,10506,10531,8199,11031,9305.2,12943,17724,11987,12132,12076,9408.2,7794.1,10659,8130.6,9822.2,9668.4,13752,12100,11156,19423,12091,12666,17070,15353,17678,12710,13181,14459,12584,15650,14130,17339,14381,12420,19014,15767,16417,12653,12616,14991,14490,12345,16829,18037,11850,7625.4,8381.6,17884,18452,20295,21271,20737,17838,16782,15237,12997,8099.5,12625,13143,13011,12634,17459,16781,20359,20830,21020,20102,22175,2706.5,11851,3568.6,4285.9,4640.6,838.75,7804.3,10142,15125,18213,18050,12932,11654,9987.6,9790,9058.1,9460.4,10102,10866,11711,12567,11749,10310,11310,11979,12030,11219,11013,13402,11670,8018.1,7720.9,8589.9,7901.1,4232.6,11565,10905,11339,7687.4,7406.1,11070,9121.9,10009,6381.7,8857.4,9941.7,2091.5,4228.3,5290.1,12009,9514.4,11182,11176,9951.6,10752,11116,11836,11767,10125,13285,14682,12245,11649,11543,14271,7645,8714.2,7546.6,10682,10734,9014.5,10001,7762.2,8933.9,10908,6960.9,7275,5780.4,4722.9,9963.2,9985.2,12555,14623,15449,603.09,9562,9571.3,12355,8678.4,4018,10349,15332,15786
8386,11125,10920,8549.2,9471,10207,9842.5,15118,15389,16235,14978,15703,9454,8079.5,10737,11694,11569,5497,10716,9280.9,8276.6,6723.2,11257,9791.9,12149,17404,11534,12039,10822,9538.4,8339.2,11334,8221.9,9476.5,9456,14906,12042,11348,19951,11882,13070,16544,14701,17452,14693,14352,16510,13680,15026,12722,15605,15271,12978,18621,15386,15375,12694,12468,14122,14360,11946,17698,18000,13914,9114.7,6359.3,16949,18780,21511,21519,23358,19321,15301,14159,12317,8268.7,13400,12931,14159,13119,16601,17166,18231,20998,20079,19777,23779,4880.5,13689,5571,7648.9,5833.4,1572.1,7991.3,11312,16023,17337,18322,11083,11188,10229,9926.8,8284.1,9609.4,10912,10757,10271,11995,12010,9866.3,11652,11742,11019,12052,10796,13413,12136,6219.4,7759.9,7643.2,8502.8,3622.1,9953.9,9630.7,9227.3,8079.8,5998.5,9111.9,9063.4,9412.3,6042.4,6218.2,8423.8,531.73,1890.3,1651.8,9062.5,9928.3,11441,11706,12309,11197,10586,12166,11068,11635,12156,13708,13271,12348,13683,15756,8129.2,9111.5,8087.7,10770,11016,11207,10641,8474.9,9139.4,11232,8395.8,7188.1,6943.3,5909.7,9180,10512,12618,14786,17063,1935.5,9017.9,9172.9,10818,6582.8,4726.9,8562.1,15497,15593,8917.4,9866,9616.6,8614.9,8715.4,9393.2,9643.1,17026,14209,16847,13670,17274,9596.1,9041.2,10213,9850.6,9932.6,7459,8960.4,10599,10582,8190.1,11025,9284.5,12902,17651,11993,12025,12000,9300.1,7859.4,10625,8076,9771.1,9608.7,13715,12104,11167,19449,12100,12766,17132,15338,17672,12688,13152,14482,12707,15655,14160,17379,14428,12429,19074,15812,16412,12697,12715,15086,14477,12358,16784,17911,11850,7611.5,8373.5,17818,18426,20203,21141,20718,17749,16761,15200,12901,8039.6,12591,13157,13153,12665,17460,16694,20364,20880,20997,20081,22130,2719,11814,3542,4285,4688.3,840.68,7757.7,10134,15103,18148,17960,12966,11677,10032,9914.5,9057.8,9432.9,10085,10900,11664,12549,11762,10261,11311,12012,12029,11316,10975,13424,11713,7957.1,7689.5,8606.8,7922.6,4228.2,11566,10926,11348,7673.2,7413.8,11003,9102.2,9993.1,6372.3,8834.3,9888.4,2075.3,4231.5,5280.1,11992,9556,11098,11128,9987.8,10786,11112,11798,11802,10199,13286,14663,12211,11617,11510,14269,7681.7,8707.8,7572.8,10702,10724,8989,10031,7785.5,8959.5,10890,6962.7,7411.1,5825.1,4701.7,9980.4,10041,12491,14620,15416,607.64,9512.4,9587.4,12406,8651.4,4010.2,10407,15297,15812
8395.6,11112,10906,8545.6,9461.3,10200,9825.5,15152,15450,16228,15024,15769,9434.5,8033.7,10764,11649,11558,5502.1,10708,9220.4,8294.4,6706.6,11242,9804.5,12116,17418,11541,12015,10857,9507.5,8340.1,11333,8215.5,9457.4,9460.3,14878,12035,11378,19960,11878,13049,16583,14705,17491,14692,14371,16505,13688,15019,12742,15623,15267,13023,18649,15379,15483,12658,12568,14191,14337,11956,17701,18027,13811,9123.4,6345.3,16940,18787,21538,21543,23341,19276,15315,14182,12388,8298.6,13407,12924,14143,13140,16586,17181,18297,20976,20041,19777,23763,4896.3,13646,5547.7,7662.3,5811.4,1576,8031.4,11290,16023,17379,18333,11186,11203,10221,9991.6,8302,9629.8,10951,10734,10310,12003,12052,9928.3,11678,11751,11094,12104,10820,13429,12192,6233,7765.4,7647.8,8484.2,3619.6,9957.4,9651.2,9232.6,7969,5968.8,9088.7,9065.7,9418.2,6040.8,6204,8430.7,532.42,1889.8,1659.5,9065.4,9951.5,11434,11677,12309,11107,10602,12178,11138,11631,12197,13705,13263,12372,13678,15736,8059.4,9021.7,8037,10759,11042,11156,10600,8435.6,9139.9,11225,8399.9,7165.9,7078.5,5941,9201.9,10532,12634,14780,17137,1912.2,9054.9,9143.6,10845,6587.6,4732.4,8580.4,15557,15584,8889,9933.2,9622,8597.6,8714.4,9373.3,9603.3,17052,14211,16818,13690,17273,9586.6,9047.9,10202,9868.8,9918.3,7484.6,8935.8,10579,10607,8210.8,11091,9301.5,12913,17612,11955,12021,12088,9327.9,7890.3,10594,8124.2,9763.6,9711.4,13752,12090,11165,19461,12089,12758,17166,15338,17657,12698,13196,14507,12649,15697,14155,17393,14419,12408,19106,15792,16473,12621,12773,15073,14457,12326,16774,17912,11814,7604.6,8375.1,17785,18450,20149,21126,20713,17732,16794,15222,12936,8061.3,12593,13171,13087,12748,17493,16727,20406,20812,21011,20033,22131,2710.5,11830,3576.6,4293.9,4666,837.46,7756,10280,15112,18163,17961,12956,11690,10019,9841.3,8967,9451.9,10079,10896,11677,12572,11752,10253,11325,12025,12051,11363,11020,13429,11688,8016.1,7734.6,8590.6,7905,4245.1,11545,10912,11358,7595.3,7402.9,11024,9142,9998.6,6360.7,8793.5,9899.7,2066.3,4227.8,5276.5,12027,9565.9,11088,11135,9934.3,10798,11148,11828,11797,10203,13309,14705,12201,11639,11539,14279,7630.8,8662.1,7538.5,10703,10739,9041.9,10050,7757.4,8939,10892,6965.5,7398.7,5805.7,4685.6,9960.6,10043,12464,14624,15383,608.18,9531.3,9586.9,12401,8641,4012.1,10418,15272,15794
8385.5,11134,10922,8551.6,9475.6,10179,9824.9,15183,15421,16287,14970,15798,9423.8,8050.3,10723,11645,11595,5502.9,10670,9213.6,8291.5,6706.2,11302,9851.6,12157,17434,11573,12051,10848,9548,8343.1,11313,8198.2,9488.6,9520.5,14877,12058,11353,20006,11909,13053,16596,14709,17485,14719,14295,16526,13667,15016,12751,15683,15278,13003,18714,15385,15404,12616,12474,14158,14361,12039,17719,18021,13793,9189,6371.9,16876,18805,21526,21521,23316,19290,15326,14171,12387,8329.5,13426,12916,14179,13157,16601,17260,18326,21005,20044,19740,23750,4890.2,13643,5545.8,7637.1,5776.9,1570.7,8027,11398,16042,17393,18378,11099,11189,10254,9979.1,8353.4,9607.5,10992,10747,10325,11987,12025,9952.5,11670,11752,10964,12089,10875,13439,12189,6239.8,7747.9,7681.9,8503.6,3619.1,9957.8,9594.3,9214.2,8067.6,6009.1,9079.3,9065.2,9411.1,6032.3,6210.5,8421.6,530.9,1885.9,1653.3,9090,9943.8,11431,11681,12344,11152,10595,12154,11158,11634,12196,13727,13265,12383,13707,15757,8088.3,9003.7,8115.6,10781,11045,11146,10602,8500.6,9136.4,11222,8403.7,7134.7,7022.1,5891.3,9241.5,10534,12661,14737,17132,1855.2,9041,9201.6,10830,6571.5,4721,8647.4,15527,15573,8891,9887.7,9643.1,8594.1,8673,9346,9561.9,17002,14234,16821,13669,17247,9564.5,9060.6,10195,9837.4,9938.9,7447.8,8983.4,10560,10599,8227.5,11145,9306.7,12921,17630,11935,12032,12092,9368.6,7861.4,10619,8147.6,9808.2,9702.5,13775,12109,11153,19494,12124,12697,17202,15359,17661,12739,13327,14537,12655,15699,14175,17387,14405,12416,19048,15791,16464,12633,12772,15026,14431,12380,16755,17928,11857,7627.5,8388.4,17808,18457,20163,21150,20643,17724,16797,15210,12950,8067.4,12553,13166,13098,12730,17496,16733,20370,20828,21023,20044,22161,2719.1,11820,3572.7,4302.7,4646.9,840.85,7785,10205,15114,18167,17960,12969,11667,10003,9891.5,9038.2,9444.9,10069,10888,11685,12532,11772,10292,11323,11963,12042,11390,11103,13410,11700,8003.8,7758.7,8589.4,7856.5,4235.1,11537,10915,11310,7633.1,7391,11028,9114,9994.8,6375.9,8800,9914.6,2071.8,4239.8,5269.5,12051,9571.9,11105,11104,9968.3,10777,11180,11806,11821,10195,13289,14709,12217,11658,11585,14293,7655.1,8674.1,7559.6,10713,10751,8989.8,10084,7733.4,8970.3,10842,6936.1,7385,5849.6,4697.2,9968.2,10066,12488,14600,15405,615.36,9512.1,9565.8,12383,8650.1,4009.9,10381,15256,15754
8376.9,11182,10932,8558,9501.2,10212,9832.5,15145,15422,16260,14936,15821,9460.1,8073.9,10741,11627,11567,5515.5,10711,9201.1,8302.1,6728.1,11285,9808.8,12148,17436,11562,12064,10840,9543.4,8325.6,11283,8235.8,9484,9490.4,14858,12079,11384,19970,11901,13052,16616,14687,17498,14704,14328,16514,13728,15056,12780,15662,15295,12998,18703,15387,15376,12653,12476,14136,14432,12023,17689,18022,13831,9168.1,6389.9,16951,18824,21520,21561,23364,19310,15359,14140,12373,8342.8,13472,12936,14199,13113,16676,17264,18278,21036,20089,19782,23799,4890.1,13694,5535.5,7669.3,5820.4,1580.7,8000,11323,16031,17386,18396,11048,11177,10240,9970.1,8268.7,9576.2,10967,10722,10319,11958,12001,9988.4,11633,11714,10977,12025,10894,13434,12169,6186.3,7725.9,7657.7,8484.5,3613.5,9946.3,9591.1,9219.9,8055.3,5989.5,9096.6,9066.7,9438,6011.4,6225.8,8449.6,532.31,1891.6,1659.3,9088.4,9970.4,11416,11739,12357,11153,10601,12153,11191,11626,12174,13742,13279,12398,13701,15739,8115.2,9034.2,8129.6,10803,11070,11152,10631,8465.4,9206.3,11222,8384.6,7173.4,7027.1,5951.6,9167.4,10540,12657,14789,17155,1927.8,9022.5,9130.4,10815,6597.3,4731.5,8548.1,15537,15583,8877,9901.1,9586.9,8593.1,8682.1,9370.4,9571.2,16966,14185,16836,13671,17197,9580.5,9087.5,10176,9815.4,9892.7,7421.2,8931.2,10530,10603,8201.7,11111,9293.9,12923,17618,11905,12027,12110,9366.7,7825.7,10576,8121.9,9810.9,9699.3,13758,12121,11147,19460,12089,12720,17165,15340,17642,12705,13320,14529,12610,15652,14170,17366,14400,12377,19045,15799,16424,12612,12661,15053,14502,12371,16760,17891,11912,7667.5,8360.2,17792,18438,20127,21124,20632,17717,16765,15161,12924,8062.8,12546,13114,13086,12741,17465,16687,20346,20793,20955,20026,22113,2707.5,11804,3578.2,4283.4,4625.4,823.07,7749.6,10172,15113,18148,17914,12914,11640,10030,9879.2,9025.7,9483.4,10090,10874,11645,12512,11748,10254,11282,11990,11956,11286,11025,13416,11719,7969.3,7760.6,8586.7,7871.9,4214.1,11566,10911,11329,7680.4,7386.8,11035,9089.4,9964.6,6391.8,8803.9,9878.4,2072.5,4230.5,5255.6,12021,9573.7,11097,11140,9986.5,10772,11141,11793,11817,10195,13283,14657,12184,11640,11539,14241,7649.8,8674.6,7523.7,10668,10726,8984.6,10047,7770.5,8978.4,10825,6938.8,7383.5,5776.2,4714.5,9927.8,9944.5,12483,14624,15344,612.93,9523.2,9538.7,12369,8647.4,4000.8,10351,15285,15809
8410.1,11101,10908,8552.8,9499.7,10192,9856.4,15134,15440,16293,14970,15829,9481.1,8080.1,10756,11677,11575,5501.2,10726,9249.1,8290.5,6734.5,11315,9811.7,12156,17433,11581,12076,10888,9556.7,8360,11382,8221.7,9467.3,9442.1,14884,12047,11390,19967,11901,13027,16624,14738,17508,14711,14356,16492,13743,15038,12746,15682,15291,12987,18645,15391,15411,12710,12506,14150,14389,12005,17725,18048,13928,9188.2,6362.4,16945,18860,21552,21607,23398,19335,15384,14145,12384,8320.4,13469,12939,14135,13076,16607,17232,18293,21033,20121,19803,23815,4888.3,13763,5594.7,7664.9,5836.1,1596.9,8050.4,11333,16037,17407,18369,11105,11183,10236,9967,8243.6,9636.6,10948,10716,10255,11977,12017,9971.6,11724,11775,11003,12043,10828,13389,12169,6169.5,7741.2,7687.4,8513.9,3613.6,9973,9611.6,9216.7,8030.6,6012.5,9139.4,9082.5,9458.2,6019.3,6228.8,8457.7,532.5,1893.3,1647.4,9082.1,9941.8,11454,11751,12362,11171,10596,12152,11188,11646,12193,13757,13295,12408,13707,15769,8081,9035.2,8106.6,10803,11061,11162,10683,8529.8,9183.1,11294,8395.1,7166,6985,5955.8,9172.3,10482,12667,14835,17113,1902.7,9040.7,9137,10828,6604.6,4737.4,8569,15545,15645,8880.5,9889.5,9635.6,8592.1,8684.1,9368.5,9616.1,17006,14202,16810,13643,17203,9564.4,9042.4,10219,9806.7,9879.2,7432.9,8944.9,10562,10534,8200.7,11069,9319.8,12872,17649,11950,12024,12110,9362,7846.3,10592,8117.6,9797.2,9691.2,13757,12109,11156,19456,12104,12744,17175,15340,17655,12728,13220,14483,12591,15687,14145,17356,14414,12379,19036,15769,16416,12674,12635,15059,14511,12377,16799,17952,11844,7623.1,8357.7,17825,18479,20191,21182,20672,17736,16796,15212,12964,8068.2,12571,13156,13063,12694,17479,16707,20358,20832,20966,20017,22144,2722,11847,3578.2,4291.8,4642.5,832.71,7763,10136,15102,18167,17984,12927,11663,10033,9868,9035.2,9455.7,10091,10870,11656,12551,11748,10307,11292,11997,11990,11294,11030,13399,11679,7997.9,7754.3,8578.3,7887.2,4222,11561,10901,11339,7639.4,7352.3,11018,9149.6,10015,6386,8809.8,9907.2,2071.7,4236.7,5268.6,12004,9550.6,11128,11130,9958.4,10762,11128,11807,11803,10174,13273,14630,12210,11670,11527,14229,7635.5,8662.1,7569.6,10658,10696,8964.4,10027,7737,8914.2,10922,6948.6,7400.1,5827.6,4694,9958,10014,12502,14663,15380,609.76,9479.7,9600.7,12387,8672.7,4031,10381,15190,15778
8395.1,11070,10911,8560,9470.5,10185,9828.4,15150,15434,16341,14971,15849,9449.4,8039.8,10759,11667,11555,5494.4,10682,9224.8,8240.6,6740.6,11280,9763.5,12206,17471,11582,12121,10904,9556.5,8347.6,11289,8193.4,9507.5,9532,14881,12031,11393,19979,11897,13054,16590,14739,17481,14712,14317,16467,13717,15028,12728,15629,15255,13016,18622,15367,15389,12647,12391,14182,14388,11974,17763,18057,13847,9167.8,6383.8,16980,18839,21595,21656,23349,19334,15371,14172,12424,8409.9,13499,12902,14081,13141,16589,17230,18262,21059,20124,19767,23844,4924.1,13812,5610.1,7660.6,5819.3,1590.2,8105,11350,16032,17454,18378,11080,11151,10241,9929.5,8277.7,9580.3,10942,10673,10251,11961,12044,9935.5,11676,11744,10970,12128,10747,13355,12169,6198.5,7746.7,7672.3,8454.4,3625.7,10024,9567.2,9240.6,8006.5,5982.1,9154.3,9088.7,9462.9,6067.7,6242,8469.1,526.48,1893.4,1638.1,9118.8,9902.1,11482,11786,12315,11110,10600,12146,11179,11614,12160,13773,13318,12405,13721,15741,8089,9012.9,8015.7,10770,11025,11146,10631,8433.8,9148.6,11292,8387.8,7154.6,6904.5,5898.5,9201.3,10483,12644,14854,17238,1860.2,9030.9,9141.8,10807,6597.2,4757.4,8624.9,15509,15618,8892.1,9799.6,9602.2,8597.5,8675.3,9355.1,9579.2,16987,14191,16802,13636,17260,9574.8,9046.5,10215,9765,9866.5,7431.1,8870.6,10527,10525,8189.5,11054,9248.1,12913,17667,11962,12088,12152,9356.7,7820.9,10596,8127.2,9791.9,9682.7,13707,12117,11121,19456,12099,12734,17122,15339,17629,12736,13167,14445,12543,15681,14107,17369,14379,12431,19015,15737,16408,12671,12785,15039,14468,12359,16791,18003,11832,7606.3,8378.3,17868,18514,20237,21218,20725,17778,16803,15241,12982,8098.4,12619,13141,13001,12656,17481,16699,20374,20782,21019,20050,22175,2717.9,11850,3599.2,4299.1,4637.3,845.41,7790,10104,15077,18196,18053,12941,11651,10018,9868,8990.6,9485.8,10118,10870,11643,12529,11769,10320,11275,12019,12059,11347,11055,13370,11648,7980.7,7714,8604.5,7878.9,4242.8,11562,10880,11360,7586,7383.3,11088,9160.7,10042,6372.8,8812.2,9918.6,2074.3,4219.1,5265.1,12009,9468.6,11154,11114,9920.2,10753,11123,11807,11767,10115,13248,14657,12225,11672,11533,14177,7649.4,8687.4,7540.3,10636,10644,8927.1,10003,7743.6,8941.3,10922,6900.9,7391.3,5769.4,4744.3,9909.2,10035,12491,14637,15389,611.03,9474.1,9594.4,12375,8675.1,4030.5,10416,15299,15783
8389.2,11100,10907,8540.2,9455.9,10201,9834.9,15115,15399,16248,14812,15785,9414,8054.1,10756,11648,11536,5490.2,10711,9311.2,8265.7,6707.8,11248,9801.6,12207,17418,11603,12138,10901,9549.3,8327.3,11340,8210.3,9534.6,9447.9,14881,12057,11372,19972,11881,12970,16562,14663,17443,14706,14277,16476,13667,15024,12749,15548,15234,12982,18638,15357,15370,12680,12629,14171,14359,11977,17762,18084,13808,9165.6,6380.3,16956,18826,21575,21544,23355,19275,15363,14138,12369,8346.3,13455,12897,14081,13087,16560,17157,18248,21006,20054,19757,23817,4906.4,13779,5590.1,7627.1,5818.8,1578.7,8075.1,11291,16011,17457,18337,10994,11135,10228,9943.6,8300.9,9599.8,10944,10746,10236,11946,12000,9916.8,11676,11744,11016,12063,10794,13408,12153,6204.5,7701.9,7634.8,8487.7,3618.8,9995.6,9614.7,9249.9,8038.6,5997.5,9128.6,9111.2,9467.8,6061.4,6245.1,8457.6,529.01,1877.9,1643.6,9082.9,9917.7,11438,11754,12277,11109,10595,12173,11162,11627,12126,13742,13309,12388,13720,15740,8103.9,9087.7,8033.9,10820,11010,11185,10617,8516.7,9159.8,11225,8413.7,7163.2,7006.4,5914.4,9198,10518,12663,14813,17133,1897.9,9004.7,9181.3,10837,6608.2,4753,8594.9,15520,15553,8888.7,9878.7,9610.2,8603,8683.5,9346.4,9565,16969,14169,16804,13612,17259,9584.3,9051.4,10199,9792.6,9916,7432.9,8876,10594,10537,8179.4,11023,9308.4,12883,17680,11993,12061,12069,9402.3,7837.4,10650,8137.5,9795.9,9667.2,13697,12087,11123,19416,12092,12712,17086,15323,17625,12700,13042,14414,12624,15657,14108,17352,14375,12391,19039,15781,16375,12681,12742,15046,14495,12304,16796,17969,11801,7623.4,8383.6,17860,18456,20260,21210,20640,17769,16803,15200,12975,8054.1,12614,13106,13087,12703,17450,16673,20365,20813,21034,20015,22179,2720.6,11823,3600.4,4304.5,4678.5,840.9,7773.5,10078,15076,18209,17973,12940,11648,10004,9837.4,9035.4,9461.1,10114,10864,11693,12482,11724,10364,11260,11955,12012,11280,11026,13399,11665,7976.4,7709.5,8572,7874.1,4218.6,11586,10906,11357,7622.6,7380.5,11049,9119.8,10015,6380.8,8807,9901.5,2074,4222.8,5245.8,11990,9505.2,11091,11116,9928.5,10788,11121,11803,11771,10161,13287,14650,12214,11612,11540,14221,7629.6,8682.6,7581.4,10668,10673,8999.8,10026,7777.4,9000.5,10904,6943.7,7355,5788.5,4745.2,9952.5,10018,12521,14623,15419,608.9,9500.8,9575,12386,8645,4021.3,10326,15301,15780
8382.5,11102,10906,8552.7,9482.5,10202,9827.3,15118,15403,16264,14868,15702,9434.6,8062.8,10822,11684,11558,5492.6,10714,9268.2,8298.9,6689.3,11272,9828,12157,17380,11557,12090,10873,9567.6,8365.6,11337,8217.9,9509.3,9446.2,14858,12028,11365,19979,11902,13049,16551,14663,17462,14692,14343,16507,13693,15025,12790,15572,15270,12971,18617,15388,15398,12653,12454,14137,14332,11990,17695,18010,13775,9166.2,6373.2,16980,18885,21523,21540,23320,19308,15351,14146,12308,8304.4,13440,12900,14164,13136,16686,17203,18304,20961,20099,19747,23763,4909.2,13714,5574.1,7660.9,5821.7,1594.9,8006.2,11353,16061,17416,18317,11058,11139,10227,9983.2,8272.7,9533.1,10925,10701,10295,11933,12045,9983.6,11591,11775,10966,12105,10850,13413,12165,6232.9,7696.3,7655,8511.3,3605.3,9972.9,9633.6,9212.4,8091,5983.6,9103.2,9060.1,9416.5,6035.9,6213.2,8476,529.76,1892.5,1657.7,9070.5,9953.4,11396,11744,12295,11186,10609,12172,11194,11675,12158,13698,13329,12386,13757,15749,8083.8,9041.2,8083.8,10823,11052,11193,10603,8482.8,9183.2,11245,8397.1,7162.8,7019,5969.8,9214.4,10500,12611,14828,17177,1906.2,9020.3,9142.3,10811,6599.7,4760.7,8567.4,15590,15581,8905.4,9937.8,9621.4,8597.1,8693.9,9366.4,9581.3,17025,14179,16835,13632,17221,9584.7,9041.9,10218,9848.4,9919.2,7451.2,8977.6,10558,10569,8183.4,11078,9334.5,12874,17682,12000,12032,12079,9377.7,7845.9,10586,8106.3,9748.7,9682.4,13782,12108,11178,19445,12080,12715,17174,15304,17612,12719,13130,14479,12653,15657,14143,17349,14407,12403,19046,15807,16413,12674,12660,15018,14485,12329,16727,17943,11839,7560.6,8359.4,17841,18419,20175,21163,20687,17710,16803,15208,12917,8063.1,12561,13144,13054,12706,17528,16658,20360,20785,20994,20021,22159,2689.3,11806,3561.2,4283.4,4624.7,842.33,7716.6,10145,15107,18151,17926,12950,11650,10045,9888.7,9013.2,9502.7,10067,10847,11675,12519,11744,10293,11316,11970,12027,11357,11034,13429,11716,7976,7736.6,8577.1,7919.2,4217,11550,10912,11317,7638.7,7401.3,11005,9089,9976.4,6368.3,8810.2,9891.8,2069.3,4231.2,5257.8,12021,9532.7,11080,11134,9966.1,10795,11140,11793,11768,10190,13302,14653,12218,11625,11551,14274,7618.1,8678,7530.1,10681,10700,9014.4,10070,7788.9,9058.1,10869,6955,7405.2,5810.5,4726.7,9927.2,10008,12505,14621,15382,611.85,9463.9,9589.5,12402,8625.5,4009.3,10296,15262,15735
8420.5,11167,10951,8560.2,9503.8,10232,9885.8,15140,15437,16324,14925,15828,9454.7,8119.4,10808,11700,11627,5512.6,10742,9242.8,8306.9,6710.7,11300,9828.4,12101,17370,11600,12089,10852,9550.2,8385.3,11323,8247.2,9494.5,9433,14862,11994,11346,19976,11884,13015,16585,14678,17484,14671,14377,16533,13726,15070,12784,15635,15298,12990,18619,15379,15397,12653,12579,14079,14341,11935,17765,18019,13872,9166.1,6375.7,16968,18858,21521,21527,23385,19303,15416,14180,12343,8304.3,13418,12956,14152,13176,16745,17241,18327,21024,20139,19735,23714,4899.6,13694,5576.2,7648.2,5835.1,1596.9,8036.7,11416,16032,17387,18353,11081,11182,10212,9978.6,8329.7,9620.9,10919,10753,10234,11959,11987,9992,11701,11762,11022,12074,10822,13426,12177,6212.8,7750.1,7646.6,8498.3,3619.5,9977.7,9576.4,9221.9,8059.9,6067.4,9126,9089.4,9416.1,6032.7,6208.5,8452.1,527.51,1897,1655.4,9050.8,9971.5,11444,11714,12335,11208,10616,12205,11196,11661,12181,13713,13347,12367,13724,15798,8102.4,9063.6,8033.6,10789,11057,11217,10647,8514,9114.8,11303,8384.3,7138,7015.2,5950.7,9239.1,10480,12656,14788,17152,1862,9002.8,9139.6,10821,6621.5,4747.4,8583.8,15604,15596,8928,9890.7,9633.9,8621.6,8720.3,9362.9,9602,17020,14205,16822,13639,17287,9589.2,9065.3,10222,9887.7,9936.1,7457.4,8966.2,10545,10551,8193.5,11131,9325.3,12845,17645,11955,12005,12070,9368.2,7881.5,10575,8151.8,9784.3,9695.8,13823,12148,11147,19509,12062,12741,17174,15304,17618,12719,13373,14508,12603,15664,14186,17389,14406,12407,19074,15786,16417,12650,12751,14987,14476,12338,16790,17962,11816,7613.5,8380.5,17800,18444,20156,21158,20676,17683,16776,15229,12926,8046.1,12561,13143,13086,12656,17485,16718,20367,20771,20970,20001,22106,2710.4,11792,3571.9,4278,4658.4,836.91,7762.8,10203,15079,18111,17963,12956,11671,10003,9904.1,9015.7,9428.7,10024,10903,11606,12549,11753,10261,11328,11990,12081,11265,11053,13441,11696,7922.3,7724.3,8581.2,7896.9,4229.3,11517,10928,11327,7642.4,7379.7,10995,9108.5,9988.7,6361.7,8789.9,9900,2078.9,4245.3,5277.1,12010,9571.9,11096,11123,9935.8,10825,11147,11804,11830,10205,13274,14681,12195,11615,11541,14284,7629.3,8721.2,7583.7,10681,10732,9009.8,10078,7785.7,9085,10909,6946,7390,5800.2,4768,9946.5,10043,12535,14610,15388,612.34,9535,9587,12377,8624.6,4007,10343,15277,15761
8405.2,11112,10948,8560.9,9490.1,10239,9896.6,15103,15405,16362,15007,15899,9474.5,8094.9,10808,11654,11602,5505.5,10743,9242.8,8301,6726.1,11266,9746.5,12112,17371,11572,12060,10883,9590,8378.8,11281,8209.2,9491.7,9500.7,14794,11965,11378,19974,11855,13058,16579,14703,17476,14659,14331,16520,13687,15008,12765,15659,15279,12939,18662,15368,15449,12613,12569,14217,14370,12020,17743,18040,13863,9141.9,6341.6,16925,18790,21542,21486,23385,19302,15391,14178,12374,8304.7,13402,12921,14160,13206,16630,17225,18332,21007,20078,19729,23716,4899.6,13673,5528,7629.5,5834.8,1592.5,8082.5,11324,15994,17409,18295,11086,11151,10183,9969.1,8276.1,9595.9,10948,10727,10267,11966,12002,9913.3,11700,11771,10940,12144,10817,13385,12137,6231.1,7723,7660.3,8482.8,3637.7,9992.1,9568.7,9251.7,8025.7,6043.4,9114.1,9090.9,9412.3,6038.5,6225.2,8421.3,528.42,1890.6,1662.8,9022,9971,11444,11672,12307,11100,10600,12167,11170,11636,12167,13695,13307,12380,13679,15799,8116.6,9105.4,8000.2,10792,11068,11200,10636,8522.2,9036.5,11261,8397.5,7146.5,6992.3,5876,9181.2,10513,12688,14836,17109,1907.7,9026.4,9129.1,10810,6620.2,4730,8607.7,15563,15637,8909.1,9885.9,9626.7,8616.4,8697.3,9386.5,9589.5,16949,14174,16818,13677,17224,9562.5,9056.5,10222,9832.4,9928.4,7461.5,8922.5,10598,10628,8216.7,11058,9250.1,12887,17627,11982,12034,12095,9412.6,7879.1,10561,8170.6,9814.8,9648.5,13730,12081,11139,19473,12045,12691,17113,15296,17623,12686,13287,14463,12633,15670,14151,17333,14382,12335,19007,15768,16392,12606,12659,15057,14436,12374,16751,17969,11818,7598.3,8400,17811,18468,20196,21137,20698,17777,16773,15255,12914,8052.2,12582,13133,13030,12658,17459,16671,20327,20775,21000,20019,22145,2727.4,11804,3583,4277.7,4670,827.72,7739,10198,15040,18106,17957,12960,11608,9983,9859.9,9038.1,9443.1,10049,10878,11615,12559,11744,10237,11321,12000,12024,11381,11076,13421,11694,7963.7,7727.8,8611.9,7903.9,4222.6,11549,10893,11349,7606,7354.5,11021,9134.1,9995.1,6359.8,8812.6,9887.6,2079.9,4231.9,5276.8,12003,9550.2,11099,11105,9947.2,10816,11116,11814,11803,10219,13238,14661,12204,11625,11540,14292,7661.5,8691.5,7589.2,10706,10661,9046.6,10026,7812.9,9077.5,10887,6937.2,7431.5,5799,4723.7,9950.4,9948.5,12480,14643,15346,596.27,9521.3,9549,12380,8669.4,4017.4,10399,15308,15834
8388.2,11120,10948,8571.2,9488.2,10226,9839.6,15101,15434,16288,14933,15816,9477.6,8065.5,10809,11670,11572,5497.2,10688,9246.7,8279.6,6731.6,11276,9822.8,12189,17446,11582,12091,10917,9572.1,8354,11367,8225.7,9494.6,9575.9,14786,11995,11452,19975,11867,13030,16586,14693,17476,14689,14314,16518,13658,15008,12741,15615,15282,12958,18665,15386,15323,12680,12520,14221,14384,11991,17773,18053,13927,9180.5,6312.1,16959,18817,21563,21532,23374,19318,15371,14113,12407,8315,13446,12900,14086,13161,16568,17149,18247,21014,20076,19795,23822,4888.1,13731,5529.8,7644.9,5775.1,1590.2,8021.6,11372,16024,17395,18315,11101,11142,10204,9972.5,8270.1,9591.6,10939,10759,10303,11976,12019,9899.4,11713,11774,10983,12095,10786,13381,12184,6228.1,7730.2,7685.1,8507.7,3635.5,9967.3,9611.9,9221.1,8047.1,5971,9086.1,9062.5,9475.5,6039.9,6225.6,8436,529.37,1888.6,1668.7,9050.4,9906.5,11429,11746,12306,11135,10582,12146,11207,11620,12144,13727,13330,12365,13703,15751,8095.1,9113.1,8086.6,10792,11031,11181,10641,8507.9,9174.9,11270,8391,7150.1,6941.6,5890.6,9219.1,10510,12644,14815,17126,1874.4,9074.3,9166.5,10850,6603.2,4747.5,8622.5,15573,15675,8886.5,9908.1,9637.1,8603.4,8676.1,9380.1,9595,16954,14196,16791,13659,17223,9570.4,9089.7,10234,9819.1,9885.5,7449.9,8922.1,10567,10569,8183.4,11006,9275.9,12965,17713,11940,12083,12080,9421.6,7855.3,10653,8169.5,9803.1,9693,13696,12060,11136,19431,12090,12713,17117,15331,17624,12712,13342,14463,12647,15680,14149,17349,14393,12390,19042,15813,16376,12651,12682,15039,14483,12378,16773,17946,11850,7641.9,8382.6,17837,18471,20215,21148,20705,17742,16801,15227,13008,8059.7,12611,13160,12967,12647,17420,16728,20359,20850,20996,20073,22193,2696.7,11834,3568.6,4263.6,4646.2,826.28,7777.9,10201,15071,18160,17948,12979,11622,10015,9839.9,9069.6,9473.2,10096,10895,11618,12538,11796,10288,11329,12016,12040,11430,10982,13405,11690,7940.3,7735.4,8594.2,7900.4,4228.6,11526,10932,11362,7644.4,7359.8,11017,9145,10023,6366.4,8822.2,9902.6,2072.6,4228.8,5263.4,11979,9515.4,11137,11114,9927.8,10800,11125,11828,11795,10164,13276,14669,12225,11659,11537,14248,7663.7,8636,7576.4,10686,10660,8976.6,9974.7,7787.9,9006,10888,6951.5,7392.1,5798.1,4733.7,9919.9,10005,12474,14643,15401,605.5,9533.3,9567.3,12413,8649.7,4022.2,10445,15355,15793
8400.5,11131,10901,8576.5,9482.9,10231,9830.9,15090,15428,16280,14913,15766,9442.8,8075.1,10763,11666,11583,5504.4,10689,9315.6,8293.1,6698.9,11239,9831,12141,17441,11565,12020,10864,9521.8,8326.4,11348,8206.5,9491.4,9472.7,14851,12031,11405,19957,11889,13090,16592,14690,17496,14697,14356,16489,13666,14996,12736,15590,15256,12960,18615,15379,15389,12684,12431,14143,14394,12018,17704,18084,13919,9191.9,6419.9,16951,18774,21545,21594,23315,19312,15314,14111,12362,8313.4,13452,12911,14133,13083,16596,17209,18225,21000,20038,19773,23817,4884.8,13647,5558.8,7650.3,5773.1,1580.2,8042.5,11294,16068,17397,18330,11079,11130,10221,9979.1,8268.4,9571.1,10951,10722,10298,11970,12059,9951.2,11680,11739,11041,12106,10821,13404,12162,6225.7,7776.4,7667.7,8534.3,3622.1,9963.9,9622.5,9205.9,8051.4,6000.3,9118.2,9089.8,9426.6,6036.2,6225.6,8430.3,524.21,1892.8,1648.2,9048,9925.8,11434,11695,12307,11153,10588,12143,11118,11647,12143,13707,13272,12394,13684,15719,8114.9,9063.3,8047.6,10806,11025,11207,10600,8500.5,9152.6,11233,8392.9,7220.9,7118.7,5892.1,9208.3,10500,12622,14751,17119,1883.8,9079.8,9188,10835,6587.6,4747.7,8633,15527,15662,8905.1,9878.3,9607.3,8615.4,8696,9382.6,9621,16991,14204,16832,13664,17221,9578.1,9071.3,10201,9816.9,9926,7432.3,8952.4,10572,10542,8215.8,11006,9328.1,12937,17698,11945,12094,12007,9369.3,7870.6,10607,8150.8,9765.3,9681.7,13734,12136,11163,19428,12090,12731,17136,15351,17670,12688,13097,14472,12632,15675,14128,17366,14419,12376,19104,15811,16422,12670,12709,15097,14476,12385,16819,17932,11920,7624.7,8369.2,17822,18470,20260,21187,20723,17771,16796,15202,12993,8108.5,12567,13185,13107,12772,17410,16733,20322,20902,20954,20057,22192,2721.7,11831,3584.6,4278.6,4653.5,831.94,7790,10129,15100,18161,18024,12952,11676,10020,9918.9,8983.5,9529.9,10092,10899,11675,12588,11774,10276,11284,12001,12042,11326,11016,13427,11699,7947.4,7682.9,8573.2,7870,4234.3,11543,10926,11346,7718.1,7404.4,11028,9115.5,10001,6365.9,8818,9914.6,2067.7,4226.2,5270.6,11976,9518,11151,11136,9901.8,10780,11111,11778,11748,10181,13301,14667,12208,11672,11524,14258,7644.9,8703.4,7564.7,10672,10712,8989.9,10002,7773.1,8978.7,10922,6936.6,7454.8,5825.9,4683.5,9932.9,9962.7,12557,14648,15414,606.89,9558.8,9580.6,12421,8664.1,4023.2,10416,15329,15847
8399.2,11077,10908,8572,9494.4,10230,9861.6,15105,15401,16263,14841,15731,9420.9,8110.8,10737,11654,11547,5511.4,10740,9307.8,8324,6717.2,11268,9824.1,12140,17382,11539,12040,10809,9537.5,8337.2,11344,8254.7,9477.3,9432.6,14870,12068,11389,19974,11881,13033,16594,14687,17460,14670,14347,16497,13665,15027,12704,15596,15238,12967,18596,15379,15316,12648,12483,14075,14289,11990,17726,18029,13890,9166.6,6367,16926,18770,21544,21548,23303,19310,15299,14138,12276,8285.9,13430,12898,14129,13122,16615,17190,18193,20942,20015,19712,23757,4892.7,13632,5559.9,7649.4,5821.8,1572.3,8057.1,11295,16031,17402,18335,11040,11148,10231,9949.8,8287.8,9572.5,10919,10757,10287,11930,12005,9883.8,11672,11727,11001,12031,10869,13414,12126,6197.8,7748.9,7640.6,8507.5,3611.5,9955.5,9602.3,9209,8040.4,6021.3,9114.6,9083.1,9433.6,6021.2,6232.9,8441.3,531.84,1889,1644.5,9042.3,9930.4,11418,11681,12313,11197,10594,12153,11150,11653,12150,13717,13287,12368,13704,15704,8119,9041.1,8028.9,10767,11058,11190,10604,8574.1,9128.1,11279,8378.5,7237.5,7039,5879.9,9172.5,10565,12576,14759,17090,1841.1,9099,9196.6,10832,6589,4740.3,8644.3,15483,15549,8905.8,9888.2,9619.6,8623.4,8717.1,9413.3,9644.9,16986,14230,16843,13693,17304,9567.7,9092.1,10196,9821.6,9916,7471.7,8958.2,10594,10618,8256.2,11078,9335,12891,17687,11967,12085,11983,9360,7858.1,10615,8162.7,9788.3,9669.5,13796,12136,11204,19413,12087,12728,17157,15333,17674,12691,13169,14524,12569,15635,14131,17403,14400,12412,19077,15781,16454,12643,12763,15030,14427,12372,16799,17958,11853,7654.9,8401.5,17814,18451,20237,21215,20713,17801,16740,15198,12934,8068.8,12599,13153,13132,12620,17478,16725,20348,20866,20992,20061,22154,2710,11853,3581.5,4300.6,4649.6,842.4,7750.5,10227,15089,18146,18024,12964,11711,10051,9912.5,9006.4,9465.1,10103,10877,11734,12541,11714,10266,11329,11968,12000,11248,11067,13419,11707,7910.8,7722.3,8589.5,7870.2,4229.9,11542,10935,11338,7634.1,7409.6,11033,9115.5,10025,6354.6,8828.8,9936.1,2080,4231.6,5266.3,12018,9561.6,11130,11132,9952.7,10787,11151,11788,11772,10164,13264,14679,12237,11669,11543,14291,7635.8,8725.5,7570.4,10654,10732,9013.1,10042,7763.6,9015.9,10905,6943.4,7456.9,5875.1,4748.4,9915.3,10024,12511,14629,15435,608.02,9519.8,9578.2,12375,8672,4019.7,10438,15302,15768
8402.2,11109,10914,8564,9490,10191,9829,15137,15432,16275,14961,15746,9479.2,8085.1,10758,11670,11545,5509.9,10700,9203.2,8281.6,6677.2,11300,9785.3,12151,17410,11584,12072,10932,9548.3,8367.7,11338,8206.9,9476.2,9480.6,14910,12053,11367,19935,11871,13029,16594,14710,17431,14691,14343,16464,13668,15020,12746,15647,15263,12975,18661,15354,15371,12682,12612,14174,14337,11936,17752,17989,13807,9155.8,6363.7,16902,18786,21547,21583,23351,19308,15314,14165,12398,8358,13432,12900,14126,13074,16513,17134,18164,20950,20066,19728,23775,4897,13780,5577,7640.3,5819.9,1593.4,8063.6,11348,15996,17360,18335,11075,11168,10255,9961.4,8268.3,9620.1,10969,10752,10262,11937,12001,9966.9,11711,11717,11001,11899,10767,13381,12142,6208.4,7742.2,7687.7,8518.1,3600.1,9971,9591.1,9221.6,8069.4,5938.3,9133.2,9075.1,9475.1,6035.4,6234.8,8442.2,532.4,1897.7,1653.8,9072.1,9925.1,11471,11719,12329,11173,10592,12135,11132,11593,12171,13736,13283,12362,13705,15721,8116.3,9041.2,8105.4,10733,11043,11183,10648,8557.8,9165.3,11260,8358.8,7181.2,6947.3,5924.2,9193.3,10497,12643,14786,17067,1875.7,8992.9,9124.9,10801,6608.3,4736.2,8616.3,15543,15591,8909.5,9908.9,9643.2,8608.9,8698,9380.1,9611.4,16953,14220,16798,13651,17277,9572.9,9082.3,10231,9817.8,9898.5,7465.2,8937.6,10586,10593,8181.4,11105,9305.4,12868,17627,11944,12065,12102,9370.5,7863.6,10629,8132.1,9779.9,9704.5,13709,12061,11171,19454,12078,12718,17154,15307,17645,12742,13180,14489,12586,15666,14128,17355,14363,12396,19017,15770,16402,12613,12873,15014,14491,12301,16786,17942,11812,7657.5,8390.7,17820,18459,20183,21171,20733,17773,16806,15202,12960,8044.6,12573,13117,13119,12649,17404,16684,20352,20792,21007,20024,22152,2717.1,11832,3575.9,4295.1,4665.7,845.73,7760.3,10218,15066,18147,17995,12977,11658,10016,9803.2,9047.3,9466.2,10112,10888,11619,12491,11731,10269,11336,11952,12031,11313,11000,13384,11681,8006.1,7709.8,8555.5,7876.1,4235.4,11543,10950,11330,7620.9,7385.3,11018,9157.8,10041,6388.9,8811.7,9932.2,2079.3,4217.8,5265.9,12023,9550.5,11149,11135,9965.6,10787,11144,11799,11831,10171,13273,14655,12216,11635,11549,14276,7628.6,8706.3,7528.2,10694,10725,8973.7,10042,7772,8940.4,10924,6947.9,7378.8,5795,4761.3,9952.5,10013,12465,14656,15383,607.34,9533,9562.3,12361,8660,4029.9,10356,15281,15744
8398.3,11120,10927,8554.1,9464.3,10182,9819.2,15136,15426,16274,14996,15792,9451.1,8091,10763,11645,11534,5504.1,10662,9208.8,8233.6,6670.7,11294,9844,12155,17431,11573,12065,10896,9535.8,8340.3,11373,8192.9,9475,9471.2,14857,12046,11376,19928,11845,13038,16602,14722,17476,14684,14321,16474,13678,15016,12763,15665,15253,12972,18664,15362,15382,12634,12506,14180,14363,11974,17741,18074,13903,9222.6,6359.5,16942,18807,21561,21578,23351,19309,15329,14161,12403,8313.9,13383,12916,14098,13135,16518,17148,18170,21027,20064,19790,23790,4917.7,13681,5548.5,7652.8,5826.3,1597.7,8124.8,11316,16026,17403,18323,11102,11164,10242,10027,8351.5,9658.1,10971,10737,10275,12012,12066,9921.2,11721,11785,10966,11984,10922,13357,12185,6123.4,7753.4,7649,8495,3591.8,9995.3,9576.6,9238.3,8045.2,5946.2,9140.1,9106.8,9431.7,6020.5,6212.4,8428.8,528.67,1882.6,1644.8,9081.4,9852.4,11475,11746,12316,11138,10570,12184,11161,11572,12164,13732,13287,12370,13681,15717,8072.6,9038.4,8113.9,10753,11019,11140,10657,8532.6,9158.6,11205,8349.7,7176,6983.8,5935.8,9230.2,10513,12709,14789,17054,1878.8,9026.1,9187.9,10818,6577.7,4726,8629.1,15540,15640,8900.8,9913.5,9613.2,8616,8684.1,9375.3,9604.1,16983,14187,16811,13631,17230,9573.3,9044.5,10205,9792.9,9882.4,7428.1,8871.1,10561,10533,8165.2,11064,9299.8,12915,17644,11953,12064,12082,9372.3,7845.9,10599,8180.7,9797.8,9659.3,13702,12099,11150,19472,12067,12699,17153,15350,17686,12705,13236,14462,12612,15655,14103,17340,14379,12401,18998,15766,16394,12609,12782,15025,14500,12391,16770,17920,11906,7646.8,8400.3,17825,18502,20201,21171,20750,17781,16773,15221,13021,8045.2,12569,13190,12994,12654,17341,16735,20341,20858,20942,20100,22210,2712.6,11838,3577.2,4280.9,4666.8,835.77,7818.6,10210,15100,18165,17976,12963,11636,10007,9867.2,9022,9477.4,10129,10900,11660,12554,11859,10282,11294,12020,12096,11336,11071,13389,11660,7962.6,7710.8,8570,7863.4,4179.4,11541,10891,11358,7598.7,7381.6,11070,9149.2,10010,6390.1,8819.2,9918.5,2084.4,4222.7,5261.3,11979,9535.6,11133,11133,9925,10798,11131,11814,11786,10125,13269,14653,12217,11647,11515,14234,7667.9,8652.9,7513.3,10669,10698,8993.5,10022,7789.7,8930.2,10902,6917.5,7393.6,5817.7,4766.8,9976.3,10030,12525,14645,15366,601.96,9557.6,9549.8,12357,8624.1,4019.9,10381,15282,15853
8403.7,11102,10928,8562.4,9484.4,10216,9841.4,15137,15436,16244,14907,15767,9438.4,8081.8,10782,11668,11542,5496.9,10703,9239.2,8263.7,6735.9,11292,9817.9,12183,17447,11600,12089,10868,9544.5,8371.2,11375,8188.1,9481.8,9487.4,14874,12032,11413,19991,11895,13014,16629,14705,17499,14719,14388,16501,13685,15032,12745,15655,15270,12947,18677,15381,15411,12724,12494,14189,14423,11978,17789,18059,13873,9181.3,6358.4,16930,18830,21588,21575,23356,19319,15312,14172,12393,8322,13442,12910,14135,13124,16589,17224,18200,21032,20130,19807,23819,4900.6,13674,5579.5,7665.4,5817.2,1606.3,8048.3,11378,16041,17428,18360,11088,11178,10222,9945,8277.8,9578.9,10942,10723,10222,11993,11996,9895,11689,11720,11060,12154,10789,13439,12160,6136.9,7726.1,7658,8519.4,3622.8,9962.1,9556.2,9228.9,8021.5,5972.8,9118.7,9062.8,9425.1,6025,6220.3,8433.5,527.41,1882.8,1652,9099.5,9923.2,11448,11763,12365,11154,10602,12149,11168,11632,12187,13755,13284,12380,13740,15773,8106.9,9042.7,8034,10748,11056,11184,10643,8549.7,9113.2,11252,8359.6,7156.1,6916.1,5907.3,9220.3,10514,12642,14785,17081,1893,9015,9145.7,10791,6576.4,4725.6,8602.2,15592,15613,8901.7,9906.7,9635.6,8605.2,8695.5,9367.4,9590.5,17018,14182,16821,13627,17267,9567.9,9086.4,10221,9824.2,9913.1,7430.5,8936.9,10533,10527,8170.8,11061,9310.9,12927,17674,11981,12068,12087,9385.7,7848,10612,8142,9768.8,9668.4,13767,12149,11134,19491,12089,12713,17184,15343,17650,12726,13302,14476,12640,15691,14148,17346,14391,12367,19026,15792,16408,12648,12700,15111,14474,12388,16788,17955,11871,7655,8376,17806,18479,20263,21184,20728,17769,16756,15190,12982,8033.6,12573,13157,13104,12630,17352,16703,20361,20857,20946,20082,22161,2715.2,11801,3566,4285.5,4618,834.46,7758,10173,15100,18157,18001,12941,11674,10041,9900.9,9060.9,9474.6,10113,10901,11605,12544,11760,10258,11252,11988,12032,11311,11021,13402,11694,7943.2,7714.6,8579.3,7874.9,4201.2,11553,10903,11357,7668.1,7373.2,11049,9148.3,10011,6357.6,8819.1,9890.7,2083.2,4233.3,5274.7,11988,9524.2,11132,11134,9971,10768,11146,11793,11790,10131,13315,14671,12206,11662,11526,14254,7641.9,8696.8,7552.8,10647,10750,8987,10036,7736.5,8968.4,10872,6920.4,7387.1,5842.4,4691.2,9930.8,10005,12533,14663,15358,601.64,9492.2,9571.2,12356,8638.3,4010.2,10367,15298,15808
8405.8,11148,10916,8564,9492.5,10214,9858.8,15153,15449,16321,14931,15720,9445.3,8082.4,10748,11677,11526,5473.8,10720,9277.5,8288,6689.6,11266,9814.8,12128,17419,11597,12065,10851,9538,8347.9,11395,8226.8,9477.8,9451.2,14928,12063,11399,20018,11892,13089,16615,14673,17435,14709,14323,16489,13675,15036,12698,15594,15252,13017,18632,15375,15410,12694,12533,14153,14337,11985,17703,18044,13904,9187.5,6361.1,16883,18778,21555,21539,23331,19320,15311,14147,12330,8283.7,13407,12908,14120,13099,16576,17161,18206,20982,20048,19795,23799,4890.7,13699,5549.5,7636.9,5811.3,1556.6,8067.5,11305,15993,17328,18353,11066,11170,10257,9998.5,8350.5,9622.6,10953,10735,10264,11946,12063,9962.7,11616,11789,11020,12027,10833,13396,12117,6231.9,7763.7,7642.2,8496.9,3619.6,9995.3,9616.4,9229.1,8058.9,5998.1,9134.6,9086.5,9427.8,6040.2,6222.1,8408.7,524.78,1894,1647.2,9051.5,9918.6,11428,11703,12321,11143,10591,12149,11090,11623,12146,13700,13271,12349,13692,15734,8121.1,9053.8,8108.4,10789,11020,11214,10639,8467.2,9118.9,11271,8398.8,7189.7,7031.9,5925.5,9240.8,10507,12589,14756,17009,1886.2,9014.4,9188.4,10801,6613.9,4726.2,8587.5,15535,15650,8920.3,9919.5,9637.8,8615.5,8701.8,9375.5,9625.9,16999,14227,16847,13667,17265,9595.8,9056.2,10190,9840.8,9924.2,7470,8961.5,10594,10533,8177.6,11032,9318.4,12920,17698,11969,12089,12053,9356.4,7846.5,10630,8158.9,9778.4,9684.9,13805,12147,11156,19527,12111,12768,17202,15374,17638,12705,13113,14490,12595,15709,14136,17360,14415,12424,19052,15785,16414,12696,12812,15051,14498,12316,16813,17982,11881,7662.3,8385.7,17780,18455,20272,21179,20701,17711,16784,15186,12973,8060.6,12529,13112,12965,12666,17425,16723,20336,20869,20945,20054,22153,2719.4,11837,3593.9,4287.7,4644.1,841,7776.8,10156,15057,18102,17995,12952,11669,10038,9839.1,9050.2,9503.5,10103,10885,11692,12545,11748,10313,11262,12019,12032,11325,11014,13399,11662,7981.8,7718.4,8569,7878.2,4243.4,11571,10918,11356,7626,7396.7,11038,9125.9,10001,6380.2,8832.9,9905.3,2072.4,4235.4,5267.4,11973,9518.1,11141,11130,9925.8,10793,11121,11802,11769,10191,13285,14675,12201,11636,11477,14267,7649.1,8749.5,7565.6,10670,10697,8997.4,10025,7770.6,8925,10937,6961.9,7368.2,5805.2,4722,9958.5,9998.9,12517,14656,15324,615.25,9553.5,9583.6,12392,8682.9,4030.3,10367,15334,15821
8415.5,11103,10941,8584.6,9501.6,10209,9845.6,15193,15481,16353,14989,15789,9484.3,8060.9,10748,11674,11528,5511.5,10706,9208.2,8331.2,6694.1,11304,9851.9,12150,17410,11566,12053,10854,9530.6,8325.2,11337,8247.2,9467.9,9404.7,14892,11962,11374,20047,11901,13099,16579,14708,17449,14696,14276,16459,13670,15029,12692,15645,15271,13048,18768,15374,15376,12665,12506,14238,14402,12028,17735,18036,13877,9197.4,6389.8,16892,18785,21544,21515,23317,19310,15294,14141,12345,8304.4,13422,12924,14092,13094,16530,17141,18154,20952,20066,19747,23763,4906.5,13691,5545.5,7637.3,5798.9,1598.8,8072.9,11303,16000,17286,18309,11164,11204,10282,10041,8281.3,9640.6,11000,10723,10285,11967,12012,9933.2,11695,11750,11006,12075,10851,13370,12122,6203.5,7728.5,7649.8,8522,3598.4,9989.8,9624,9230.2,8054.1,6002.6,9108.2,9071.8,9431.8,6020.8,6223.9,8419.6,531.64,1895,1647.3,9061.6,9918.3,11450,11713,12342,11116,10578,12154,11122,11629,12162,13704,13255,12379,13647,15700,8105.1,9045,8105.3,10808,11064,11154,10611,8456.9,9145.4,11217,8397.8,7198,7058.5,5893.2,9201.9,10552,12630,14762,17022,1907.3,9080.7,9185.8,10827,6587.3,4746.5,8613.3,15496,15630,8921.8,9895.1,9634.2,8634.3,8712.7,9384.4,9635.3,16983,14259,16821,13685,17299,9611.8,9125.9,10202,9829.8,9886.7,7492.1,8894.6,10554,10642,8251.9,11059,9408.9,12883,17678,11962,12075,11985,9352.6,7849.3,10680,8162.9,9779.8,9685.7,13776,12137,11147,19475,12121,12816,17171,15362,17637,12700,13146,14459,12567,15671,14096,17392,14376,12481,19072,15770,16431,12639,12878,15076,14508,12361,16790,18005,11889,7674.8,8374.2,17790,18461,20266,21174,20741,17845,16796,15206,12925,8069.6,12582,13121,13027,12638,17445,16680,20394,20951,20995,20077,22157,2709.9,11845,3562.6,4302.1,4655.6,842.74,7807.6,10210,15075,18125,17991,12943,11690,10016,9863.5,9033.1,9473.4,10113,10917,11706,12552,11767,10292,11331,12010,12005,11354,11013,13430,11688,8003.6,7703.1,8568.6,7909.5,4228.8,11580,10909,11351,7634.8,7369.5,11033,9109.2,10022,6381.5,8816.8,9910.3,2067.1,4220.8,5254.2,12001,9543.9,11127,11130,9899.3,10746,11107,11756,11751,10172,13307,14687,12203,11644,11498,14263,7657.4,8604,7554.5,10682,10648,8996.7,10017,7791.4,8948.5,10932,6927.3,7415.9,5819.3,4740.3,9919.9,10014,12526,14701,15369,610.85,9513.1,9665.1,12423,8681.1,4022.5,10356,15326,15859
8408,11144,10901,8561.3,9503.6,10236,9863.4,15141,15420,16271,14964,15845,9468.1,8080.1,10770,11642,11580,5514.2,10747,9320.4,8311.3,6706.9,11265,9778,12170,17417,11571,12107,10866,9535.8,8371.8,11287,8217.7,9490.8,9420.6,14915,12002,11385,19942,11863,12990,16615,14736,17473,14683,14354,16497,13686,15028,12771,15669,15275,12989,18713,15370,15325,12624,12538,14152,14406,11968,17747,18052,13857,9177.8,6337.3,16920,18812,21520,21563,23319,19250,15351,14156,12347,8302.1,13387,12908,14119,13142,16611,17164,18239,20957,20063,19773,23722,4881.6,13651,5591.8,7654.8,5805.6,1580.5,8061.1,11303,16038,17397,18335,11032,11159,10247,9941.4,8289,9626.5,10967,10719,10265,11969,11978,9936,11660,11722,11000,12079,10770,13388,12175,6175.5,7706.8,7662,8489.1,3617.1,9973.7,9601.6,9233.7,8023.3,6006.3,9098.7,9056.6,9449.2,6017,6213,8445.8,527.81,1894.1,1649.6,9059.9,9928.7,11429,11724,12284,11157,10588,12163,11189,11622,12164,13731,13268,12377,13658,15724,8109,9039.1,8107.7,10778,11040,11197,10640,8569.3,9162.2,11232,8373,7194.2,6887.8,5927.5,9236.6,10544,12582,14790,17091,1938.7,9041.4,9152.2,10790,6561.5,4742.7,8560.4,15536,15553,8906,9910,9609.7,8602.8,8713.9,9384.7,9599,16935,14193,16842,13683,17279,9563.6,9088.8,10209,9794.8,9902.9,7451,8963.5,10634,10640,8240.5,11043,9278.3,12848,17682,11920,12040,12067,9388.3,7864.2,10661,8170.7,9778.5,9683.4,13729,12123,11168,19364,12099,12681,17144,15374,17615,12704,13186,14455,12620,15678,14098,17345,14377,12394,19054,15750,16383,12600,12789,14994,14483,12327,16793,17974,11881,7605.8,8416.1,17844,18488,20190,21216,20652,17841,16809,15231,12938,8099.5,12600,13142,13078,12729,17526,16699,20388,20848,21046,20043,22186,2731.9,11873,3585.2,4283.9,4655.4,832.82,7768.4,10208,15118,18125,18013,12919,11641,10028,9841.1,9025.4,9449.6,10085,10865,11680,12559,11750,10284,11318,11999,12060,11404,11036,13406,11698,7946,7713.2,8565,7895.3,4215.1,11576,10939,11356,7601.7,7360.6,11026,9135.8,10035,6364,8795.9,9898.1,2076.2,4226.6,5268.8,12024,9590.6,11125,11131,9929.7,10761,11113,11823,11763,10181,13317,14669,12218,11643,11535,14211,7616.9,8687.2,7559.7,10706,10692,9011.7,10013,7731.7,8984.1,10951,6925.2,7411.7,5815.8,4729.8,9950,10036,12523,14665,15427,602.44,9506.4,9602.5,12393,8637.1,4030.5,10393,15278,15729
8393.7,11175,10930,8561.5,9486.9,10219,9870.1,15115,15417,16302,14930,15825,9474.8,8092,10771,11658,11630,5522.5,10745,9281,8327.4,6712.7,11289,9816.6,12138,17415,11530,12037,10870,9539.4,8347,11303,8206.2,9494.4,9461.2,14908,11995,11402,19945,11888,13092,16570,14696,17477,14691,14320,16481,13690,15059,12777,15602,15253,12976,18646,15387,15356,12652,12517,14169,14414,11994,17652,18000,13840,9166,6354.5,16954,18779,21506,21532,23331,19266,15345,14141,12320,8305.7,13413,12945,14140,13163,16630,17165,18281,21014,20077,19759,23763,4896.6,13702,5575.9,7652.5,5840.9,1573.9,8029.6,11290,16058,17412,18366,11058,11144,10237,9966.4,8301.2,9582.6,10946,10738,10262,11973,12007,9903.9,11644,11750,10971,11995,10895,13371,12145,6248.7,7739.5,7654.6,8471.4,3616.6,9968.7,9601.5,9213.4,8049.6,6023.6,9108.4,9079.4,9452.6,6045.1,6207.9,8423.4,527.69,1893.9,1652.4,9025.9,9940.8,11424,11716,12326,11172,10610,12175,11173,11636,12143,13711,13272,12370,13675,15751,8126.9,9063.7,8033.9,10814,11044,11161,10646,8450.9,9131.9,11277,8401.3,7181.9,6960.3,5916.3,9204,10496,12655,14836,17110,1917.9,9027.3,9151.7,10820,6600.1,4741.5,8603.1,15577,15582,8888,9874.7,9630.3,8586.6,8680.5,9380,9606.8,16959,14168,16815,13697,17229,9548.8,9098.4,10227,9806.8,9868.6,7437.6,8916.8,10588,10599,8246.6,11053,9302.4,12882,17664,11993,12058,12115,9413.2,7845.7,10606,8157.2,9785.2,9721.3,13715,12055,11181,19394,12060,12739,17084,15335,17658,12709,13191,14468,12546,15655,14120,17330,14399,12382,19025,15787,16379,12673,12694,14980,14495,12326,16750,17934,11826,7573.1,8355.6,17860,18510,20138,21188,20645,17761,16804,15227,12903,8046.5,12578,13143,13125,12736,17467,16631,20367,20855,21033,20049,22150,2715.1,11856,3574.8,4274.6,4669.4,832.4,7755.3,10230,15110,18166,17984,12953,11636,10015,9831.8,9032.2,9439.6,10056,10846,11697,12552,11728,10288,11333,11988,12038,11339,11096,13409,11678,7987.8,7752.1,8591.8,7860.6,4246.2,11557,10896,11333,7622.4,7401,11033,9107.2,9969.8,6373.8,8808,9917.6,2081.4,4231.5,5266.3,12009,9547.9,11115,11122,9936.3,10785,11139,11804,11794,10185,13250,14650,12210,11638,11548,14242,7673.7,8692.6,7527,10703,10706,8985.7,10007,7810.3,8946.4,10908,6958.9,7372.1,5802.7,4720.4,9918.5,10049,12529,14658,15371,615.33,9532.7,9549.5,12378,8641.1,4020.7,10362,15257,15760
8402.3,11103,10949,8565.5,9483,10237,9858.6,15156,15436,16285,14990,15802,9487.5,8094,10778,11647,11542,5491.2,10727,9329.1,8304.5,6723.8,11241,9774,12130,17417,11558,12012,10868,9542.1,8372.9,11306,8188.9,9498.8,9483.5,14852,11991,11404,19953,11908,13051,16579,14720,17500,14691,14384,16480,13725,15034,12728,15661,15274,12974,18674,15382,15403,12689,12627,14287,14424,11992,17712,18030,13763,9175.9,6324.9,16932,18779,21539,21573,23323,19289,15327,14169,12369,8332.1,13419,12908,14121,13149,16635,17214,18241,21019,20057,19786,23767,4898.6,13664,5557.6,7669.6,5801.4,1589.3,8053.7,11310,16047,17438,18327,11154,11163,10246,9937.1,8284.7,9576,10940,10711,10262,11963,12032,9929.2,11709,11699,11034,12038,10865,13382,12144,6200.7,7768.8,7647.7,8531,3590.4,9964.1,9578.7,9237.5,8055.8,6010,9106.8,9080.8,9406,6026.2,6213.2,8416,529.26,1872.2,1649,9071.4,9974.6,11428,11696,12330,11141,10634,12155,11143,11673,12164,13719,13279,12361,13693,15721,8086.6,9101.9,8056.8,10825,11034,11219,10656,8477.7,9219.6,11251,8395.3,7152.5,7032.4,5909.4,9214.3,10543,12645,14791,17128,1890.1,9033.7,9189.9,10829,6604.2,4724.4,8618.7,15593,15678,8888.6,9925.3,9610.2,8596.3,8689.3,9364.7,9627,16992,14191,16809,13653,17239,9560.3,9036.6,10221,9816.9,9898,7440.3,8948.9,10619,10659,8219.7,11122,9284.7,12899,17630,11961,12011,12116,9372,7872.2,10616,8110.7,9846.9,9675.7,13804,12120,11180,19476,12074,12736,17127,15339,17684,12715,13281,14471,12622,15636,14134,17368,14404,12359,19032,15829,16421,12674,12581,15069,14507,12340,16800,17947,11874,7655.3,8371.4,17808,18435,20216,21131,20705,17749,16795,15223,12928,8021.7,12556,13153,13093,12654,17419,16704,20389,20907,21011,20084,22140,2717.7,11866,3554.3,4312.1,4648.6,830.36,7756.9,10207,15092,18184,17968,12953,11659,10026,9872.2,9002.1,9484.2,10111,10896,11651,12526,11762,10336,11305,11997,12006,11331,11045,13385,11664,7911.7,7729.6,8601.7,7918.2,4229,11553,10910,11311,7661.1,7430.5,11020,9085.2,9977.7,6371.3,8805.8,9894.2,2075.9,4220,5248.9,12009,9550.5,11094,11113,9946.1,10769,11146,11790,11787,10166,13278,14655,12196,11617,11513,14266,7618.6,8695.1,7575.2,10709,10742,9001.4,10071,7771.2,8987.1,10880,6935.7,7388,5817.2,4724,9934.7,10020,12549,14669,15347,617.62,9535.7,9591.5,12369,8623.3,4002,10369,15381,15841
8389.3,11162,10940,8559.2,9507.5,10219,9835.8,15125,15437,16286,14955,15873,9462,8127.7,10761,11643,11581,5492.4,10752,9288.2,8301.1,6769.2,11299,9780.9,12157,17394,11557,12062,10882,9526.4,8386.4,11324,8249.8,9519.9,9511.7,14812,12004,11389,19967,11892,12988,16599,14720,17459,14670,14325,16507,13725,15053,12762,15680,15285,12949,18703,15360,15372,12609,12520,14123,14364,11973,17768,18061,13841,9167.7,6357.5,16957,18824,21534,21533,23318,19289,15377,14169,12348,8304.6,13441,12904,14132,13150,16696,17178,18299,20992,20081,19744,23764,4905.2,13714,5536.7,7627.8,5779.5,1580.3,8057.7,11368,16034,17387,18329,11039,11170,10230,9945,8284.3,9660.2,10951,10771,10286,11954,12024,9962.8,11656,11739,10947,12093,10786,13435,12193,6221,7747.8,7669,8500.1,3616.4,9975.8,9611.3,9247.9,8047.3,5991.5,9101.6,9069,9419.8,6010.8,6214.5,8448.4,531.11,1887.6,1653.1,9082.1,9940.3,11425,11711,12370,11188,10613,12143,11199,11697,12179,13730,13296,12394,13714,15723,8078.6,9066.3,8089.1,10837,11055,11200,10650,8560.3,9140.6,11324,8402.7,7183.8,6994.4,5939.6,9193,10552,12600,14822,17146,1895.9,9029.4,9182.8,10843,6598.6,4749.9,8552.9,15553,15628,8863.4,9882.5,9614.8,8591.9,8667.4,9374.5,9633.8,16943,14208,16811,13651,17200,9548.2,9091.8,10202,9783.4,9897.9,7460.7,8951.8,10566,10639,8209.1,11066,9326,12887,17616,11902,12006,12091,9323.7,7831.3,10586,8127.7,9784.9,9647.2,13729,12104,11121,19473,12085,12698,17132,15341,17609,12687,13246,14465,12656,15640,14137,17348,14396,12359,19067,15769,16421,12667,12792,14991,14458,12341,16795,18008,11794,7638.1,8370,17838,18436,20239,21142,20657,17773,16793,15224,12954,8056.2,12575,13170,13074,12729,17523,16736,20393,20809,21040,20005,22147,2705.8,11820,3556.4,4290.7,4644,831.36,7747.5,10156,15085,18146,17958,12931,11634,10018,9892.9,9030.7,9442,10090,10906,11692,12515,11769,10328,11345,11992,12062,11305,11100,13400,11670,8011.5,7748.3,8591.6,7891.2,4217.8,11536,10918,11342,7667.6,7424.8,11016,9155.1,10004,6372.8,8796.1,9905.6,2078.2,4219.3,5263,11983,9566,11098,11114,9932.6,10801,11133,11827,11780,10213,13301,14644,12200,11631,11525,14221,7663.8,8685.7,7513.3,10706,10664,8999.7,10011,7748.8,8923.9,10843,6961.3,7379.9,5824.1,4749.5,9947.5,10042,12479,14625,15357,608.17,9533.6,9547.6,12378,8658.1,4013.5,10392,15259,15784
8422.9,11137,10932,8577.5,9499.6,10201,9826.7,15123,15426,16319,14938,15844,9489.6,8055.9,10793,11666,11584,5498.7,10672,9255.7,8255.8,6737.7,11252,9816.6,12127,17429,11553,12066,10866,9571.3,8375.8,11389,8240,9509.6,9501.1,14864,12054,11425,19971,11874,13034,16599,14676,17438,14684,14347,16513,13715,15020,12800,15661,15276,13001,18655,15368,15388,12646,12574,14129,14343,11994,17720,18044,13884,9172.3,6371.9,16934,18812,21546,21491,23308,19294,15434,14138,12387,8360.3,13435,12899,14097,13127,16615,17215,18283,20987,20073,19740,23791,4885.5,13714,5548.8,7622,5778.1,1570.7,8055.1,11397,16029,17391,18332,11063,11148,10232,9936.9,8256.4,9650.2,10943,10707,10287,11971,11989,9909.3,11643,11669,10943,12131,10834,13398,12163,6223.3,7739.8,7669.8,8493.8,3650,9999.2,9607.9,9236,8067.7,5994.2,9124.8,9091.3,9444.4,6032.8,6225.8,8449.2,528.09,1893.4,1654.6,9062.5,9892,11477,11738,12317,11159,10611,12188,11185,11634,12137,13727,13313,12403,13718,15752,8090.5,8952.7,8119.3,10811,11038,11184,10632,8561.4,9168.7,11261,8379,7101.9,6963.1,5910.7,9173.1,10477,12618,14809,17149,1882.6,9031,9174.5,10812,6603,4754.3,8554.3,15500,15557,8900.4,9843.7,9607,8600.2,8690.4,9373.8,9594.1,16950,14184,16822,13660,17258,9576.8,9063.9,10189,9795.5,9887.9,7444.4,8909.2,10544,10631,8226.1,11014,9274.2,12897,17631,11944,12047,12040,9327.5,7839.1,10590,8153.5,9769.6,9664.3,13703,12078,11119,19468,12088,12713,17156,15318,17621,12683,13283,14478,12621,15685,14166,17349,14380,12362,19040,15782,16386,12636,12779,15073,14476,12422,16788,17931,11848,7644.9,8354.2,17835,18437,20221,21181,20679,17745,16759,15200,12955,8026.3,12576,13118,13049,12588,17445,16676,20382,20777,20995,19973,22134,2710.3,11786,3580.7,4274.6,4641.1,821.81,7732.5,10129,15100,18177,17971,12904,11638,10019,9806.6,9005.5,9462.7,10090,10840,11671,12509,11726,10344,11285,11954,12018,11291,11018,13409,11697,7985.8,7720.1,8586.1,7894.7,4228,11562,10913,11367,7627.9,7390.8,11047,9132.5,10017,6372.7,8811.7,9909.1,2091.2,4233.1,5279.1,12007,9520.6,11130,11094,9898.5,10791,11120,11816,11808,10159,13285,14653,12221,11639,11532,14229,7650.6,8698.7,7572.2,10698,10655,8995.2,10028,7784.2,8998,10882,6949.7,7355.1,5756.7,4707.6,9949.5,9970.9,12478,14627,15370,605.07,9519.2,9584,12416,8695.8,4029,10393,15255,15791
8429.7,11099,10904,8603.7,9491.1,10192,9822.9,15148,15432,16290,14935,15781,9497.5,8058,10764,11653,11578,5522.4,10645,9185.4,8254.5,6705.9,11288,9815.3,12181,17431,11590,12130,10896,9553.7,8371.7,11357,8214.7,9476.8,9449.9,14912,11999,11397,19930,11875,13009,16588,14687,17484,14708,14315,16482,13688,14987,12747,15599,15240,13002,18635,15359,15354,12689,12512,14221,14417,11963,17729,18047,13792,9166.4,6349.6,16975,18845,21562,21544,23370,19305,15363,14157,12391,8324.5,13472,12904,14065,13050,16559,17180,18219,21022,20092,19796,23784,4883.2,13649,5561,7664.1,5833.5,1566.9,8065.2,11336,16023,17398,18336,11105,11150,10223,9966.7,8320.6,9584.5,10956,10742,10265,11970,12017,9982.4,11636,11717,11029,12078,10808,13361,12146,6199.7,7757.6,7672.7,8559.5,3620.8,10001,9602.3,9221.5,8012.3,5986.7,9113,9069.3,9463.2,6018.8,6245.1,8486.9,530.96,1894.7,1654.1,9072.9,9892.8,11446,11750,12320,11166,10570,12152,11207,11597,12143,13749,13315,12390,13735,15794,8138,8982,8093.1,10718,11014,11122,10657,8428.2,9163.5,11265,8374.1,7185.2,6942.3,5912.9,9213.8,10502,12635,14809,17136,1886.8,9063.5,9130.1,10841,6601.2,4755.8,8555.6,15519,15615,8921.5,9891.3,9619.1,8607.5,8703.3,9362.6,9574.8,16981,14196,16819,13594,17291,9605.8,9052.2,10211,9766.2,9877,7438.6,8892.5,10447,10455,8174.1,11003,9323.6,12937,17659,11985,12066,12031,9417.8,7860.7,10664,8166.9,9791.4,9682.4,13719,12117,11187,19424,12083,12717,17117,15298,17651,12693,13196,14454,12555,15648,14111,17336,14411,12402,19001,15818,16364,12665,12715,15122,14467,12375,16747,17885,11835,7591,8404.5,17859,18455,20191,21158,20664,17783,16781,15223,12930,8019.6,12593,13146,13056,12584,17374,16636,20315,20840,20973,20078,22193,2688.7,11832,3574.3,4285.4,4635.2,833.77,7763.3,10194,15091,18186,17968,12964,11698,10010,9864.8,8957.6,9456.2,10098,10861,11658,12504,11771,10249,11280,11981,12046,11245,11016,13370,11683,7956.9,7723.4,8576.3,7916,4203.5,11542,10911,11344,7650.8,7329.1,11028,9103.6,10005,6356.1,8808.2,9922.4,2087.8,4221.4,5268.2,12002,9467.7,11118,11116,9936.4,10788,11133,11811,11794,10137,13289,14656,12224,11664,11561,14204,7679,8670.9,7522,10596,10680,8956,10008,7796.8,8991.3,10853,6935.7,7412.4,5816.1,4739.6,9950.4,9996.6,12503,14609,15357,599.59,9522.6,9564.7,12419,8656,4036.9,10344,15283,15808
8394.8,11075,10893,8573.3,9490.9,10195,9807.2,15140,15432,16288,14955,15829,9476,8087.8,10794,11657,11554,5487.7,10694,9170.9,8264.5,6698.2,11231,9776.1,12180,17420,11571,12062,10891,9551.2,8338.1,11338,8232.6,9490.9,9465,14871,11992,11339,19966,11867,13029,16573,14719,17446,14688,14273,16482,13708,14988,12778,15601,15278,12988,18664,15389,15429,12650,12509,14147,14309,11968,17753,18014,13821,9186.7,6371.7,16975,18802,21550,21586,23348,19331,15366,14131,12362,8316.1,13451,12926,14067,13123,16623,17186,18279,20998,20081,19756,23804,4898.8,13743,5571,7663.4,5796.5,1562.2,8030.4,11335,16025,17394,18319,11089,11163,10236,9970.7,8292.3,9556.4,10935,10728,10322,11968,12041,9898.3,11653,11813,11020,12029,10905,13345,12137,6227.1,7714.4,7665.9,8524.4,3606.8,9973.7,9611.4,9221.7,8054.9,6012.5,9128.8,9095,9433.6,6042.6,6244,8457.7,528.69,1890.7,1644.2,9057.6,9924.6,11433,11739,12250,11153,10566,12112,11166,11604,12143,13741,13312,12408,13707,15729,8097.3,9058.1,8067,10734,11009,11119,10592,8469.2,9166.2,11268,8386.8,7172.7,6947.1,5884.3,9184.9,10541,12598,14815,17119,1902.6,9021.5,9142.7,10814,6639,4764.3,8577.2,15512,15640,8896.9,9847.6,9604.5,8611,8680.6,9349.7,9569.7,16991,14202,16775,13642,17249,9599,9029.4,10232,9793.3,9857.4,7422.2,8903.9,10507,10467,8155.6,11047,9298.1,12903,17660,11939,12039,12040,9404.6,7872.2,10592,8126.4,9786.4,9702.3,13705,12135,11164,19403,12103,12709,17127,15300,17627,12728,13106,14443,12555,15656,14073,17352,14374,12405,19051,15787,16416,12655,12625,15022,14440,12339,16795,17905,11842,7587.2,8351.1,17860,18446,20157,21139,20684,17792,16784,15247,12973,8034.1,12580,13143,13044,12678,17489,16662,20382,20812,21033,20054,22151,2693.1,11842,3574.2,4256.7,4614.5,835.22,7748.5,10139,15055,18140,17945,12935,11664,10001,9919.2,8975.5,9448.8,10095,10884,11613,12503,11785,10268,11295,11996,12013,11374,11068,13391,11678,7968.3,7730.2,8597.6,7898.9,4230.1,11544,10876,11312,7659.5,7369,11000,9079.7,10019,6376.2,8809.8,9912,2078.9,4221.7,5256,11978,9478.5,11104,11101,9909,10777,11103,11810,11762,10142,13272,14608,12225,11654,11536,14220,7619.5,8695.1,7589,10626,10665,8921.7,9982.2,7753.8,8990.1,10854,6927.7,7418.9,5789.2,4715.5,9909.6,10027,12487,14648,15385,609.91,9474.6,9520.2,12364,8656.4,4018.9,10394,15316,15777
8376.9,11101,10891,8530.6,9472,10186,9822.2,15125,15398,16230,14910,15785,9419.4,8074.5,10768,11640,11567,5487,10715,9248,8323.2,6716.6,11248,9786.9,12176,17457,11561,12067,10886,9552.8,8334.1,11324,8225.2,9524.4,9506.6,14817,12017,11340,19945,11873,13036,16559,14732,17451,14669,14240,16470,13669,15003,12725,15594,15262,12959,18643,15363,15375,12600,12449,14128,14384,12001,17718,18075,13876,9152,6398.6,16956,18788,21551,21645,23340,19343,15338,14158,12354,8336.5,13437,12886,14125,13138,16611,17187,18229,21047,20051,19747,23803,4898.5,13755,5561.7,7672.7,5824.4,1587.1,8044.3,11290,16013,17402,18359,11027,11152,10216,9940.5,8304.2,9558.4,10934,10719,10311,11957,12026,9995.5,11691,11797,10911,12066,10801,13402,12177,6210.9,7720.4,7672.5,8483.2,3610.3,9989.5,9572.6,9206.7,8043,6001.5,9093.6,9104.3,9451.8,6042.5,6235.3,8434.7,524.14,1888.8,1653.9,9072,9945.4,11469,11739,12295,11113,10582,12113,11114,11634,12152,13714,13320,12382,13688,15741,8124.7,9049.2,8054,10778,11041,11135,10622,8548.2,9157,11196,8385.2,7156.1,6931.3,5888.4,9182.9,10566,12690,14785,17076,1903.8,9033.9,9146.4,10807,6576.7,4753.8,8556.6,15531,15594,8890.8,9847.4,9626.2,8610.5,8697.3,9323.6,9558,16987,14203,16820,13656,17205,9580.3,9072.7,10214,9813.4,9903.5,7423.5,8949,10535,10472,8163.3,11008,9290.2,12898,17666,11949,12040,12117,9377.5,7841.8,10572,8101.9,9828.9,9702.6,13713,12137,11126,19459,12104,12728,17117,15369,17680,12705,13008,14457,12599,15661,14093,17388,14404,12426,19093,15791,16405,12633,12637,15053,14522,12307,16775,17948,11877,7609.8,8379.3,17830,18494,20190,21200,20723,17809,16796,15222,12979,8061.6,12585,13144,13128,12692,17459,16710,20383,20814,21007,20055,22216,2714.3,11945,3584.1,4289,4655.2,843.23,7746.8,10158,15079,18189,18002,12910,11608,10028,9880.3,9004.4,9428.9,10037,10864,11651,12506,11731,10291,11321,11986,11968,11383,11054,13404,11671,7986.6,7727,8610.2,7880.6,4229.2,11552,10896,11358,7623.5,7382.1,11036,9160.5,10019,6393,8825.2,9909.1,2070.8,4227.3,5262.8,11997,9510.2,11116,11130,9927.9,10791,11119,11785,11774,10140,13286,14644,12230,11673,11536,14208,7658.6,8688.7,7563.7,10682,10706,8948.5,10010,7796.6,9071.2,10921,6935.4,7421.7,5790.1,4710.8,9929.9,9984.5,12488,14687,15397,615.32,9507.3,9519,12341,8661.1,4014.5,10426,15295,15791
8386.2,11077,10905,8540.8,9483.5,10198,9840.2,15115,15420,16251,14922,15760,9428.9,8067.9,10736,11670,11571,5493.6,10710,9247.1,8284.5,6741.9,11300,9777.5,12126,17427,11589,12036,10878,9539.9,8357.3,11360,8221.5,9494.7,9461.3,14830,12050,11409,19986,11902,13008,16576,14708,17469,14684,14344,16484,13695,15048,12748,15582,15277,12963,18607,15374,15439,12659,12482,14172,14408,11964,17701,18064,13752,9177,6377.2,16904,18826,21534,21605,23343,19296,15325,14170,12283,8280,13443,12926,14170,13104,16618,17258,18323,20999,20089,19757,23738,4890.6,13756,5565.8,7677.1,5837.1,1570.6,8047.7,11371,16018,17420,18393,11076,11180,10200,9978.1,8251.5,9631,10958,10731,10276,11923,11996,9955.7,11699,11688,10974,12063,10819,13386,12145,6187.6,7719.8,7666.2,8502.8,3608.7,9965.2,9622.8,9216.9,8039.7,5990.6,9080.9,9033.6,9433.2,6023.9,6188.6,8435.6,523.76,1887.5,1654.5,9086.6,9971.3,11438,11738,12331,11146,10610,12162,11118,11698,12183,13710,13287,12344,13659,15727,8104,9020.2,8044,10797,11059,11185,10653,8541.9,9148.8,11230,8423.4,7150.9,7024.5,5922,9166.9,10511,12621,14790,17119,1911.3,9048,9184.4,10800,6606,4735.2,8590.6,15534,15572,8884.7,9889.8,9627.3,8598.4,8701.7,9368,9592.8,16991,14201,16887,13666,17218,9563.6,9027.1,10202,9821.9,9918.6,7458.6,8963.2,10578,10538,8197.5,11075,9298.7,12896,17604,11989,12050,12112,9362.2,7859.2,10601,8145.3,9796.4,9674.1,13748,12123,11194,19461,12078,12760,17139,15356,17630,12741,13146,14507,12586,15672,14161,17382,14395,12413,19050,15780,16402,12606,12700,15008,14490,12305,16746,17938,11799,7635.1,8380.8,17833,18452,20173,21170,20703,17743,16811,15171,12898,8045.9,12574,13096,13154,12718,17459,16682,20349,20807,20981,20008,22167,2709.7,11826,3594.8,4305.4,4644,840.67,7736.7,10146,15125,18196,17958,12953,11661,10037,9853.7,8987.5,9475.4,10055,10870,11649,12513,11725,10292,11311,11975,12005,11390,11030,13406,11689,8014.7,7727.8,8567.5,7899.6,4206,11569,10890,11329,7691.2,7386,11031,9086,10004,6367.9,8795.3,9898.6,2077.4,4220.8,5272.6,12025,9582.6,11100,11128,9979,10825,11119,11812,11815,10213,13288,14665,12204,11648,11537,14255,7630.6,8700,7589.8,10711,10756,8984.5,10061,7758.6,9040.5,10864,6945.3,7421.2,5818.8,4719.4,9920,10007,12498,14643,15359,607.12,9509.9,9612.1,12390,8657.5,4029.4,10344,15288,15732
8392.9,11081,10922,8575.6,9480.2,10234,9854,15129,15395,16294,14958,15794,9436,8076.7,10739,11647,11564,5500,10741,9277.7,8280.2,6749.1,11286,9810.5,12140,17395,11571,12046,10891,9533.9,8335.8,11264,8211.9,9468.5,9413.7,14864,12066,11376,19964,11915,13044,16567,14664,17435,14714,14364,16523,13727,15057,12799,15613,15262,12964,18602,15403,15386,12654,12596,14196,14390,11938,17719,18047,13882,9150.4,6364.1,16905,18880,21535,21489,23313,19311,15332,14128,12366,8283.6,13448,12903,14165,13117,16561,17244,18269,21007,20062,19741,23752,4908.7,13703,5604.9,7629.1,5802.7,1597.2,8034.9,11309,16043,17433,18374,11044,11136,10195,9958.7,8323.5,9621.8,10946,10702,10235,12001,12045,9936.8,11676,11759,10992,12065,10870,13408,12161,6214.7,7747.3,7661.3,8494.2,3628.3,9956.2,9592,9210.4,8039,5992.8,9125.3,9091,9431.1,6031.5,6228.5,8456.4,529.49,1886.4,1654.9,9069,9956.9,11430,11721,12358,11175,10637,12185,11194,11664,12164,13729,13291,12366,13722,15758,8043.4,9037.2,8153.2,10772,11033,11221,10653,8473.8,9137.4,11252,8370.6,7175.8,6928.3,5949.2,9179.1,10535,12635,14767,17159,1856.2,9016.7,9134.9,10799,6611.5,4737.6,8575.2,15530,15604,8900.5,9864.7,9636.1,8614.1,8683.2,9386.3,9574.7,16969,14197,16885,13643,17261,9572.7,9062.9,10219,9847.8,9906.2,7451.2,8937.1,10569,10561,8222.4,11092,9322.1,12903,17638,11959,12054,12102,9381.2,7841.7,10584,8121.8,9758.6,9648.8,13763,12133,11144,19477,12089,12708,17138,15329,17598,12734,13281,14505,12648,15656,14207,17355,14371,12369,19025,15798,16441,12678,12714,15016,14492,12341,16753,17974,11825,7638.1,8389.9,17832,18447,20187,21171,20674,17742,16768,15232,12936,8053.2,12595,13159,13062,12709,17509,16734,20357,20778,21003,19987,22131,2713.2,11781,3571,4278.7,4674.7,835.41,7745.4,10141,15106,18186,17995,12935,11663,10004,9827,9042.2,9460.8,10095,10893,11603,12525,11813,10323,11339,12029,12012,11328,11072,13421,11685,7941.6,7740.8,8597.8,7882.6,4207.9,11541,10881,11346,7670.3,7364.6,11031,9118.4,9993.7,6365.6,8804,9920.1,2080.5,4218.1,5262.8,12027,9573.6,11107,11143,9943.1,10791,11165,11829,11801,10189,13290,14679,12223,11646,11580,14325,7654.5,8633,7511.5,10674,10738,9010.8,10075,7750.1,9046.8,10837,6949.3,7336.4,5775.3,4716.5,9936.2,9978.8,12471,14606,15385,592.29,9503.4,9560.5,12370,8646.7,4014.7,10389,15294,15783
8391.1,11110,10958,8567.2,9472.1,10215,9840.7,15116,15432,16282,14956,15786,9412.7,8089.4,10755,11618,11583,5495,10731,9244.6,8278,6727.3,11285,9827.8,12181,17467,11589,12101,10882,9535.2,8353,11313,8209.1,9497.7,9495.3,14862,12091,11370,19937,11857,13028,16566,14728,17476,14699,14346,16508,13716,15073,12803,15627,15263,12993,18608,15370,15380,12711,12647,14154,14444,11991,17785,18081,13906,9155.6,6359.4,16929,18835,21577,21549,23350,19300,15373,14164,12413,8330.6,13443,12914,14167,13017,16613,17209,18262,21032,20100,19787,23794,4900.8,13684,5596.9,7632.4,5808.8,1564.8,8061.5,11364,16057,17398,18391,11117,11143,10224,9989,8297,9582.6,10923,10747,10313,11972,12020,9914,11749,11808,10998,12135,10892,13418,12195,6214.5,7768.4,7657.8,8482,3612.2,9967.3,9593.3,9214.7,8048.9,5989.8,9138,9082.6,9431.8,6035.9,6241.3,8467.8,528.77,1892,1660.2,9106,9930.7,11434,11732,12309,11125,10619,12143,11198,11632,12178,13774,13289,12394,13749,15757,8073.8,9046.5,8047.5,10796,11070,11191,10648,8557.3,9122.8,11278,8389,7134.4,6876.1,5917.5,9179.5,10511,12698,14810,17167,1849.4,9073.3,9176.6,10812,6597.2,4742.1,8613.8,15598,15612,8886.3,9930.9,9631.5,8605.5,8685.4,9373.4,9595.4,16976,14195,16814,13710,17243,9580.7,9068.1,10200,9817.6,9886.7,7439,8926.6,10592,10602,8189.6,11050,9330.5,12910,17742,11960,12085,12118,9407.9,7891.7,10631,8110.7,9790.6,9695.4,13703,12077,11123,19450,12108,12739,17119,15345,17652,12683,13346,14461,12646,15639,14164,17343,14388,12355,19008,15782,16474,12654,12720,14995,14492,12319,16819,17990,11815,7565.3,8386.9,17839,18441,20251,21201,20748,17754,16805,15241,12988,8076.6,12586,13184,13105,12746,17497,16731,20369,20832,20983,20029,22154,2726.9,11816,3561.2,4272.8,4623,835.86,7788.2,10209,15098,18157,17992,12991,11644,10035,9825.4,9061.3,9459.7,10098,10914,11642,12523,11788,10275,11287,12000,12084,11314,11016,13425,11689,8006.4,7725.4,8556.2,7857.5,4220.6,11548,10879,11348,7693.5,7357.4,10998,9155.2,10006,6363.5,8817,9909.2,2084.1,4224.8,5291.1,12028,9565.3,11142,11149,9917.5,10781,11170,11828,11832,10169,13277,14682,12226,11650,11572,14291,7669.8,8699.5,7591.5,10702,10732,9017.5,10024,7760.7,9038.1,10920,6961.5,7381.5,5807.1,4713.1,9929.6,10014,12550,14622,15420,600.01,9487.6,9559.4,12347,8643.7,4010.4,10442,15306,15788
8369.1,11090,10942,8535.7,9461.5,10179,9819.5,15111,15422,16316,14963,15832,9412,8077.8,10741,11643,11565,5497.7,10737,9221.5,8288.7,6704.6,11304,9788.5,12136,17420,11522,12107,10818,9556.8,8372.5,11309,8219.5,9465.4,9395.8,14858,12002,11385,19971,11913,13083,16564,14690,17472,14660,14361,16504,13711,15024,12725,15627,15250,12978,18561,15362,15387,12681,12479,14169,14399,12006,17783,18032,13838,9166.2,6345.6,16938,18811,21547,21517,23340,19281,15327,14170,12384,8323.8,13393,12931,14139,13121,16545,17209,18232,20986,20084,19777,23784,4897.6,13695,5568.8,7613.1,5794.5,1588.8,8025.4,11310,16012,17376,18370,11106,11157,10218,9952.9,8258.2,9584.9,10950,10753,10295,11956,11981,9886.5,11713,11707,10990,12091,10778,13410,12146,6193,7737,7656.6,8478.2,3622,10002,9560.2,9231.8,8044.3,5989.7,9127,9091.8,9438.3,6029,6215.5,8465.3,535.66,1894.8,1657.9,9092.2,9948.6,11454,11710,12313,11121,10586,12171,11184,11638,12182,13755,13291,12384,13741,15738,8094.6,9046.1,8019.3,10742,11053,11137,10637,8465.7,9071.2,11289,8396.9,7164.2,7081.7,5919.7,9187.1,10507,12657,14813,17157,1881.7,9061.4,9159,10778,6586.9,4729.4,8609.2,15536,15613,8883.6,9916.7,9632.7,8587.1,8683.3,9367.7,9618.1,16971,14177,16814,13656,17292,9559,9030.3,10186,9847.7,9901.9,7446.5,8939.7,10613,10584,8170.1,11046,9307.8,12901,17716,11969,12050,12016,9350.1,7855.3,10632,8163.6,9785.7,9691.7,13721,12071,11174,19420,12075,12698,17104,15327,17631,12653,13325,14456,12622,15633,14149,17357,14393,12365,19014,15781,16435,12625,12642,15051,14430,12353,16761,17968,11827,7622.7,8381.2,17836,18461,20249,21172,20671,17730,16750,15251,12959,8038.6,12534,13143,13014,12702,17483,16735,20354,20823,20997,20023,22145,2702.4,11838,3585,4299.9,4624.9,841.42,7773.9,10238,15075,18154,17960,12981,11690,10031,9857.8,9019.7,9468.5,10127,10894,11707,12534,11744,10365,11300,11949,12004,11305,11001,13410,11701,7969.5,7706,8580.6,7859.3,4252.5,11575,10890,11355,7649.6,7381,11001,9166.9,9999.9,6379.5,8828,9900.1,2077.4,4231.8,5275.8,12032,9586.6,11128,11126,9947.9,10787,11152,11797,11786,10187,13318,14703,12214,11636,11559,14296,7619.2,8678.8,7557.2,10690,10748,9012,10029,7759.9,9018.5,10908,6929.9,7374,5805.1,4714.2,9949.2,10091,12499,14612,15362,611.39,9530.1,9544,12353,8658.4,4006.1,10378,15265,15748
8399.4,11143,10919,8542.9,9476.2,10187,9846.4,15118,15391,16311,14878,15842,9446.7,8067,10758,11660,11541,5510.7,10711,9279.8,8308.4,6739.9,11281,9773.4,12172,17361,11561,12052,10845,9521.6,8353.3,11391,8249,9507.6,9424.8,14853,12002,11401,19987,11876,13025,16580,14665,17448,14663,14330,16458,13709,15027,12732,15631,15252,12961,18579,15381,15393,12685,12600,14169,14305,11971,17724,18041,13867,9147.2,6329.6,16952,18833,21534,21529,23330,19308,15367,14126,12377,8322.2,13451,12917,14157,13113,16587,17174,18232,20977,20070,19746,23785,4896.2,13721,5551.4,7623.6,5817,1594.1,8049,11310,16013,17370,18329,11059,11168,10220,9992.4,8260.5,9617,10959,10744,10246,11938,11985,9885.7,11690,11690,10952,12075,10816,13431,12159,6185.2,7735.8,7676.3,8497.2,3621.6,9983.4,9594.7,9214.2,8033.5,6043.9,9120.5,9095.1,9452.2,6025.4,6208.9,8448.2,530.17,1885.8,1652.1,9077.1,9958.5,11415,11721,12315,11157,10598,12151,11161,11599,12149,13717,13308,12409,13715,15744,8098.9,9061.3,8089.4,10795,11041,11161,10605,8569.2,9140.5,11299,8375.3,7153.6,7132.4,5847.7,9193,10431,12659,14798,17114,1918.9,9060.5,9147.6,10834,6587.6,4731.4,8609.2,15516,15588,8889.4,9908,9608.5,8594,8678.4,9366.4,9572.1,16978,14168,16813,13636,17258,9552.6,9091.8,10220,9835,9889.2,7432.6,8917.6,10599,10540,8187.9,11044,9275.3,12913,17714,11954,12088,12026,9363.4,7866.7,10628,8162.9,9802.2,9727.2,13708,12064,11140,19420,12037,12661,17097,15316,17608,12696,13250,14480,12605,15680,14148,17319,14374,12359,18990,15775,16414,12681,12710,14994,14395,12354,16774,17953,11819,7636.6,8370.8,17839,18466,20227,21196,20723,17791,16763,15233,12964,8080.4,12606,13150,13103,12749,17504,16774,20365,20811,21057,20062,22185,2700.9,11852,3589.2,4290.3,4638.4,828.19,7751.1,10078,15069,18170,18022,12972,11667,9994,9893.9,9029.9,9479.8,10105,10903,11674,12548,11768,10329,11251,11981,12039,11341,11071,13426,11699,7917.1,7702.7,8580.6,7858.7,4230.5,11555,10952,11353,7614.3,7389.8,11049,9140,10033,6391.8,8829.6,9907.6,2089.1,4244.3,5268.8,12042,9574.8,11137,11153,9969.1,10781,11145,11837,11779,10179,13260,14682,12229,11669,11561,14244,7643.5,8682.8,7558.6,10665,10722,8990.4,10010,7742.9,8935.8,10925,6938.7,7378.8,5834.8,4720.6,9933.5,9993.7,12543,14631,15452,609.95,9554.9,9638.2,12393,8648,4021,10358,15242,15805
8406.8,11062,10901,8571.7,9496.6,10215,9846,15118,15417,16248,14893,15701,9471.3,8110.3,10772,11666,11566,5512,10758,9256.8,8311.3,6713.5,11301,9830.3,12149,17402,11604,12052,10855,9551,8347.9,11344,8193.8,9480.6,9464.5,14906,12083,11380,19992,11896,13040,16607,14685,17439,14676,14318,16496,13713,15036,12722,15611,15283,12959,18596,15370,15367,12672,12435,14111,14333,11986,17731,18003,13892,9187,6326.3,16931,18818,21525,21560,23372,19344,15268,14133,12379,8329.4,13456,12913,14121,13107,16509,17227,18196,20999,20078,19720,23795,4901.9,13714,5574,7652.4,5816,1596.9,8031.7,11310,16043,17289,18295,11090,11165,10249,9971.6,8352.2,9570.8,10943,10728,10278,11970,12022,9921.3,11652,11788,11007,12043,10824,13408,12136,6194.5,7767.1,7668.8,8501.6,3620.5,9991.8,9611.8,9200.7,8026.5,5981.3,9116.5,9076.5,9446.4,6029.8,6223.5,8453.3,528.85,1895.9,1652.3,9061.7,9944.5,11419,11704,12316,11162,10603,12151,11119,11629,12173,13743,13312,12395,13705,15740,8105.6,9039.2,8118.9,10783,11047,11172,10642,8564.4,9112.6,11260,8387.4,7182.1,7088.1,5906.7,9238.9,10506,12589,14764,17111,1926.1,9104.1,9196.9,10825,6594.2,4738.1,8557.1,15489,15609,8920.2,9863.8,9614,8626.7,8709,9380.7,9634.1,16969,14216,16820,13645,17275,9585.1,9088.9,10218,9840.9,9909.6,7461,8928.2,10575,10576,8213.1,11034,9357.5,12917,17650,11965,12043,12066,9347.5,7835.5,10637,8178,9803.4,9675,13737,12130,11148,19457,12075,12753,17150,15307,17627,12704,13293,14510,12600,15730,14142,17348,14375,12409,18998,15779,16406,12687,12658,14994,14425,12349,16799,17905,11869,7627.7,8405.2,17834,18478,20188,21198,20747,17770,16786,15219,12990,8025.6,12604,13174,12991,12715,17428,16759,20392,20822,21015,20048,22159,2697.5,11835,3555.6,4265.9,4674.7,837.04,7755.6,10145,15067,18126,18009,12960,11666,10000,9888.3,8953,9483.4,10111,10901,11667,12564,11796,10328,11322,12030,12054,11314,11025,13355,11680,7979,7717.7,8580.4,7925.2,4232.8,11514,10939,11332,7625.5,7403.9,11031,9145.6,9984.5,6380,8809.2,9916.1,2083,4228.6,5271.9,12014,9531.8,11158,11161,9956.4,10776,11106,11790,11784,10164,13273,14662,12225,11657,11515,14257,7636.3,8682.4,7576.1,10652,10723,9002.7,10022,7797.3,8961.1,10901,6964,7341.6,5834.3,4746.5,9941.8,10025,12497,14655,15436,615.64,9534.9,9611.7,12396,8631.8,4015.8,10411,15314,15797
8408.1,11135,10905,8580.3,9509.9,10231,9860.3,15155,15442,16288,14940,15758,9465.2,8081.6,10767,11648,11514,5510.4,10716,9209.6,8295.9,6716.9,11301,9815.4,12196,17508,11586,12088,10856,9527.9,8328.6,11333,8201.1,9512.7,9495.9,14902,12102,11401,19986,11872,13077,16598,14748,17479,14698,14311,16503,13678,15005,12710,15650,15277,13000,18691,15375,15377,12638,12588,14164,14445,11992,17754,18064,13928,9191.2,6323.7,16908,18770,21576,21610,23369,19329,15332,14135,12428,8353.1,13441,12899,14124,13211,16535,17226,18216,21003,20095,19798,23843,4898.5,13745,5549.3,7644.1,5806,1595.6,8047.1,11355,16009,17327,18337,11113,11172,10252,9978.5,8289.8,9561.6,10972,10695,10264,12010,11994,9965,11673,11745,11030,12077,10827,13399,12193,6232.3,7781,7681.3,8474.9,3625.4,10014,9574.1,9237.1,8052,5971.2,9124.8,9121.8,9456,6040.8,6250.1,8434.3,535.58,1894.3,1644.7,9076.4,9908.1,11467,11756,12327,11122,10614,12167,11131,11585,12180,13751,13311,12401,13694,15749,8109.1,9060.1,8092.6,10785,11058,11147,10610,8589.6,9124,11256,8373.4,7165.5,6889.1,5917.2,9210,10516,12665,14753,17088,1883.1,9039.1,9167.7,10802,6605,4738.1,8593.5,15582,15619,8905.2,9868.5,9641.3,8607.1,8704.4,9378.5,9638.7,16994,14203,16808,13687,17272,9596.2,9036.5,10195,9808.4,9886,7459.9,8909.5,10566,10535,8228.2,11095,9275.1,12948,17669,11954,12068,12072,9341.7,7801.9,10572,8101,9776.3,9655.7,13748,12097,11144,19458,12088,12719,17141,15367,17652,12714,13254,14451,12571,15650,14113,17343,14350,12415,18998,15789,16417,12640,12753,15049,14492,12415,16823,17909,11875,7588.7,8412,17792,18468,20218,21134,20679,17733,16790,15207,12970,8027.2,12557,13161,13008,12635,17377,16667,20341,20854,20916,20090,22133,2701,11792,3556,4268.8,4670.8,832.84,7789,10208,15057,18141,17967,12988,11681,10030,9930.6,8960,9480.8,10099,10889,11646,12532,11779,10359,11288,12008,12038,11284,10980,13363,11644,8048.9,7729.4,8588.6,7895.7,4231.7,11558,10917,11352,7652.1,7405.5,11067,9145.4,10000,6374.8,8842.5,9911.6,2077.6,4238.8,5268.5,11972,9531.9,11128,11121,9941.4,10792,11111,11773,11768,10139,13278,14661,12209,11620,11496,14238,7704.4,8727,7559.6,10661,10687,9024.6,10037,7787.5,8980.9,10855,6947.8,7338,5779.6,4724.2,9904.7,10071,12531,14666,15366,616.35,9532.5,9600.8,12368,8665.6,4031.4,10381,15323,15830
8407,11073,10924,8564.2,9513.3,10225,9847.6,15151,15450,16237,14883,15764,9485.1,8082.3,10722,11667,11528,5512.8,10682,9301.8,8256,6724,11281,9814.3,12196,17481,11594,12096,10865,9563.4,8332.6,11299,8196.3,9518.6,9470.9,14842,11995,11379,19970,11867,13051,16587,14712,17498,14677,14274,16455,13637,15042,12699,15628,15258,12969,18745,15376,15409,12692,12570,14181,14345,12008,17760,18056,13883,9135.7,6386.7,16920,18779,21583,21611,23358,19353,15319,14121,12383,8341.9,13404,12902,14104,13157,16592,17166,18231,21021,20078,19813,23844,4881.7,13691,5537.2,7650.3,5795,1578.2,8086.2,11327,16008,17410,18393,11085,11161,10220,9931.9,8250.6,9584.7,10930,10709,10299,11986,12011,9918,11699,11754,11085,12022,10858,13371,12136,6231.1,7733.4,7661.1,8527.1,3634.4,9969.1,9571.4,9255.4,8005.9,5992.8,9124.6,9118,9445.6,6029.4,6219.9,8436.2,533.89,1890.5,1649.8,9089.2,9907.4,11456,11771,12294,11112,10565,12104,11090,11614,12161,13761,13293,12376,13709,15751,8121.5,9024.6,8032,10721,11009,11179,10647,8466.2,9131.8,11245,8374.8,7182.3,6905,5900.4,9191,10486,12624,14790,17067,1901.3,9032.5,9114.7,10828,6596.9,4760.5,8625.5,15580,15630,8897.2,9923.5,9621.3,8627.9,8714.9,9370.9,9604.7,16976,14158,16786,13628,17230,9592.5,9096.4,10200,9799.3,9884,7477.6,8894.3,10584,10588,8219,10980,9320,12934,17682,11916,12043,12051,9388.1,7838.2,10594,8077.4,9754.4,9574.9,13720,12108,11187,19433,12078,12702,17123,15343,17636,12719,13152,14454,12563,15652,14085,17328,14378,12366,19027,15786,16392,12629,12788,15097,14508,12411,16789,17931,11821,7642.3,8394.3,17776,18447,20215,21136,20668,17802,16740,15191,12949,8038.1,12538,13147,13060,12603,17417,16643,20343,20834,20941,20069,22153,2712.6,11836,3585.2,4274.2,4662.6,833.86,7755.2,10125,15047,18151,17965,12948,11669,10031,9874.3,9028.1,9477.1,10110,10846,11661,12553,11734,10332,11284,11997,12016,11332,11030,13392,11657,7947,7677.8,8587.3,7874.9,4228.9,11551,10938,11359,7620.4,7380.6,11063,9130.1,9990.5,6381.4,8816.9,9907.6,2074.6,4235,5276.6,11980,9530.6,11117,11105,9915.2,10755,11127,11783,11756,10147,13283,14633,12188,11645,11490,14232,7638.6,8698.9,7540.8,10709,10673,8952.4,9979.9,7758.3,8969.2,10921,6933.5,7425.3,5796,4712.6,9941.4,10026,12488,14648,15339,609.01,9535.2,9572.1,12372,8662.8,4032.8,10400,15272,15811
8415.6,11125,10948,8547.6,9482.1,10220,9861.9,15141,15417,16290,14969,15742,9442,8063.7,10797,11671,11563,5514.2,10714,9293.7,8295,6741,11286,9825.3,12152,17416,11587,12049,10893,9567.5,8362.5,11310,8246.5,9495.3,9444.2,14901,12036,11403,19986,11872,13012,16593,14725,17515,14699,14285,16499,13673,15069,12733,15600,15273,12989,18698,15398,15378,12669,12620,14173,14332,11953,17703,18029,13895,9176.6,6345.6,16929,18792,21518,21556,23344,19296,15346,14145,12302,8262.2,13359,12915,14134,13077,16620,17191,18280,21002,20070,19807,23801,4911.8,13704,5573.3,7645.1,5814.4,1562,7999.3,11329,16064,17422,18377,11119,11168,10240,9938.4,8269.5,9591.6,10937,10724,10261,12009,12018,9886,11681,11706,11008,12120,10824,13440,12157,6218.3,7729.8,7688.4,8488,3624.1,9948.3,9619.1,9224.3,8002.5,6013.9,9078.9,9059.2,9409.9,6027.8,6215.8,8429.4,526.64,1902,1659.2,9065.1,9963.8,11412,11730,12278,11135,10592,12141,11137,11644,12154,13709,13283,12360,13672,15761,8106.5,9052.4,8098.7,10791,11054,11201,10579,8545.2,9098.6,11270,8411.5,7114,6877.5,5907.6,9201.1,10528,12663,14833,17079,1941.9,9058,9177.3,10824,6578.2,4753.7,8594.4,15530,15626,8901.3,9921.4,9611.6,8609,8689.2,9359.2,9597.8,16988,14166,16791,13655,17211,9558.4,9068.3,10221,9829,9943.1,7445,8935.7,10561,10596,8198.3,11036,9251.3,12871,17652,11983,12030,12047,9363,7850.9,10644,8152.8,9765.5,9698.1,13740,12137,11168,19442,12092,12724,17128,15336,17637,12751,13091,14482,12624,15679,14139,17346,14408,12385,19058,15789,16410,12643,12741,15037,14445,12274,16744,17950,11840,7631.5,8337.8,17810,18421,20218,21134,20685,17709,16802,15172,12924,8044.8,12557,13123,13140,12642,17438,16642,20368,20854,21022,20046,22153,2713.5,11855,3598.1,4280.8,4651.3,828.81,7730.5,10193,15105,18101,17937,12919,11671,10050,9852.3,9022.6,9457,10102,10872,11645,12526,11792,10283,11291,11987,12035,11360,11031,13422,11717,7973.5,7708,8570.9,7899.6,4250.1,11545,10919,11327,7614.1,7402.5,11027,9111.7,10015,6370.5,8793.7,9875,2083.2,4232.7,5259.6,12000,9575.9,11107,11128,9942.9,10797,11123,11818,11773,10178,13267,14657,12209,11623,11504,14246,7654.2,8672.7,7540.4,10726,10714,8975.7,9993.3,7767.5,8908.9,10906,6957.9,7399.9,5821.9,4677,9910.6,9965.7,12502,14610,15342,614.69,9559.3,9561,12386,8648.4,4021.3,10371,15255,15778
8425.2,11125,10892,8584.1,9478,10215,9819.4,15143,15416,16319,14925,15814,9472.5,8083.2,10732,11670,11547,5519.6,10731,9241.6,8299.3,6713.5,11284,9766.8,12134,17484,11602,12061,10869,9549.3,8345.7,11309,8220.5,9476.3,9462.9,14881,12109,11421,20028,11925,13080,16600,14727,17481,14707,14350,16500,13670,15045,12704,15663,15285,12991,18697,15362,15399,12631,12608,14145,14434,11970,17734,18043,13927,9182.4,6348.3,16942,18800,21562,21579,23337,19288,15326,14207,12437,8352.6,13390,12939,14075,13142,16660,17257,18279,20992,20032,19821,23798,4904,13691,5528.5,7649.3,5802.4,1570,8072.7,11257,16052,17416,18361,11135,11184,10247,10006,8319.5,9626.2,10980,10752,10281,12002,12008,9968.9,11733,11784,11013,12157,10860,13403,12138,6202.7,7726.6,7682.1,8499.4,3613,9998.9,9605.8,9236.6,8093.8,6008.7,9148.1,9091.9,9429.8,6043.3,6234.2,8419.8,527.16,1899.5,1652.9,9082.5,9960.3,11487,11718,12334,11177,10608,12131,11132,11643,12220,13708,13281,12367,13669,15762,8114.4,9087.5,8056.1,10805,11062,11198,10610,8607.5,9087.7,11222,8386.3,7104.7,7037.2,5935.8,9244.9,10562,12705,14790,17076,1892.9,9024.2,9154.1,10797,6589.8,4718,8606.3,15512,15612,8890.8,9891.6,9623.8,8611.1,8684.8,9364.4,9584.4,16985,14175,16807,13673,17204,9575.2,9093.1,10209,9796.8,9929.8,7430.5,8912.4,10553,10510,8190.4,11058,9279.6,12911,17643,11968,12046,12043,9334.3,7810,10590,8100.8,9743.1,9664.2,13754,12114,11154,19482,12120,12716,17150,15362,17648,12737,13234,14481,12667,15703,14146,17361,14404,12378,19037,15753,16443,12697,12734,14917,14470,12346,16741,17969,11866,7631.6,8375.8,17796,18452,20155,21153,20677,17705,16756,15201,12999,8054.4,12546,13142,12974,12619,17410,16675,20344,20834,20963,20032,22083,2719.7,11858,3586.3,4278.7,4615.4,823.14,7751.9,10149,15086,18107,17953,12929,11647,10007,9898.7,9047.3,9501.7,10113,10860,11632,12530,11746,10289,11264,11993,12037,11385,11116,13403,11682,7974.6,7729.1,8606.9,7876.3,4224.1,11609,10872,11363,7676.1,7432.2,11074,9104.3,9990.2,6359.4,8811.7,9879.6,2069,4235.7,5270.2,11986,9543.9,11093,11114,9995,10790,11122,11823,11738,10180,13286,14616,12200,11622,11459,14267,7672.6,8693.4,7545.8,10695,10708,9011.1,10030,7761.5,8980.3,10835,6945.9,7375.4,5827,4703.7,9929.2,10012,12530,14591,15360,611.91,9499.8,9539.8,12376,8664.9,4007,10475,15308,15724
8409.6,11124,10910,8568.4,9480.4,10177,9791.7,15172,15463,16360,14965,15848,9487.2,8118.2,10702,11670,11488,5491.5,10755,9128.2,8293.3,6681.4,11277,9808.9,12155,17447,11574,12124,10844,9556.3,8369.6,11405,8238.9,9472.8,9458.9,14893,12031,11417,20009,11936,13048,16623,14702,17408,14713,14280,16495,13675,14998,12652,15656,15300,13028,18712,15332,15392,12746,12558,14218,14380,12038,17755,18044,13945,9239.6,6385.5,16862,18794,21586,21522,23338,19310,15282,14182,12448,8374.5,13398,12915,14084,13147,16629,17269,18144,20928,20001,19780,23819,4905.5,13620,5535.2,7632,5799.2,1593.5,8121,11198,15996,17309,18311,11096,11208,10242,9968.7,8334.3,9642.6,11012,10766,10294,12011,12024,10012,11666,11786,11004,12099,10854,13357,12103,6218.8,7721.2,7662.9,8522.9,3625.1,10017,9600.1,9249.5,8071.8,6023.1,9133.4,9096.3,9443.9,6048.6,6267.1,8434.5,527,1892.4,1638.2,9105.4,9927.6,11470,11749,12366,11189,10594,12111,11067,11625,12201,13720,13220,12376,13691,15720,8093.2,9135.6,8110.6,10764,11049,11127,10632,8426.3,9127.3,11204,8380.8,7199.3,6993.1,6006.6,9211.2,10537,12654,14725,16984,1881.1,9018.7,9174.1,10818,6623.2,4727.4,8580.1,15487,15618,8905.7,9895.2,9610,8601.1,8688.4,9349.9,9564.2,16961,14201,16868,13617,17252,9597.4,9070.4,10176,9796.6,9875.5,7428.8,8914.9,10515,10492,8169.1,11125,9322.8,12930,17673,11966,12086,12026,9345.6,7854.2,10656,8172,9781.7,9674.5,13705,12132,11132,19494,12093,12709,17197,15375,17637,12716,13172,14451,12591,15637,14086,17382,14416,12396,19041,15759,16423,12686,12714,15027,14504,12401,16801,17967,11885,7676.7,8390.9,17772,18444,20280,21165,20678,17744,16698,15191,13015,8063.5,12540,13125,12926,12621,17308,16710,20274,20904,20982,20076,22144,2730.6,11885,3575.6,4279.1,4623.2,824.87,7759.3,10196,15057,18098,17957,12977,11661,10035,9824.4,9120.1,9509.8,10144,10871,11693,12532,11789,10281,11297,12026,12031,11239,11025,13422,11660,7981.5,7737.8,8583.9,7921.9,4228.6,11589,10947,11380,7683.5,7367,11069,9144.9,10013,6391.4,8830.7,9883.5,2065,4242.2,5264.7,11958,9494.8,11125,11102,9979.9,10775,11116,11768,11669,10123,13292,14642,12185,11649,11423,14264,7660.8,8669.5,7552.6,10598,10631,8964.1,10024,7798.6,8950.2,10887,6921.6,7443.4,5829.8,4747.2,9939.2,9995.2,12528,14663,15306,606.06,9546.6,9595.5,12401,8705,4027.6,10480,15279,15842
8393.5,11115,10929,8535.6,9461.8,10161,9821.2,15144,15437,16311,14872,15794,9472.5,8074.8,10754,11668,11503,5460.7,10678,9146.7,8267.7,6707.8,11297,9820.5,12186,17405,11564,12119,10912,9562.4,8335.1,11379,8237,9532.2,9456.5,14900,11998,11396,20013,11903,13011,16606,14685,17448,14695,14242,16469,13689,15017,12708,15631,15252,13039,18672,15398,15390,12740,12499,14198,14382,12043,17762,18074,13885,9170.9,6398.1,16900,18810,21608,21541,23339,19321,15326,14130,12341,8353.1,13435,12872,14124,13095,16572,17215,18176,20965,20060,19776,23798,4910.5,13712,5561.5,7639.1,5811.9,1581.3,8111.6,11326,15994,17309,18331,11050,11172,10225,9995.7,8272.3,9619.7,10983,10729,10283,11897,12014,9972.3,11656,11752,11032,11964,10785,13367,12112,6239.4,7748.8,7649.5,8504.2,3615.7,9986.7,9615.8,9245.2,8031.6,6002,9113.8,9048.6,9433.9,6023.7,6235.3,8430.8,524.99,1891.3,1649.8,9078.7,9898.7,11451,11774,12347,11156,10542,12132,11125,11585,12156,13728,13262,12410,13701,15717,8099,9054.6,8080.5,10719,11007,11120,10654,8496.9,9164.4,11273,8361.4,7172.4,7065.2,5855.8,9169.9,10495,12577,14817,17056,1860.7,9040.9,9158.6,10825,6601.6,4756.5,8616,15498,15657,8907.2,9915.9,9630.1,8617.8,8693.7,9342,9565.5,17009,14215,16843,13602,17256,9599.8,9096.5,10192,9776.1,9887.9,7445.3,8942.7,10519,10513,8155.7,11054,9340.9,12941,17677,11991,12117,12070,9372.2,7885.6,10669,8203.9,9796.9,9651.3,13720,12089,11160,19454,12080,12744,17207,15333,17640,12707,12994,14456,12549,15625,14046,17359,14445,12443,19035,15811,16357,12623,12819,15087,14469,12406,16855,18027,11838,7660.4,8371.2,17803,18507,20310,21190,20715,17810,16771,15192,12951,8074.5,12555,13120,13047,12665,17382,16665,20305,20881,20999,20073,22176,2715.8,11861,3607,4280,4657.7,838.55,7780.8,10104,15104,18131,18001,12926,11655,10020,9821.6,9057.1,9463.3,10095,10859,11699,12538,11743,10249,11338,11992,12043,11395,11062,13430,11673,8018.2,7748.2,8594,7871.3,4217,11538,10933,11361,7618.9,7410,11061,9138.3,10034,6386.6,8850.1,9904.5,2074.4,4227.3,5263.7,11962,9454.2,11151,11154,9967,10787,11112,11798,11703,10107,13272,14668,12219,11683,11494,14252,7630.3,8660.9,7572.9,10606,10649,8931.9,10005,7781.6,8984,11000,6926.2,7328.1,5791.8,4721.4,9967.7,9995,12498,14685,15319,607.8,9530.3,9572,12401,8672.4,4035.3,10418,15368,15877
8391.7,11100,10936,8551.3,9467.7,10188,9808.3,15118,15419,16276,14912,15721,9440,8088.5,10766,11640,11535,5475.5,10682,9243.6,8263.9,6713,11275,9819.4,12145,17365,11574,12081,10881,9540.4,8331,11323,8241.9,9513.9,9467.8,14910,11971,11383,19953,11876,13056,16573,14676,17464,14687,14288,16472,13674,15007,12719,15607,15248,13012,18641,15371,15370,12651,12508,14131,14365,11983,17730,18102,13882,9166.7,6368.6,16933,18844,21539,21540,23341,19335,15319,14098,12303,8303.5,13479,12893,14077,13064,16582,17159,18228,20972,20057,19741,23771,4882.6,13699,5554.4,7653.7,5798.8,1579.4,8025.9,11299,16024,17391,18352,11071,11141,10261,10029,8303,9583.8,10914,10720,10273,11906,12010,9923.4,11684,11761,10975,12110,10790,13372,12115,6222,7733.5,7683.4,8503.5,3594.9,9958,9634.7,9235.4,8023.4,5969.5,9118.9,9058.8,9463.3,6015.6,6228,8445.8,524.55,1895.3,1653.6,9052.3,9902.6,11429,11714,12321,11143,10581,12134,11164,11614,12117,13721,13289,12405,13723,15717,8096.8,9033.4,8080.1,10764,11008,11187,10610,8494.7,9191.9,11245,8376.4,7145.9,7037.1,5888.4,9174.4,10518,12603,14809,17113,1892.1,9040.8,9187.4,10834,6609.6,4764.2,8630.4,15530,15580,8907.4,9835.2,9629.1,8604.1,8682.8,9339.6,9549.7,17004,14217,16827,13642,17270,9591.7,9074.3,10216,9791.7,9876.6,7415.1,8903.7,10535,10503,8131,11025,9290.6,12866,17627,12019,12066,12040,9423.6,7878.1,10618,8175.9,9810.4,9765,13731,12101,11167,19462,12139,12747,17107,15300,17620,12680,12927,14472,12589,15670,14086,17375,14426,12420,19063,15792,16388,12637,12752,15049,14452,12318,16796,17994,11811,7600.9,8385.6,17857,18485,20225,21211,20740,17833,16757,15257,12965,8101.9,12595,13112,13011,12625,17457,16708,20354,20811,21048,20076,22204,2717.8,11817,3604.1,4288,4656.5,849.57,7775.7,10156,15087,18159,18017,12948,11668,10011,9894.2,9046.3,9489.4,10107,10899,11649,12535,11783,10318,11307,11991,12007,11306,11074,13412,11687,8017,7687.1,8591.5,7907.5,4217.5,11562,10907,11331,7637.9,7385.7,10998,9115.6,10041,6391.5,8836.5,9919.7,2084.7,4213.2,5272,11989,9505.5,11142,11143,9883.1,10767,11124,11800,11770,10164,13262,14650,12227,11673,11527,14236,7650.5,8676.6,7543.1,10631,10674,8955,10016,7789,9032.2,10958,6932.6,7328,5836,4700.5,9964.5,9978.4,12496,14674,15384,610.35,9500.5,9610,12390,8653,4025.1,10359,15271,15811
8397.6,11072,10938,8557.4,9464.3,10160,9816.6,15138,15437,16284,14890,15817,9450,8091.9,10778,11674,11563,5477.8,10714,9158.3,8237.5,6686,11258,9838.4,12200,17458,11568,12106,10888,9594.3,8347.8,11329,8195.8,9522.2,9507.1,14824,12032,11390,19939,11889,13004,16568,14685,17426,14714,14322,16478,13691,15014,12753,15595,15252,12991,18571,15361,15399,12673,12463,14188,14469,11972,17707,18082,13823,9151.9,6366.4,16965,18803,21556,21602,23359,19306,15343,14130,12371,8344.4,13480,12908,14097,13100,16605,17153,18202,20970,20062,19755,23807,4874.8,13737,5587.7,7642.7,5797.4,1579.8,8076.2,11330,15991,17389,18344,11065,11140,10237,9992.5,8335.7,9610,10948,10703,10239,11978,12004,9999,11739,11743,10946,12097,10749,13355,12148,6217,7749.6,7657.2,8500,3616.7,9966.6,9624,9255.2,8006.8,5990.8,9125.8,9077.7,9469.6,6040.8,6223,8471.6,522.51,1885.5,1657.7,9070.1,9868.4,11429,11745,12268,11178,10579,12140,11190,11623,12148,13726,13325,12380,13720,15758,8125.9,9058.8,8042.7,10734,11021,11118,10608,8491.8,9215.1,11250,8350.2,7163.7,6996.2,5868,9220.7,10522,12680,14816,17137,1924.7,9030.7,9152.6,10814,6578.1,4764,8563.5,15521,15615,8904.2,9889.4,9638.3,8604.4,8676.8,9327.3,9554.9,17010,14189,16822,13619,17240,9587.2,9083.8,10243,9805.5,9898.5,7414.7,8895.3,10511,10424,8134.6,11027,9375.4,12907,17721,11997,12102,12097,9422.9,7825.6,10604,8109.8,9804.7,9749.7,13717,12099,11185,19459,12088,12696,17114,15319,17625,12741,13044,14478,12643,15706,14140,17373,14398,12419,19006,15783,16387,12661,12730,14968,14451,12324,16801,18025,11858,7636.3,8378.3,17897,18501,20245,21238,20723,17848,16784,15298,13016,8099.2,12627,13135,13097,12660,17497,16742,20360,20775,21092,20056,22263,2710.3,11861,3585.8,4286.3,4627.4,837.44,7836.3,10139,15063,18184,18081,12943,11683,10037,9920.2,9045.1,9495.7,10114,10863,11637,12495,11734,10297,11337,12011,11975,11363,11031,13367,11684,7979,7706.9,8612.3,7902.6,4223,11551,10915,11337,7701.5,7385.3,11021,9163.9,10076,6371.5,8856,9930.2,2082.5,4208.8,5278.8,12028,9480.2,11169,11158,9917.8,10794,11127,11811,11771,10123,13261,14680,12262,11665,11566,14261,7616.4,8721.9,7540.7,10626,10696,8947.9,10027,7750.5,9143.3,10897,6930.5,7431.3,5795,4713.8,9922.4,10030,12536,14643,15458,606.73,9530.6,9637.2,12403,8682,4037.6,10379,15256,15741
8392.4,11123,10907,8553.6,9478.5,10200,9820.4,15139,15406,16309,14888,15787,9446.6,8075.5,10745,11691,11578,5492.3,10766,9210.9,8270.2,6695.4,11265,9815,12165,17440,11560,12071,10891,9530.4,8327.1,11320,8229,9484.6,9503,14832,12038,11387,19972,11882,13052,16588,14718,17458,14710,14313,16495,13721,15047,12728,15613,15278,12991,18650,15390,15370,12717,12468,14147,14287,12000,17746,18032,13843,9127.1,6385.8,16964,18800,21565,21588,23306,19267,15354,14146,12345,8323.2,13443,12910,14125,13041,16589,17217,18262,21004,20075,19753,23768,4880.1,13753,5564.8,7640.3,5799.7,1572.6,8079.4,11339,16035,17375,18344,11105,11182,10236,9999.2,8282,9632.3,10973,10743,10314,11955,12030,10070,11692,11769,10972,12007,10819,13363,12169,6260.3,7767.4,7661.8,8500.6,3629.6,9977.8,9612.9,9222.3,8015.6,6001.4,9127.5,9089.5,9445.2,6056.1,6233.7,8447.9,529.04,1890.9,1653.2,9069.9,9930.9,11453,11716,12339,11157,10601,12135,11151,11622,12183,13732,13307,12365,13691,15804,8108.4,9134.9,8089.6,10793,11038,11171,10644,8578.5,9106.8,11282,8395.4,7139.7,7007.4,5912.8,9164.6,10488,12657,14800,17146,1894.3,9069.9,9157,10804,6620.2,4754.2,8606.1,15513,15602,8877.5,9905.7,9617.2,8582.6,8681,9353.3,9580.5,17001,14185,16815,13634,17235,9583.6,9086.4,10221,9806.7,9899.6,7437.7,8910.2,10579,10530,8170.9,11084,9284.2,12907,17679,11960,12083,12106,9377.9,7825.2,10616,8147.1,9801.8,9672.2,13711,12121,11194,19470,12091,12752,17124,15345,17631,12727,13101,14479,12589,15665,14148,17366,14392,12425,18999,15797,16424,12678,12661,14989,14490,12321,16814,17989,11848,7620.4,8384,17855,18465,20235,21206,20690,17729,16785,15217,12958,8051.1,12598,13157,13077,12691,17528,16723,20368,20781,21041,20027,22142,2694.1,11856,3597.8,4287.6,4641.6,827.32,7765.2,10089,15099,18187,18006,12962,11653,10020,9843.7,9009.8,9473.1,10091,10850,11708,12493,11749,10276,11297,11997,11963,11300,11041,13411,11682,8042.5,7780.8,8610.1,7902.5,4243,11553,10909,11344,7674.2,7385.6,11025,9139.1,10037,6373,8820.6,9901.9,2071,4223.5,5263.4,12014,9525.2,11144,11131,9962,10807,11149,11837,11802,10165,13302,14675,12238,11651,11556,14250,7623.4,8674.8,7589.9,10654,10696,9010.8,10060,7763.3,8975.2,10944,6971.1,7372.1,5762.2,4753.3,9952.9,9992.6,12496,14605,15410,607.54,9529.4,9570.8,12394,8684.4,4024.9,10389,15286,15778
8376.8,11127,10939,8530.3,9460.9,10184,9819.4,15127,15414,16267,14919,15767,9445.5,8041.3,10748,11672,11560,5487.8,10678,9219.3,8251.3,6705.8,11280,9822.6,12164,17432,11568,12081,10893,9526.4,8329.8,11314,8226.7,9500.6,9484.3,14876,12003,11369,19942,11853,13021,16579,14715,17492,14687,14316,16493,13660,15015,12721,15629,15259,12956,18653,15406,15373,12633,12516,14136,14374,12000,17746,18011,13809,9162.1,6362.8,16958,18810,21532,21606,23323,19309,15344,14115,12354,8314.3,13411,12887,14139,13103,16511,17225,18245,20990,20066,19748,23794,4902.4,13725,5590.2,7635.7,5809.3,1605.7,8040.8,11368,16013,17436,18375,11053,11163,10208,9965.8,8281,9561.6,10933,10719,10253,11946,11974,9957.1,11639,11686,11006,11976,10831,13428,12208,6207.6,7715.1,7652.2,8454.8,3609.2,9952.3,9607.8,9222.5,7996.7,5996,9083.1,9086.8,9415.3,6018.7,6222.1,8455.8,535.15,1889.3,1645.8,9082.8,9904.1,11446,11730,12295,11117,10593,12181,11168,11577,12150,13737,13299,12374,13706,15758,8096.4,9025,8091.9,10783,11046,11122,10622,8566,9135.5,11277,8373.6,7179.1,6971.2,5905,9160.9,10488,12608,14835,17142,1867.2,9049.3,9168,10829,6601.7,4755.3,8648.2,15564,15587,8879.4,9901.6,9605,8590.3,8676.1,9355.1,9578.1,17012,14187,16798,13642,17256,9563,9047.9,10201,9812.7,9919.1,7425.8,8941.8,10562,10527,8177.6,11074,9296.5,12905,17669,12017,12070,12110,9357.5,7841.7,10575,8121,9762.4,9653.1,13750,12084,11111,19450,12085,12683,17122,15327,17675,12726,13071,14449,12585,15658,14120,17363,14375,12397,19016,15784,16436,12622,12706,15053,14491,12392,16797,17973,11828,7587.5,8380.5,17859,18438,20263,21200,20706,17780,16798,15208,12952,8080.9,12613,13149,13102,12688,17455,16736,20375,20843,21034,20060,22151,2710.9,11857,3573.9,4307.4,4664.7,839.44,7788.1,10110,15103,18210,18032,12958,11697,10009,9864.2,9020.8,9412.3,10088,10874,11645,12515,11719,10288,11324,11975,11986,11329,11010,13408,11691,8006.7,7725.5,8565.1,7855.7,4223.5,11545,10901,11318,7624,7355.7,11006,9159.7,10025,6385,8809.1,9909.2,2073.5,4220.3,5258.9,12016,9525.3,11117,11144,9942.6,10751,11143,11828,11767,10145,13302,14664,12229,11631,11570,14230,7631.6,8668.1,7593.7,10666,10733,8964.6,10029,7772,9003.7,10897,6937.9,7431.7,5803.1,4743.8,9954.5,10019,12475,14638,15416,611.42,9517.7,9553.5,12377,8657.9,4017.9,10329,15286,15795
8369.5,11072,10910,8551.9,9466.5,10197,9816.9,15121,15399,16261,14909,15770,9449.4,8056.8,10738,11648,11582,5470.2,10678,9220,8275.4,6719.5,11262,9782.2,12156,17411,11586,12053,10857,9543.2,8331.6,11324,8205.5,9484.7,9506.3,14869,12029,11341,19991,11894,13044,16580,14685,17464,14699,14341,16509,13708,15027,12763,15622,15250,12975,18633,15399,15422,12611,12468,14135,14374,11982,17694,18057,13821,9130.6,6378.3,16924,18838,21511,21567,23377,19327,15361,14126,12367,8332.9,13447,12906,14082,13064,16608,17137,18259,21023,20053,19733,23775,4890,13768,5578.5,7643.5,5804.9,1585.8,8015.7,11352,16020,17406,18355,11064,11165,10225,9943.8,8239.4,9598.7,10936,10714,10293,11960,12006,9912.5,11642,11722,10985,12078,10744,13411,12138,6194.9,7740.1,7657.5,8492.4,3613.2,9980.5,9621.9,9221.7,8106.9,5960.2,9131.4,9058.6,9423.2,6027.3,6211.5,8435.8,529.8,1883.9,1650.1,9060.9,9930.8,11404,11693,12303,11112,10613,12121,11143,11616,12139,13725,13293,12392,13744,15737,8057.8,8969.5,8127.8,10756,10991,11175,10638,8458.2,9206.9,11281,8370.2,7120.8,6918.8,5964.4,9172.2,10492,12679,14812,17113,1910.5,8994.5,9149.9,10860,6588.8,4731.2,8616.7,15524,15588,8884.9,9932.4,9612.3,8611.6,8682.9,9359.7,9579,17017,14209,16841,13650,17291,9582.7,9050.6,10210,9831.4,9921.4,7422.3,8955.2,10563,10570,8202.7,11073,9302.6,12904,17698,11939,12084,12105,9382.1,7862.7,10643,8136.1,9779.5,9666.6,13750,12100,11149,19473,12118,12725,17173,15311,17659,12711,13216,14470,12663,15711,14139,17389,14409,12441,19082,15804,16424,12655,12673,15039,14466,12336,16741,17952,11844,7618.6,8374.5,17845,18445,20192,21178,20781,17753,16791,15246,12979,8042.4,12616,13156,13086,12736,17528,16745,20370,20826,21013,20025,22151,2698.7,11756,3566.6,4286.8,4647.3,827.65,7753.3,10177,15072,18181,18009,12963,11663,10008,9902.2,8999.3,9498.9,10126,10922,11658,12515,11794,10350,11275,11995,12030,11252,11006,13410,11693,7943.4,7675.2,8582.7,7876.8,4212.7,11526,10948,11326,7655.1,7377.1,11000,9126.4,10012,6375.3,8802.1,9902.9,2068.1,4228.9,5271.5,11986,9562.6,11128,11130,9884.9,10771,11156,11775,11783,10222,13289,14683,12206,11660,11570,14284,7636.8,8685.6,7524.5,10671,10723,9005.3,10071,7735.2,8935.4,10886,6950.9,7386.9,5783.7,4722,9996.4,10036,12485,14626,15427,608.88,9533.4,9605.7,12408,8651,3998.2,10397,15236,15737
8397.7,11038,10896,8553.6,9482.2,10183,9821.3,15112,15409,16218,14918,15725,9451.4,8110.2,10763,11657,11527,5473.8,10666,9207.5,8281,6686.2,11247,9782.3,12141,17387,11546,12078,10888,9561.8,8359,11297,8220.2,9462,9491.2,14829,12090,11363,19985,11879,12989,16561,14638,17455,14672,14316,16476,13713,15005,12727,15588,15238,12965,18579,15363,15400,12639,12486,14126,14280,11965,17716,18012,13827,9152.2,6350.9,16948,18815,21494,21520,23340,19320,15326,14113,12372,8323.7,13451,12901,14128,13049,16524,17197,18222,20987,20059,19685,23790,4897.6,13739,5610.6,7626.8,5798.8,1599.2,8039.4,11317,15992,17376,18337,11104,11156,10217,9937.3,8328.4,9593.1,10925,10766,10254,11946,11972,9903.4,11712,11760,10967,12023,10820,13373,12145,6184.6,7715.3,7682.1,8504.3,3622.8,9996.1,9624.6,9199.2,8058.4,5963.1,9130.7,9078.6,9437.7,6050.3,6215.7,8437.5,532.04,1892.2,1653.1,9050.2,9902.5,11439,11696,12291,11109,10564,12135,11160,11590,12148,13721,13297,12390,13727,15728,8094.8,9037.5,8084.8,10722,11024,11184,10612,8564.5,9144.6,11230,8366.5,7174.4,7049.3,5923,9219.1,10538,12622,14822,17129,1921.7,9024.1,9178.4,10812,6580.6,4734.4,8585.5,15493,15608,8900.8,9832,9635.5,8621.4,8715.3,9368.3,9563.3,17025,14207,16833,13662,17263,9617.5,9084.4,10215,9835.7,9905.8,7436.1,8894.3,10519,10531,8170.3,11048,9313,12896,17682,11961,12055,12071,9363.6,7864.9,10604,8143.2,9853.4,9723.4,13729,12149,11156,19483,12107,12742,17189,15328,17659,12720,13347,14496,12608,15676,14150,17403,14404,12401,19060,15783,16430,12660,12777,15059,14422,12358,16772,17962,11847,7630.6,8364.4,17853,18468,20174,21220,20765,17792,16817,15221,12996,8059.9,12632,13131,13046,12800,17475,16751,20393,20810,21033,20028,22202,2714.7,11858,3552.1,4303.9,4655.7,849.8,7794.6,10232,15051,18171,18000,12947,11669,10008,9876.3,9035.6,9482.2,10115,10894,11639,12525,11761,10299,11300,11997,12023,11387,11033,13387,11682,7963.1,7730.9,8570.7,7885.2,4249.2,11556,10929,11348,7662.6,7392.4,11047,9157,10023,6373.9,8826,9914.7,2073.5,4222.4,5273.7,12037,9526.9,11142,11147,9975.4,10765,11147,11797,11830,10131,13288,14689,12235,11692,11582,14261,7660.8,8672.2,7561.1,10681,10712,8973.6,10048,7738.8,8914.2,10925,6929.7,7326,5795.5,4734.3,9895.2,9992.4,12478,14629,15437,607.21,9503.8,9584.4,12414,8663,4020.6,10421,15248,15742
8374.6,11126,10903,8537.2,9483.5,10197,9853.6,15126,15413,16253,14958,15793,9423.8,8043.3,10777,11642,11541,5495.8,10684,9270.2,8286.3,6715.4,11267,9780.3,12183,17454,11567,12099,10881,9566.1,8352.3,11344,8228.1,9498.3,9513.7,14843,12005,11341,19952,11851,13089,16563,14708,17482,14691,14353,16471,13705,15012,12770,15616,15247,12981,18597,15377,15393,12667,12475,14199,14381,12007,17778,18076,13814,9185.4,6358.6,16994,18863,21601,21601,23386,19331,15356,14158,12379,8336,13473,12912,14103,13127,16604,17217,18266,21064,20105,19742,23819,4904.8,13754,5586.6,7670.2,5806,1592.5,8069.9,11332,16029,17434,18343,11059,11154,10231,9968.4,8253.4,9607.9,10943,10726,10292,11958,12054,9928,11731,11732,10951,12050,10857,13395,12200,6206.4,7759.6,7674.9,8490.8,3618,9994.2,9580.8,9230.3,8037.1,5983.9,9108.8,9095.1,9457.5,6056,6229.2,8446.4,531.44,1891.6,1651.1,9067.2,9943.8,11481,11755,12330,11135,10592,12167,11212,11637,12169,13732,13326,12398,13755,15759,8115.6,9061.5,8060.3,10807,11025,11168,10651,8433.2,9227.9,11282,8396.7,7147.4,6953.8,5892.8,9198.9,10477,12667,14824,17142,1846.6,9019.7,9159.7,10783,6600.2,4745.1,8570.9,15555,15622,8880.6,9831.4,9632.1,8598.1,8694.7,9361.2,9572.5,17012,14217,16812,13639,17232,9560.8,9033.3,10228,9830.3,9854.4,7444.1,8873.6,10556,10564,8205.8,11057,9235.1,12915,17676,11909,12069,12075,9404.3,7858,10602,8128.7,9837.1,9718.8,13736,12164,11163,19464,12108,12696,17141,15305,17650,12708,13339,14467,12569,15658,14133,17366,14370,12395,18995,15783,16426,12640,12672,15055,14479,12312,16764,17953,11851,7625.2,8374.5,17858,18478,20231,21218,20701,17797,16807,15251,12975,8074.9,12619,13150,13113,12636,17482,16738,20369,20764,21004,20052,22198,2709.5,11868,3584,4293.2,4643.5,836.9,7756.8,10270,15096,18181,18016,12958,11643,10003,9878.6,8989.5,9467.6,10053,10839,11629,12511,11778,10315,11301,11985,12022,11328,11042,13414,11662,7986.5,7764.2,8617.8,7859.5,4233.5,11577,10885,11354,7645,7389.3,11036,9145.1,10034,6368.4,8832.6,9915.2,2079.3,4227.8,5260.9,12009,9520.5,11133,11116,9955.5,10807,11171,11785,11801,10136,13268,14670,12232,11692,11593,14239,7650.2,8695.5,7581.3,10665,10668,8984.8,10001,7793.2,9034.5,10870,6912.3,7456,5790,4733.3,9926.4,10005,12524,14622,15409,608.24,9463.7,9554.9,12328,8649.2,4027.1,10336,15266,15772
8397.4,11167,10904,8548.8,9477.6,10231,9847,15109,15395,16301,14962,15799,9437,8055.4,10768,11647,11603,5497.8,10707,9286.6,8322.5,6759.1,11303,9830.5,12152,17431,11576,12056,10882,9553.7,8358,11347,8214.2,9498.7,9400.2,14858,12049,11410,19932,11873,13056,16578,14727,17474,14714,14333,16481,13708,15056,12775,15591,15284,12987,18579,15380,15422,12707,12402,14147,14409,11995,17723,18041,13850,9146.5,6339.9,16947,18808,21559,21577,23384,19309,15363,14189,12351,8325.4,13440,12932,14095,13098,16583,17145,18312,21045,20074,19784,23778,4913.9,13738,5566.3,7674,5816.4,1582.2,8023.9,11327,16062,17441,18324,11070,11163,10209,9977.4,8279.1,9647,10971,10737,10319,11980,12054,9868.3,11628,11754,11004,12024,10938,13442,12149,6208.8,7736.5,7683.1,8503.2,3607.5,9966.4,9609.7,9229.9,8069.5,6010.5,9122.5,9068.1,9417,6043.2,6235.4,8438.4,525.48,1892,1648.3,9055.1,9940.3,11456,11726,12300,11148,10615,12154,11183,11666,12197,13722,13308,12388,13729,15757,8130.5,9026.5,8039.1,10770,11040,11164,10634,8503.2,9106.8,11267,8418.7,7164.8,6945.4,5901.7,9195.7,10505,12656,14814,17098,1849.1,9054.4,9205.6,10826,6623.2,4755.4,8563.7,15552,15596,8889.5,9903.6,9622.9,8602.1,8688.9,9382.3,9610.4,16999,14218,16808,13681,17241,9554.7,9045.4,10220,9824.8,9892.3,7446.8,8941.5,10557,10602,8191.3,11046,9310.9,12921,17671,11963,12060,12034,9376.8,7835.6,10638,8127.5,9783.9,9660.9,13734,12091,11123,19437,12105,12760,17109,15346,17648,12685,13237,14459,12559,15702,14158,17380,14398,12376,19087,15810,16478,12693,12635,15033,14540,12357,16793,17977,11845,7650.9,8389.7,17856,18453,20223,21175,20721,17832,16825,15241,12951,8062.2,12619,13159,13040,12673,17449,16687,20360,20847,21051,20036,22197,2726.2,11889,3579.9,4285.4,4626.5,818.7,7740.4,10052,15108,18186,17983,12996,11667,10034,9844.9,9009.1,9434.4,10051,10901,11673,12557,11734,10276,11334,11985,12032,11272,11061,13418,11669,8011,7719.9,8596.9,7864,4232.8,11567,10911,11340,7646,7393.1,11055,9098.4,10030,6368.1,8807,9922.3,2081.8,4229.1,5266.5,11989,9545.5,11128,11137,9962.5,10792,11142,11829,11769,10172,13309,14654,12236,11666,11555,14264,7667.8,8731.7,7573.5,10669,10718,8954.7,10002,7793.8,8916.4,10843,6972.6,7401.8,5821.5,4738.1,9934.2,10018,12546,14639,15411,608.14,9495.6,9544.7,12354,8630.7,4020.1,10375,15298,15813
8398,11044,10903,8567.6,9493.1,10223,9839.7,15094,15388,16280,14960,15771,9462.7,8086.6,10746,11673,11525,5466.3,10718,9294.6,8280.1,6717.5,11212,9763,12208,17460,11568,12081,10864,9529.5,8359.6,11345,8179.7,9453.3,9547.4,14802,12089,11363,19921,11850,13003,16554,14693,17454,14676,14331,16486,13686,15019,12739,15598,15232,12937,18574,15355,15378,12659,12543,14147,14300,11950,17712,18059,13839,9177.7,6370.7,16951,18798,21559,21603,23364,19309,15320,14114,12429,8356.4,13476,12911,14116,13100,16489,17159,18219,21004,20089,19782,23845,4896.3,13731,5568.4,7663.3,5816.5,1583.7,8083.4,11257,16033,17438,18353,11006,11110,10182,9922.1,8331.6,9611.1,10937,10721,10292,11980,11989,9898.9,11619,11759,10945,12007,10859,13365,12170,6190,7767.2,7637.8,8511.9,3602.8,9953.8,9565.4,9224,8025.2,5994.5,9152,9111.1,9460.2,6038.1,6223.7,8434.8,534.69,1885.9,1646,9093,9868.3,11447,11732,12273,11127,10590,12144,11161,11614,12141,13742,13300,12373,13693,15693,8090.2,9039.8,8031.6,10748,11005,11153,10647,8497,9152.7,11222,8398,7194.5,6830.5,5919.9,9196.7,10534,12617,14767,17096,1940.8,9024.1,9117.5,10798,6629.5,4748.8,8607.2,15545,15611,8908.3,9816.1,9616,8628.5,8699.1,9379.6,9636.2,16960,14208,16787,13699,17240,9573.7,9055.6,10203,9786.8,9869.3,7454.5,8962.2,10593,10561,8159,11037,9293.5,12910,17718,11925,12050,12056,9362,7841.8,10603,8141.9,9797.2,9687.6,13669,12050,11153,19392,12076,12786,17089,15376,17676,12683,13235,14477,12578,15694,14123,17375,14395,12415,19093,15777,16449,12649,12744,15040,14475,12335,16824,17986,11841,7642.4,8396.1,17834,18491,20235,21179,20712,17776,16835,15240,13004,8090.2,12590,13163,13055,12651,17440,16760,20407,20873,20989,20081,22230,2722.9,11884,3610,4278.2,4660.1,835.2,7822.9,10125,15082,18195,17988,12930,11655,10029,9867.6,9001.4,9484.9,10077,10898,11685,12519,11711,10250,11273,11974,12011,11328,11036,13385,11652,8027.4,7714.7,8555.2,7888.5,4217.5,11539,10908,11318,7642.5,7427.6,11017,9178.8,10029,6364.5,8816.6,9937.1,2079,4239.5,5274.8,12017,9536.4,11163,11120,9946.6,10784,11122,11826,11810,10163,13294,14653,12233,11618,11540,14249,7687.9,8700.7,7600.4,10701,10692,8975,10024,7811,8894.5,10915,6936.7,7349,5790.9,4727.7,9944.3,10086,12478,14682,15431,608.19,9505.9,9540,12372,8658.6,4024,10341,15263,15852
8402.2,11086,10911,8572,9487.6,10221,9846.2,15133,15428,16272,14946,15753,9460.2,8117.1,10779,11649,11505,5505.8,10715,9262.7,8236.4,6714.4,11269,9839.7,12209,17342,11593,12100,10854,9555.4,8381.1,11345,8253.1,9479,9494.2,14811,11976,11336,19945,11874,12984,16573,14654,17434,14662,14319,16499,13658,15010,12720,15576,15254,12940,18625,15395,15368,12634,12617,14169,14359,11965,17748,18024,13907,9156.8,6354.4,16952,18827,21567,21538,23297,19331,15343,14165,12383,8306.6,13435,12894,14151,13218,16586,17217,18188,20992,20054,19734,23782,4898.6,13695,5546.8,7635.8,5841.1,1580.5,8095.5,11287,16029,17363,18359,11032,11110,10217,9908.6,8306.4,9539.2,10903,10732,10282,11965,12028,9973.3,11676,11793,10972,12061,10836,13396,12178,6172.7,7730.8,7633.6,8502.3,3618.6,9980.5,9602,9205.4,8064.5,5983.2,9118.9,9084.1,9474,6036.4,6225.3,8466.3,531.95,1894.2,1654.7,9110.2,9931.4,11444,11737,12302,11163,10582,12168,11144,11634,12129,13739,13333,12401,13744,15743,8113.5,9076.4,8085.9,10771,11025,11174,10653,8528.3,9182.1,11253,8405.3,7197.2,7023.7,5907.7,9194.9,10488,12644,14823,17111,1863.9,9090.1,9100.3,10824,6601.3,4744.3,8554.2,15553,15614,8900.6,9885.6,9600.1,8606.8,8685.8,9385.2,9616.2,16958,14205,16853,13677,17269,9588.2,9086,10231,9810.7,9883.8,7452.5,8934,10606,10549,8208.8,11053,9355.3,12909,17676,11922,12070,12045,9396.5,7898.2,10679,8184.2,9770.4,9677.8,13688,12138,11148,19420,12069,12728,17143,15336,17642,12676,13167,14443,12541,15671,14129,17332,14382,12364,19056,15785,16375,12633,12880,15040,14496,12366,16834,17961,11855,7650.2,8398.9,17833,18446,20271,21212,20704,17804,16752,15211,12964,8055.2,12568,13156,13100,12652,17476,16801,20358,20829,20965,20042,22175,2712.6,11819,3571.2,4278.9,4649.7,844.54,7779.5,10217,15061,18160,17984,12983,11625,10022,9824.8,8972,9432.1,10047,10898,11603,12535,11793,10279,11308,11988,12059,11358,11007,13400,11664,7968.2,7715,8597.7,7871.8,4232.2,11545,10910,11343,7618.6,7365.2,11013,9111.4,9972.6,6363.1,8828,9922.7,2081.9,4238.3,5267.3,12013,9530.3,11127,11152,9903.1,10791,11127,11807,11785,10193,13251,14685,12221,11662,11568,14220,7621.4,8635.6,7558.9,10683,10713,9004,10043,7746.3,9001.2,10878,6939.8,7427.2,5805.6,4719.5,9959.3,9981.5,12481,14649,15427,609.25,9527.8,9603.4,12378,8663.5,3997.7,10368,15350,15824
8384.9,11080,10918,8548.2,9484.7,10218,9825.1,15131,15467,16279,14976,15852,9459.9,8086.8,10822,11660,11601,5514.5,10722,9296,8324.6,6702.3,11293,9766,12169,17420,11533,12065,10849,9553.9,8377.1,11358,8234.9,9488.9,9439.9,14805,12028,11356,19979,11906,13062,16573,14736,17491,14665,14326,16514,13727,15039,12806,15629,15276,12966,18680,15390,15394,12654,12514,14130,14409,11972,17778,18072,13838,9162.5,6350.6,16964,18825,21576,21539,23316,19279,15415,14177,12395,8329.6,13448,12918,14189,13203,16704,17227,18278,21012,20057,19756,23793,4896.8,13739,5528.6,7653.1,5818.3,1604.7,8067.8,11364,16060,17439,18329,11108,11115,10206,9975.1,8211.7,9647.2,10937,10701,10312,12024,12047,9859.5,11716,11775,10948,12046,10840,13412,12177,6242.1,7712.6,7654.7,8474.3,3617.8,10019,9542,9210.2,8063.5,5995,9127.9,9059.9,9443.7,6042.2,6214.4,8456.7,525.67,1885.8,1653.4,9076.2,9950.4,11446,11742,12324,11123,10615,12160,11191,11671,12180,13745,13342,12402,13703,15758,8081.2,9049.8,8084.9,10790,11033,11184,10614,8566.1,9139.4,11239,8410.3,7129.5,7053.8,5901,9221.3,10494,12691,14838,17145,1870.4,9065.7,9111.7,10803,6578.7,4728.7,8563.9,15614,15576,8877.2,9901.5,9612.7,8581.9,8683.4,9372.7,9623.7,16965,14169,16820,13670,17180,9567.4,9050.1,10205,9840.2,9900.9,7463.9,8912.2,10580,10605,8232,11059,9302.3,12910,17673,11918,12076,12017,9370.6,7863.8,10606,8153.1,9778.9,9654.4,13720,12122,11122,19408,12095,12731,17137,15355,17650,12674,13245,14449,12630,15606,14148,17299,14367,12350,19051,15819,16388,12580,12704,14940,14493,12343,16736,17932,11844,7622.9,8363.4,17822,18413,20203,21175,20622,17783,16781,15251,12965,8034.6,12565,13152,13043,12666,17468,16718,20351,20854,20939,20008,22162,2711.8,11844,3558.6,4290.3,4614.4,841.15,7753.4,10259,15112,18185,17959,12921,11620,10002,9825.9,9060,9425.4,10079,10869,11671,12536,11761,10277,11332,11999,12031,11345,11000,13417,11676,7922.4,7735.2,8613.4,7887.1,4205.8,11549,10878,11356,7626.1,7332.8,11062,9141.6,9999,6368.5,8827,9890.4,2079.7,4236.4,5268.7,12002,9568.7,11119,11114,9934.2,10770,11134,11785,11766,10203,13268,14643,12216,11646,11537,14222,7621.8,8659.8,7543.7,10708,10686,9006.2,10026,7731.4,8974.3,10888,6942.6,7372.2,5806.2,4721.1,9949.1,9963.7,12504,14613,15336,605.97,9486.1,9551.3,12349,8648.8,4016.6,10381,15294,15756
8388.9,11152,10926,8561.5,9492.3,10239,9840,15130,15421,16229,14910,15779,9464.8,8072.7,10745,11667,11592,5506.6,10699,9269,8309.8,6717.6,11296,9776.2,12155,17430,11597,12051,10868,9571.6,8359.8,11305,8241.3,9510.3,9508.5,14864,12018,11373,19991,11857,13060,16576,14698,17465,14662,14349,16499,13682,15040,12751,15625,15274,12963,18642,15347,15387,12612,12536,14133,14390,11985,17734,18030,13872,9163.4,6386.4,16956,18840,21558,21544,23334,19303,15325,14174,12358,8315.5,13410,12927,14106,13107,16590,17219,18261,20991,20076,19758,23797,4893.6,13714,5564.5,7654,5808,1579.6,8083.2,11388,16033,17426,18376,11028,11155,10252,9979,8339.5,9574.2,10956,10705,10289,11955,12024,9912,11657,11744,10991,12049,10841,13410,12164,6254.3,7772.7,7690.9,8515.7,3608.4,10000,9620.9,9231.4,8050.2,5980.5,9129.8,9081.2,9441.6,6028,6210.6,8419.2,530.83,1893.7,1654.8,9072.3,9953.9,11464,11725,12345,11161,10598,12147,11138,11638,12167,13720,13293,12354,13680,15734,8066.7,8992.5,8101.7,10831,11084,11216,10626,8518.9,9167.7,11269,8376.4,7141.1,6975.3,5912.8,9197.8,10523,12619,14788,17065,1886.6,8981.5,9138.4,10816,6588.1,4737.8,8614.5,15502,15617,8885.8,9887.3,9634.8,8597.2,8686.6,9373.2,9619.8,16931,14184,16767,13643,17224,9537.1,9078.2,10204,9803.9,9860.6,7455.4,8940.9,10581,10650,8236.1,11054,9292.1,12901,17661,11945,12078,12088,9382.4,7860,10649,8161.2,9783.1,9683.3,13707,12048,11136,19416,12034,12688,17093,15322,17629,12704,13306,14481,12641,15626,14134,17318,14361,12378,19010,15793,16380,12621,12752,15015,14448,12329,16775,17961,11838,7605.9,8353.2,17827,18441,20223,21176,20673,17759,16779,15203,12981,8057.1,12590,13135,13133,12607,17410,16672,20381,20830,21012,20021,22152,2721,11872,3596.9,4269.4,4622.9,832.34,7744.6,10190,15077,18165,18012,12918,11655,9997.1,9871.9,9038.9,9456.9,10061,10849,11662,12539,11803,10275,11301,12017,12008,11346,11030,13372,11658,7985.5,7731.2,8589.2,7920.5,4230.8,11579,10917,11365,7651.9,7389.4,11063,9194,10029,6381.6,8802.4,9905.2,2084.7,4235.2,5269.4,11991,9549.6,11133,11135,9939.4,10768,11117,11770,11799,10173,13249,14622,12205,11641,11535,14241,7652.4,8687.1,7576.6,10718,10729,8978.3,10024,7793.6,9051.6,10868,6949.9,7398.3,5785,4736.1,9906,9994,12518,14648,15378,600.62,9487.2,9544.7,12383,8634.2,4018.8,10413,15313,15780
8401.3,11108,10931,8574.2,9477.5,10204,9830.7,15141,15436,16264,14952,15766,9451.2,8103.9,10712,11625,11532,5498.4,10702,9140.2,8295,6705.8,11233,9801.1,12145,17387,11558,12034,10839,9549.1,8323.5,11351,8234,9529.5,9476,14818,12029,11349,19980,11850,12994,16567,14647,17434,14662,14329,16475,13674,15015,12659,15636,15244,12960,18614,15368,15380,12607,12507,14208,14361,12002,17662,17973,13982,9187.3,6359,16902,18816,21513,21492,23288,19299,15250,14139,12296,8270.7,13388,12925,14068,13131,16549,17141,18127,20930,19984,19737,23750,4867.4,13685,5539.4,7618.4,5755.5,1568.9,8019,11263,15964,17312,18305,11154,11181,10231,9965.9,8263.8,9620,10974,10697,10282,11972,11993,9937.4,11607,11770,11013,12086,10808,13352,12122,6203.8,7729.2,7668,8491.1,3627.6,9976.3,9603.1,9243.3,8056.5,5996,9111.6,9072.1,9424.5,6036.5,6208.8,8394.3,526.66,1897.3,1649.7,9030.6,9901.6,11452,11691,12264,11132,10557,12101,11119,11611,12147,13681,13265,12346,13669,15720,8093.1,9018.5,8068.7,10742,11004,11145,10603,8474.1,9154.1,11226,8353.1,7151.3,6933.9,5878.7,9152.4,10499,12629,14806,16989,1909.5,8966.3,9099.2,10839,6593.6,4716.8,8589.8,15504,15653,8900.5,9883.8,9642.6,8581.8,8684.4,9367.4,9584.5,17004,14204,16834,13655,17294,9594.7,9055.9,10209,9821.4,9889.3,7435.4,8902.5,10524,10557,8204.4,11026,9288.1,12924,17718,11976,12092,12071,9393.6,7831.7,10706,8190.5,9829.6,9722.2,13770,12109,11197,19478,12068,12739,17117,15333,17663,12712,13228,14446,12612,15624,14094,17384,14416,12427,19040,15771,16422,12681,12683,15023,14443,12449,16811,17927,11888,7628.1,8342.1,17831,18477,20274,21198,20734,17842,16763,15210,12953,8015.8,12549,13145,13074,12594,17374,16696,20361,20891,20967,20081,22198,2717.1,11851,3564.3,4282.7,4630.2,834.75,7767.6,10182,15054,18183,18009,12974,11645,10032,9853.4,9001.9,9476.3,10083,10899,11692,12547,11768,10328,11289,11981,12012,11329,11050,13387,11660,8013.6,7732.6,8622.1,7908.3,4260.3,11565,10908,11362,7689.6,7412.1,11048,9081.9,10007,6385.9,8832.8,9905.8,2080.8,4205.1,5256.3,12003,9514.7,11158,11164,9920.1,10769,11129,11792,11781,10137,13259,14668,12220,11675,11528,14235,7657.7,8701.4,7546.3,10674,10716,8976.2,10059,7740,9019.9,10937,6944.2,7346.5,5793,4734,9928.3,10008,12488,14694,15333,607.55,9521.8,9594.8,12387,8679,4029.3,10405,15331,15815
8378.1,11054,10921,8558,9480,10182,9836.5,15130,15409,16288,14966,15776,9436.7,8084.5,10736,11648,11574,5491.6,10722,9204.7,8270.8,6687.9,11263,9802.1,12122,17370,11554,12044,10831,9502.8,8337.9,11320,8231.6,9520.4,9511.7,14855,12053,11382,19972,11895,13086,16588,14698,17412,14667,14275,16494,13686,15028,12716,15585,15221,12961,18593,15404,15402,12641,12494,14201,14349,11970,17681,18022,13926,9196.9,6376,16873,18781,21524,21523,23293,19277,15312,14142,12319,8294,13400,12922,14115,13106,16587,17131,18197,20943,20034,19736,23744,4879.4,13681,5567.9,7630.6,5774.4,1578.1,8008.9,11295,16006,17326,18285,11108,11161,10214,9923.7,8232.2,9629.7,10963,10714,10218,11953,11997,9915.1,11645,11705,11007,12013,10755,13362,12138,6194.3,7718.1,7656.9,8431.9,3628,9936.3,9587.2,9199.1,8033.5,6030.1,9062.3,9071.7,9409.1,6031.2,6195.2,8423.1,524.91,1888.6,1642.6,9039.3,9928.5,11407,11695,12285,11124,10565,12126,11133,11639,12129,13691,13271,12360,13682,15724,8088.9,9097.1,8093.3,10733,10997,11160,10581,8482.1,9150.4,11231,8377.4,7160.7,6977.5,5889.1,9198.3,10477,12599,14780,17089,1901.4,9069.7,9183.9,10774,6597.9,4741.4,8598.6,15504,15574,8905.3,9886.5,9602.5,8615.7,8713.4,9373.3,9559.4,17022,14191,16853,13647,17289,9613.3,9069.7,10184,9826.1,9923,7439.3,8960.5,10511,10456,8188.7,11034,9307.2,12903,17670,12004,12079,12081,9348.5,7857,10616,8162.9,9805.2,9677.7,13834,12140,11145,19472,12144,12760,17176,15347,17645,12723,13074,14468,12597,15695,14125,17412,14429,12415,19091,15795,16449,12687,12703,15003,14482,12345,16762,17925,11873,7663.6,8356.6,17794,18461,20202,21192,20655,17726,16761,15149,12889,8012.8,12519,13128,13006,12648,17413,16629,20294,20826,20876,20051,22098,2715.5,11818,3584,4277.7,4647.8,822.89,7692.4,10147,15088,18188,17978,12934,11650,10072,9887.8,9037,9476.3,10113,10836,11649,12540,11703,10330,11324,11929,12087,11322,11032,13403,11658,7915.8,7708.3,8568.6,7898.1,4212.4,11538,10908,11319,7643,7403.2,11047,9097.9,9972.5,6359,8827.5,9873.2,2078.3,4215.3,5259.3,11995,9505.4,11117,11138,9925.2,10758,11115,11803,11754,10145,13295,14653,12204,11660,11533,14261,7645.4,8736.3,7558.4,10639,10683,8992.2,9990.1,7778.7,9080.6,10888,6969,7372.4,5811.1,4697.1,9945.3,10003,12465,14648,15293,620.14,9520.9,9575.7,12363,8674,4023,10398,15294,15763
8396.4,11103,10901,8544,9469,10185,9854.3,15126,15383,16278,14927,15795,9440.1,8052.5,10769,11713,11590,5475,10723,9240.7,8298.8,6698,11253,9811,12155,17435,11563,12029,10917,9538.8,8355.9,11373,8194.7,9507.7,9445.7,14899,12033,11368,19974,11900,13022,16580,14745,17465,14686,14307,16493,13738,15041,12728,15580,15262,12988,18601,15373,15431,12659,12526,14149,14358,11985,17710,18086,13777,9218.2,6348.8,16914,18825,21582,21636,23415,19308,15357,14126,12273,8249.1,13378,12878,14163,13049,16608,17154,18328,21024,20094,19756,23769,4916.7,13707,5566.2,7672.1,5786,1579.5,8084.7,11410,16043,17369,18386,11064,11148,10226,10026,8257.6,9667.6,10942,10732,10250,11934,12017,9911.9,11688,11689,10905,11980,10828,13400,12180,6179.4,7755.6,7649.4,8517.3,3619.2,9945.6,9563.8,9245.4,8016.1,6003.2,9097.2,9084,9425.4,6004.6,6195,8446,523.87,1895,1654.9,9001,9915.8,11439,11708,12266,11194,10580,12136,11140,11653,12165,13699,13296,12373,13683,15759,8113.2,9068.5,8098.8,10764,10995,11157,10635,8567,9112.2,11246,8409.8,7182.4,6995.3,5873.8,9208.1,10512,12591,14861,17132,1919,9041.5,9178.4,10731,6577.1,4770.2,8599.7,15528,15571,8892.7,9964.3,9627.5,8613.4,8700.6,9390.2,9638.3,17001,14186,16845,13648,17269,9561.7,9031.9,10196,9818.2,9899.3,7476,8949.9,10566,10548,8198.6,11047,9304.6,12856,17623,11945,12023,12097,9357.7,7857,10530,8136.2,9733.2,9651.9,13728,12087,11153,19440,12073,12718,17144,15312,17629,12718,13161,14499,12590,15676,14161,17357,14406,12407,19032,15794,16391,12647,12727,15053,14499,12291,16724,17940,11844,7622.3,8382.8,17830,18464,20186,21180,20701,17663,16851,15185,12863,8014.7,12591,13111,13060,12651,17524,16633,20396,20816,20972,20062,22162,2718.4,11805,3616.1,4271.5,4655.5,824.64,7713,10212,15091,18152,18009,12860,11633,10029,9879.9,9027.9,9500.4,10137,10852,11659,12526,11727,10317,11290,12014,12034,11399,11038,13435,11684,7931.5,7724,8585.2,7885.7,4210.9,11570,10953,11330,7618.9,7411.5,11023,9109.8,10020,6356.7,8818.1,9902.4,2086.3,4224.1,5287.9,11994,9540.7,11120,11117,9964.3,10804,11119,11835,11807,10179,13390,14663,12230,11625,11543,14253,7655.2,8700.6,7562.3,10693,10715,9003.5,10038,7778,8964.4,10899,6963.9,7382.9,5854.4,4705.1,9926.1,10036,12512,14598,15274,603.93,9476,9601.6,12355,8667.3,4033.4,10415,15287,15766
8405.3,11090,10923,8571.1,9486.7,10240,9843,15158,15429,16296,14910,15787,9486.9,8062.6,10735,11671,11563,5496.2,10703,9332.5,8331.3,6734.9,11262,9798.1,12154,17407,11575,12050,10898,9537.7,8323.9,11351,8217.7,9474.5,9444.5,14900,12049,11353,19953,11871,13067,16605,14695,17475,14694,14410,16495,13674,15058,12740,15669,15294,13003,18704,15412,15411,12674,12603,14210,14383,11981,17673,18036,13872,9210.6,6342.4,16912,18803,21535,21561,23392,19281,15318,14154,12330,8308.6,13424,12899,14084,13092,16548,17121,18230,21016,20056,19781,23769,4897.8,13706,5556.3,7650.3,5781.9,1578.7,8097.1,11245,16049,17406,18311,11080,11137,10231,10011,8319.2,9614.9,10938,10726,10309,11979,12028,9899.5,11667,11772,11023,11969,10930,13396,12157,6184.9,7769,7653.4,8532.6,3608.8,9975.1,9624.4,9247,8029.4,5948.5,9125,9080.4,9428.4,6012.9,6220.4,8406.7,529.7,1888.2,1648.7,9061.8,9919.8,11454,11701,12310,11150,10616,12124,11136,11597,12168,13709,13276,12361,13695,15722,8101.9,9045,8108.1,10817,11035,11236,10642,8522,9153.1,11241,8380.8,7162.7,7048,5876.5,9207.8,10513,12588,14787,17050,1893.1,9038.4,9178.9,10869,6574.6,4727.2,8626.9,15545,15600,8898.4,9851.9,9621.7,8615,8693.7,9370.5,9604.7,16991,14212,16865,13647,17274,9613.8,9062.9,10181,9843.1,9896.1,7469.6,8928.6,10686,10677,8164.3,11090,9300.5,12924,17669,11963,12056,12024,9380.1,7851.6,10622,8139.1,9795.7,9686.8,13715,12100,11155,19495,12080,12748,17168,15349,17681,12706,13322,14487,12616,15656,14142,17349,14401,12422,19045,15808,16448,12640,12860,15055,14489,12325,16787,17949,11849,7630.5,8382.4,17806,18436,20232,21165,20704,17759,16785,15236,12984,8066.4,12561,13160,13048,12671,17434,16745,20397,20904,21053,20093,22179,2719.4,11876,3589.5,4286.4,4633.9,842.55,7797.9,10224,15085,18138,18028,12980,11687,10021,9899.5,9101.9,9479.1,10114,10911,11685,12568,11782,10309,11291,12013,12072,11379,11099,13422,11670,7942.4,7710.5,8585.9,7872.2,4225.5,11593,10938,11355,7642.2,7370.3,11022,9153.6,9999.6,6375.1,8824.3,9909.2,2081.1,4222.7,5288.7,11994,9549.7,11126,11118,9938,10755,11131,11817,11783,10190,13318,14658,12212,11645,11522,14274,7662.1,8685.4,7610.2,10710,10702,9005.6,10036,7766.3,8963.8,10958,6931,7393.7,5802.7,4783.4,9938.5,9985.7,12530,14648,15407,601.37,9517.8,9585.4,12411,8654.5,4016.2,10389,15350,15839
8403.7,11049,10940,8564.9,9491.5,10201,9816.7,15158,15449,16290,14937,15764,9447.9,8072.1,10750,11659,11509,5475.5,10712,9232,8280,6723.3,11273,9845.4,12151,17411,11557,12051,10850,9532.7,8350.2,11349,8217.9,9486.6,9461.4,14864,12067,11406,20011,11904,13037,16610,14663,17434,14687,14363,16499,13698,15034,12729,15655,15292,13026,18642,15431,15368,12656,12474,14221,14383,12006,17709,18057,13798,9143.1,6329.1,16931,18742,21523,21541,23336,19262,15292,14136,12359,8310.4,13450,12887,14116,13101,16570,17168,18186,20995,20058,19758,23762,4895.1,13755,5581.7,7638.5,5794.8,1568.6,8051.9,11356,16020,17352,18320,11102,11201,10225,10015,8323.6,9612.5,10972,10769,10271,11957,12023,9862.2,11707,11701,11037,12044,10793,13375,12125,6225.3,7756.1,7678,8506,3613.5,9996.4,9601.2,9236.4,8083.1,5968.6,9125.4,9081.5,9428.8,6025,6221.2,8433.8,529.39,1901.7,1653.5,9061.4,9920.3,11468,11723,12330,11155,10606,12155,11122,11617,12193,13708,13292,12384,13679,15733,8116.2,9074.1,8077.8,10749,11003,11158,10653,8596.9,9138.3,11234,8383.3,7124.2,6975.8,5924.4,9209.5,10567,12672,14772,17086,1881.1,9127.8,9206.7,10829,6581.1,4764,8517,15519,15623,8915.6,9895.1,9633.2,8618.6,8693.6,9357,9592.6,17039,14235,16828,13615,17263,9591.2,9078.1,10215,9803.9,9881.4,7439.8,8941.6,10553,10553,8144.8,11095,9323.5,12933,17702,11960,12098,12064,9389.5,7853.9,10575,8162.7,9799.4,9676.5,13714,12071,11180,19468,12125,12755,17162,15330,17640,12700,13161,14483,12591,15701,14147,17376,14438,12407,19071,15814,16436,12710,12765,15012,14488,12326,16812,17975,11870,7615.1,8394.4,17855,18445,20248,21176,20773,17847,16822,15223,12966,8021.8,12612,13167,13061,12706,17416,16754,20400,20863,21048,20067,22146,2706.9,11841,3552,4276.4,4650,834.24,7756.9,10199,15087,18122,18025,13004,11682,10054,9934.1,9000.2,9513,10135,10922,11650,12501,11751,10352,11311,11985,12044,11321,11014,13417,11715,7964.2,7714.1,8607.5,7886.7,4241.3,11543,10947,11328,7631.4,7392.1,11050,9156.5,10021,6365.9,8828.9,9929.6,2079.2,4230.3,5281.5,12014,9529.8,11172,11132,9966,10787,11123,11786,11752,10175,13292,14686,12236,11637,11534,14275,7645.5,8710.6,7534.9,10671,10711,8975.6,10027,7750.4,9013,10902,6937.4,7335.4,5800.1,4649.2,9999.7,10090,12502,14655,15431,608.87,9536.1,9599.1,12404,8647.3,4016.1,10420,15319,15850
8398.4,11137,10923,8548.6,9474.2,10150,9819.2,15161,15431,16333,14922,15835,9459,8067.3,10724,11635,11526,5497,10709,9178.6,8218.4,6651.1,11268,9837.6,12166,17394,11578,12068,10859,9521.9,8350.4,11313,8235.2,9488.7,9455.1,14825,12059,11403,19987,11942,13101,16575,14692,17468,14706,14290,16470,13665,15004,12733,15644,15247,13025,18634,15396,15411,12678,12527,14135,14361,11953,17764,18078,13822,9150.8,6348.7,16908,18791,21530,21572,23291,19278,15341,14149,12360,8328.1,13425,12914,14132,13120,16627,17232,18267,20971,20027,19723,23771,4900.7,13674,5564.1,7628.2,5820,1589,8061.1,11248,16036,17404,18333,11104,11169,10262,10013,8287.9,9618,10971,10746,10323,11950,12001,9963.1,11698,11751,10968,12116,10778,13404,12134,6190,7721.6,7669.2,8500.9,3616.2,9954.6,9647.7,9226.7,8027.9,6008.3,9096.4,9068.3,9438.5,6036.8,6232.8,8452.6,527.66,1888.1,1666.2,9111.1,9920.7,11419,11708,12332,11157,10603,12119,11126,11625,12170,13733,13271,12388,13715,15702,8070.9,9041.9,8065.1,10699,11032,11127,10649,8550.9,9235.3,11244,8362.9,7176.7,7050.9,5901.6,9246.4,10554,12620,14759,17155,1879.2,9046.5,9213.4,10822,6599.6,4741.1,8606.5,15490,15577,8890.7,9895.8,9626.6,8611.7,8698.9,9344.6,9551.4,17022,14219,16825,13659,17288,9581.9,9041.7,10188,9781.6,9887.3,7410.9,8911.3,10488,10453,8163.7,11053,9300.7,12917,17643,11973,12044,12028,9365.8,7826.6,10618,8142,9736,9675.3,13726,12160,11156,19481,12100,12773,17192,15351,17645,12716,13067,14495,12595,15698,14129,17412,14417,12418,19055,15814,16488,12652,12805,15022,14490,12313,16764,17932,11806,7632.2,8391.4,17826,18438,20207,21160,20694,17741,16748,15240,12949,8050.2,12556,13152,13099,12719,17485,16759,20323,20820,20977,20022,22120,2693.6,11829,3559.5,4296.2,4675,844.16,7769.7,10209,15117,18173,17972,12960,11718,10024,9867,9024.1,9461.3,10110,10923,11686,12546,11747,10280,11300,11976,12019,11354,11107,13423,11695,7954.7,7734.1,8545.4,7885.6,4224.3,11546,10922,11334,7624.6,7422.5,11005,9166.4,9991.2,6367.1,8809.7,9909.1,2075.2,4228.9,5284.2,12042,9523.7,11116,11136,9925.5,10770,11136,11811,11758,10147,13318,14710,12212,11636,11524,14249,7657.6,8683.2,7557.2,10618,10739,8948.5,10028,7781.3,8968.3,10877,6936,7410.8,5786.9,4705.9,9899,10021,12504,14625,15384,608.19,9505.1,9650.3,12413,8652.4,4012.1,10445,15252,15729
8387.6,11115,10911,8570.2,9474.3,10159,9830.4,15098,15401,16295,14885,15851,9494.3,8066.8,10752,11671,11552,5508.6,10714,9180.1,8215.1,6661,11281,9788.7,12209,17366,11597,12071,10857,9545.1,8320.7,11318,8198.3,9459.6,9492,14850,12047,11352,19931,11855,13004,16545,14684,17457,14703,14276,16441,13658,15020,12731,15621,15229,12960,18652,15363,15338,12671,12598,14140,14331,11989,17747,18042,13886,9160.5,6418.8,16923,18837,21547,21519,23297,19275,15318,14109,12356,8272,13376,12894,14121,13179,16569,17204,18256,20961,19990,19709,23751,4880.4,13595,5569.7,7648.7,5815.9,1580.2,8056.4,11294,16039,17441,18316,11112,11173,10265,9925.2,8240.4,9588.3,10971,10741,10330,11946,12008,9996.7,11720,11758,10970,12109,10825,13428,12143,6165.9,7720.8,7637.7,8488.9,3602.7,9987.2,9629.5,9207.4,8030.7,5952.9,9120.4,9058.3,9405.4,6048.8,6205.3,8464.6,530.43,1887.8,1663.4,9088,9911.6,11389,11761,12337,11158,10612,12142,11162,11624,12161,13748,13262,12370,13738,15778,8114,9044.2,7991.8,10743,11031,11148,10643,8477.3,9122.9,11269,8396.4,7202,6974.7,5877.7,9170.9,10481,12599,14786,17089,1886.1,9009.7,9129.2,10815,6581.4,4718.7,8647.8,15507,15594,8879.6,9924.7,9597.5,8599.1,8712.8,9362.3,9591.7,16980,14166,16823,13633,17324,9580.3,9051.1,10179,9785,9897.2,7435.4,8935.7,10520,10517,8218.7,11069,9258.3,12898,17622,11982,12064,12056,9348.6,7831,10595,8119.2,9785.9,9663.8,13719,12096,11140,19414,12091,12695,17170,15318,17647,12746,13174,14453,12627,15679,14116,17355,14340,12371,19017,15762,16424,12584,12743,15018,14420,12314,16732,17934,11812,7620,8389.7,17798,18465,20190,21170,20671,17699,16713,15202,12938,8047.1,12510,13165,13061,12778,17491,16701,20279,20813,20946,19993,22127,2694.7,11732,3580.9,4287.3,4678.6,843.07,7830.7,10134,15081,18218,17939,12912,11671,9964.8,9786,8957.8,9415.3,10085,10870,11701,12533,11771,10265,11328,11966,12022,11315,11079,13434,11677,7938.3,7713,8597.6,7855,4232.5,11562,10887,11358,7703.2,7382.4,11016,9110.5,10001,6357,8818,9898.9,2070.7,4243.5,5271.9,12021,9539.8,11116,11181,9975.8,10769,11151,11792,11761,10187,13316,14695,12195,11645,11552,14268,7653,8649.7,7585,10681,10757,8961.9,10028,7744.5,8961.8,10914,6929.3,7379,5815.6,4684.5,9895.7,10014,12452,14524,15331,608.87,9499.1,9543.1,12384,8650.3,4003.4,10342,15246,15830
8404.8,11114,10935,8579.2,9472.1,10192,9852.4,15107,15412,16261,14881,15773,9466.7,8041.3,10715,11682,11571,5500.7,10708,9205.4,8279.2,6693.4,11288,9769.4,12128,17352,11570,12070,10849,9561.4,8322,11327,8210.7,9480,9403.1,14855,12045,11382,19955,11865,13063,16572,14706,17457,14682,14330,16497,13669,15039,12703,15621,15269,12978,18684,15404,15400,12668,12581,14116,14363,12009,17697,17969,13832,9188.4,6360.2,16913,18781,21534,21488,23310,19285,15268,14150,12309,8277.5,13321,12900,14151,13159,16578,17144,18240,20978,20020,19772,23759,4906.1,13651,5547.6,7619.8,5815.1,1554.5,8007.1,11260,16043,17418,18289,11014,11146,10213,9931.7,8242.7,9543.6,10931,10732,10303,11964,12021,9910.5,11613,11751,10975,12026,10857,13424,12165,6200.2,7700.2,7660.1,8477.9,3609.8,9983,9605.5,9211.4,8032.7,5994.6,9136,9105.3,9392.1,6040,6215.5,8427.9,531.09,1893,1638.6,9069.8,9913.7,11446,11716,12358,11171,10610,12132,11063,11636,12171,13700,13249,12366,13736,15754,8100.7,9060.3,8067.4,10753,11052,11123,10641,8461.9,9123.8,11278,8399.3,7134.3,6907.4,5902.2,9146.6,10519,12602,14772,17017,1863.7,8979.1,9123.1,10828,6565.1,4711.2,8615.6,15494,15558,8906.7,9914.7,9625.7,8609.2,8706.9,9361,9569.9,16994,14157,16810,13723,17262,9610.8,9076,10210,9871.3,9898.1,7431.9,8936.2,10533,10535,8199.6,11115,9278.5,12902,17693,11953,12084,12082,9363.8,7855.2,10659,8116.7,9791.6,9711.4,13748,12068,11115,19400,12080,12685,17168,15354,17661,12774,13236,14476,12637,15723,14145,17364,14399,12384,19069,15795,16453,12640,12767,15058,14468,12393,16753,17941,11897,7578,8351,17806,18452,20202,21149,20706,17713,16736,15235,13003,8050.1,12532,13172,13037,12684,17426,16759,20300,20862,20959,20049,22137,2715.3,11850,3558.6,4284,4665.4,839.01,7754.5,10228,15085,18167,17983,12993,11676,10006,9944.8,9097.1,9431.4,10065,10892,11646,12553,11738,10260,11226,11967,12077,11303,11023,13436,11666,7905.9,7685.2,8547,7854.2,4256.1,11549,10905,11335,7651.7,7344,11011,9119.3,10002,6371.1,8814.4,9914.3,2067.4,4228.6,5261.1,12017,9544.2,11125,11154,9950,10792,11177,11782,11770,10165,13279,14668,12198,11668,11538,14259,7658.6,8658.6,7492.7,10659,10763,8978.3,10063,7787.6,8982.8,10888,6922.8,7364.5,5766.8,4698.8,10006,10009,12526,14627,15349,608.25,9488.9,9552,12384,8655.6,4007.6,10396,15286,15832
8391.2,11062,10916,8562.7,9490.6,10224,9844.7,15115,15427,16298,14926,15767,9440,8078.7,10755,11676,11549,5495.7,10680,9247.3,8260.8,6682.3,11261,9832.9,12155,17407,11568,12070,10853,9526.1,8349,11346,8210.6,9487.8,9465.1,14839,12022,11367,19956,11909,13064,16565,14683,17457,14679,14334,16479,13685,15039,12744,15600,15253,12999,18626,15392,15371,12698,12620,14202,14356,11965,17758,18064,13857,9155.2,6327.4,16905,18749,21553,21568,23314,19312,15320,14131,12368,8344.3,13403,12898,14072,13089,16499,17136,18136,20975,20065,19776,23768,4902.7,13722,5569.9,7661.7,5813.6,1574.6,8059.2,11328,16000,17398,18298,11097,11155,10241,9978.5,8310.8,9571.3,10955,10764,10301,11971,12047,9979.5,11704,11809,11046,12004,10801,13376,12136,6180.1,7770.1,7681.4,8470.4,3609.6,9995.1,9627,9220.5,8045.5,6000.8,9117.9,9075.4,9464.8,6037.8,6230.6,8430.8,526.89,1883.3,1647.9,9057.6,9915,11447,11742,12285,11119,10581,12165,11135,11610,12167,13714,13265,12390,13684,15730,8135.4,9090.6,8064,10725,11037,11172,10656,8474.5,9179.6,11274,8384.2,7165.4,6973.9,5948.5,9219.8,10507,12694,14727,17001,1888.9,9074,9166.5,10860,6573.3,4746.2,8634.7,15522,15654,8911.3,9899.3,9611.7,8614.3,8702.9,9381.7,9617.7,16980,14193,16845,13633,17243,9603.7,9083.7,10219,9807.3,9853.5,7420.2,8932.4,10556,10488,8166,11055,9288.8,12965,17716,11983,12115,12067,9371.3,7844,10604,8154.9,9823.7,9696.1,13730,12112,11167,19441,12104,12744,17141,15374,17670,12731,13235,14453,12574,15665,14116,17379,14406,12416,19062,15801,16424,12677,12832,15109,14508,12345,16842,17967,11880,7652.6,8401.9,17845,18466,20267,21177,20742,17859,16757,15227,13045,8098.4,12608,13148,13031,12683,17378,16738,20337,20902,21000,20124,22186,2714.4,11887,3608.2,4276.9,4669.2,843.49,7810.7,10039,15088,18170,18018,12943,11677,10060,9895.5,9040.2,9469.8,10125,10926,11698,12532,11798,10278,11301,11987,12034,11332,11049,13367,11666,7980,7738.8,8613.7,7897.3,4224.9,11571,10942,11357,7638.7,7374.3,11070,9168.7,10058,6384.9,8838.2,9924.6,2078.6,4227.7,5281.4,11996,9516,11164,11132,9943.1,10793,11164,11785,11759,10130,13291,14663,12241,11681,11544,14256,7663.8,8704.9,7583.4,10646,10702,8965.7,10026,7782.9,8939.8,10867,6951.5,7408.9,5802,4730.4,9938.7,10043,12545,14694,15457,617.7,9539.2,9572.4,12391,8668.5,4034.2,10445,15330,15826
8382.9,11149,10907,8523.2,9471.8,10212,9865.6,15116,15423,16286,14928,15723,9433,8083.2,10784,11652,11535,5504.3,10679,9265.5,8280.9,6705.3,11274,9789.1,12174,17465,11534,12086,10923,9515.5,8346.6,11316,8185.1,9472.6,9515.7,14870,11970,11430,19942,11880,13051,16565,14693,17496,14686,14267,16472,13635,14997,12717,15572,15260,12964,18626,15346,15362,12722,12571,14203,14354,12004,17748,18077,13853,9196.8,6346.3,16929,18814,21559,21557,23377,19285,15375,14146,12371,8300.9,13456,12900,14131,13083,16510,17197,18193,20969,20069,19770,23814,4884.6,13737,5582.9,7660.2,5818.6,1617.6,8100,11394,16005,17382,18350,11085,11152,10226,9951.9,8271,9537.4,10916,10710,10264,11997,12025,9981.9,11745,11708,11055,12036,10832,13410,12180,6190.5,7739.1,7659.1,8508.5,3628.4,9963.1,9613.6,9216.4,8046.6,5980.9,9105.1,9072,9429.4,6038.7,6244.9,8444.2,529.42,1889.5,1647.3,9068.3,9927.1,11405,11732,12271,11099,10574,12141,11199,11607,12135,13728,13291,12390,13715,15695,8117.6,9046.4,8033.6,10813,11019,11171,10657,8521.9,9148,11212,8393.3,7179.8,7052.4,5926.5,9188.2,10515,12685,14799,17140,1885.3,9065.6,9173,10828,6618.8,4745.4,8615.8,15548,15630,8912.2,9893.7,9605.1,8607,8703.6,9359.2,9578.4,16976,14185,16850,13681,17251,9586.2,9078.5,10233,9799.2,9885.7,7446.1,8948.1,10555,10472,8161.9,11010,9295.2,12930,17694,11991,12115,12063,9394.4,7850.1,10671,8136.2,9824,9685,13737,12098,11166,19417,12090,12752,17108,15379,17657,12716,13155,14453,12570,15662,14094,17361,14385,12364,19068,15793,16387,12643,12691,15053,14490,12374,16841,18014,11876,7628.7,8397.9,17851,18484,20265,21199,20746,17721,16808,15208,12982,8091.3,12603,13145,13024,12706,17423,16717,20346,20903,21041,20092,22235,2718.3,11836,3580.5,4299.4,4666.3,836.26,7823.6,10174,15121,18212,17999,12958,11657,10030,9859.4,8993.6,9468.8,10108,10867,11660,12571,11744,10296,11302,12002,11984,11277,10993,13396,11676,8034.9,7748,8612.6,7881.2,4215.5,11576,10900,11376,7626.9,7350.8,11062,9209.8,10020,6380.2,8822.4,9919.1,2078.8,4245.3,5260.7,12003,9522.3,11145,11131,9982.2,10786,11125,11833,11788,10148,13276,14673,12237,11653,11553,14257,7602.6,8645.5,7574.3,10653,10711,8973.7,10028,7751.7,8950.9,10939,6945.9,7396.2,5805.2,4706.2,9953.7,9963,12570,14689,15427,602.18,9551.7,9590.9,12400,8650.7,4021.9,10423,15277,15827
8389.6,11115,10903,8539.8,9494.2,10234,9835.1,15120,15423,16266,14869,15727,9444.1,8078.1,10771,11634,11528,5500.8,10668,9294.3,8289.6,6746,11291,9791,12144,17449,11559,12070,10896,9545.1,8361.2,11318,8214.6,9499,9463,14897,11997,11367,19953,11884,13070,16562,14702,17497,14693,14294,16458,13679,14981,12746,15584,15267,12987,18695,15343,15380,12643,12709,14102,14384,11984,17759,18087,13899,9142.2,6393.8,16922,18858,21533,21576,23358,19307,15349,14139,12369,8329,13459,12903,14160,13142,16614,17232,18258,20992,20089,19756,23783,4908.6,13724,5531.4,7669.3,5828.6,1584.7,8054.3,11337,16037,17373,18359,11062,11134,10241,9975.1,8294.3,9516.6,10935,10724,10253,11983,12017,9899.9,11658,11681,10948,12085,10803,13424,12157,6228.7,7748,7642.3,8500.3,3630,9959.3,9587.8,9203.7,8017.6,5994.8,9093.1,9058.8,9410.3,6031,6227.6,8454.9,528.77,1889.6,1655.6,9095.2,9969.5,11452,11734,12277,11107,10619,12145,11164,11654,12187,13731,13298,12417,13728,15755,8075,9045.3,8064,10820,11064,11183,10629,8504.9,9093.8,11250,8398.9,7182.1,6934.9,5938.6,9191.7,10534,12671,14826,17173,1873,9076.2,9152.6,10829,6611.2,4752.9,8531.4,15541,15607,8901.9,9941.3,9622.5,8602.1,8697.5,9356.2,9597.9,16951,14210,16802,13677,17199,9556.7,9073.7,10243,9798.1,9926.6,7460.1,8905.1,10541,10547,8196.1,11074,9346.5,12878,17640,11967,12016,12077,9406.4,7856.1,10560,8091,9778.5,9673.6,13738,12127,11183,19436,12066,12730,17112,15305,17631,12709,13125,14461,12630,15651,14086,17368,14387,12379,19083,15792,16379,12679,12792,14991,14453,12338,16785,17965,11780,7630.5,8395.6,17852,18462,20159,21170,20680,17806,16840,15227,12949,8076.1,12620,13160,13138,12787,17547,16723,20398,20812,21071,20005,22156,2715.2,11851,3573.5,4273.7,4673,846.55,7755.7,10127,15105,18206,17937,12937,11645,10035,9875.8,8969.5,9440.3,10075,10864,11658,12534,11766,10276,11354,11999,11988,11390,11051,13413,11701,8011.6,7702.1,8595.6,7864.6,4259.9,11554,10895,11317,7616.3,7357.2,11029,9087.7,9983.8,6376.3,8782.3,9915.6,2073.7,4242.6,5273.6,12006,9525.7,11056,11124,9886.8,10813,11153,11797,11793,10163,13247,14661,12204,11622,11572,14241,7615.9,8665.1,7553.9,10664,10715,8973.6,10010,7789.5,8965.6,10924,6930.9,7399.6,5810.4,4740.2,9912.2,10007,12527,14606,15408,601.58,9559.3,9565.2,12383,8629,4019.9,10300,15308,15793
8390.6,11147,10932,8551.7,9491.7,10224,9842,15145,15407,16293,14937,15777,9456.9,8067.7,10799,11675,11602,5499,10769,9225.8,8305.5,6785,11377,9810.4,12133,17451,11582,11995,10917,9562.6,8359.5,11392,8226.1,9509.5,9491.1,14830,12019,11363,19965,11868,12971,16571,14722,17487,14711,14325,16491,13716,15017,12813,15622,15276,12981,18702,15380,15419,12629,12599,14152,14331,11968,17707,18088,13797,9116.2,6350.4,16945,18846,21489,21542,23359,19276,15387,14144,12411,8319.6,13444,12910,14128,13203,16591,17228,18261,21047,20075,19783,23810,4898.9,13744,5557.9,7601.9,5829.8,1581.1,7988.5,11389,16047,17446,18371,11037,11145,10225,9956.6,8266,9580.6,10912,10695,10266,11965,12034,9885.2,11695,11795,10952,12063,10855,13431,12215,6229.4,7728.5,7669.3,8544.7,3635.2,9950.4,9578.4,9205.6,8083.8,5997.7,9108.8,9051.4,9448.9,6041,6231.5,8451.2,528.53,1888.9,1664.4,9065.1,9965.5,11438,11708,12318,11181,10604,12196,11184,11655,12178,13754,13318,12407,13700,15761,8114,9006.2,8067.5,10844,11044,11158,10616,8504.7,9170,11301,8419.3,7165.4,7058.8,5903,9215.2,10513,12694,14815,17172,1897.2,9049.8,9171.6,10831,6575.9,4733.2,8600.2,15564,15617,8880.8,9850.1,9640.2,8595.1,8647.9,9375.9,9653,16961,14211,16773,13708,17238,9517.3,9045.9,10238,9827.4,9907.8,7487.5,8934.5,10559,10594,8237.2,11050,9305.7,12903,17647,11922,12028,12127,9367.6,7880.7,10589,8134.7,9810.8,9715.4,13679,12070,11160,19464,12063,12656,17110,15309,17640,12717,13243,14461,12637,15670,14164,17356,14356,12387,19019,15773,16411,12629,12642,15080,14476,12308,16756,17954,11817,7559.7,8364.1,17847,18453,20132,21147,20704,17756,16854,15231,13005,8066.6,12624,13172,13131,12670,17579,16730,20457,20785,21073,20008,22171,2703.6,11837,3582.3,4283.4,4625.9,844.37,7780,10155,15099,18177,17958,12903,11629,9991.1,9818.6,8960.9,9431.5,10062,10872,11640,12515,11777,10316,11335,11990,12002,11327,11046,13412,11724,8021.6,7694.6,8592,7876.2,4253.9,11506,10888,11318,7620.9,7383.7,11010,9137.8,10013,6375.9,8794.6,9928.2,2070.6,4238.3,5278.3,12035,9568.6,11098,11092,9970.4,10819,11132,11833,11812,10190,13261,14667,12227,11646,11563,14236,7637.9,8680.1,7599.9,10718,10707,8993.6,10045,7802,8968.7,10930,6944.4,7403,5761.9,4716.9,9949.8,9990.4,12522,14603,15469,613.14,9511.4,9545.5,12383,8636,4015.3,10365,15304,15742
8404.2,11069,10886,8544.7,9471.7,10223,9864.2,15110,15391,16235,14963,15783,9438.9,8090.7,10815,11656,11614,5511.8,10690,9295.5,8333.4,6779.1,11303,9766.1,12130,17428,11549,12054,10886,9581.6,8390.7,11290,8259.7,9503.1,9518.4,14828,12016,11380,19929,11882,12996,16557,14728,17481,14707,14326,16528,13758,15028,12799,15609,15259,12927,18603,15353,15366,12638,12470,14093,14427,11954,17745,18058,13793,9117.3,6421.2,16966,18828,21545,21537,23356,19328,15421,14141,12403,8363.7,13501,12915,14155,13136,16655,17231,18289,21021,20125,19759,23827,4894.8,13782,5568.9,7634.2,5776.9,1564.2,8024.6,11352,16033,17424,18374,11030,11150,10173,9911.8,8319.6,9604.2,10903,10711,10213,11963,12030,9914.6,11729,11769,10988,12090,10859,13393,12201,6253.4,7729.4,7669,8498.4,3616.6,10003,9562.8,9202.3,8032.5,6017.5,9145,9066.6,9448.6,6028.8,6222,8441.8,529.17,1892.7,1641.2,9092.6,9973.6,11437,11722,12367,11105,10618,12188,11228,11676,12165,13751,13325,12404,13715,15762,8099.5,9066.7,8081.4,10835,11064,11177,10659,8427.2,9166.9,11287,8414.5,7159.2,6964.2,5881,9168.9,10480,12688,14835,17186,1903.8,9021.1,9152.5,10805,6611.9,4748.3,8635,15582,15550,8876.1,9849.1,9623.5,8593.1,8662.2,9366,9604.6,16963,14165,16799,13638,17205,9562.7,9070.5,10248,9811,9889.8,7453,8919.3,10576,10616,8197.9,11082,9322.7,12898,17681,11929,12057,12111,9390.1,7871.6,10600,8115.2,9850.6,9695,13719,12038,11148,19443,12083,12680,17079,15314,17646,12705,13234,14472,12632,15643,14166,17316,14365,12390,19023,15753,16359,12635,12671,15061,14448,12338,16780,18004,11831,7614.6,8366.2,17876,18474,20198,21204,20726,17837,16822,15235,12966,8075.1,12616,13145,13086,12730,17527,16686,20418,20777,21054,20022,22200,2703.4,11871,3577.2,4303.5,4607,830.09,7750.3,10091,15075,18200,17981,12941,11613,10013,9828.4,8980.1,9437.8,10062,10827,11626,12487,11777,10292,11335,11972,11970,11335,10998,13386,11715,7971.8,7733.9,8593.6,7890,4216,11547,10881,11329,7710.9,7415.8,10992,9107.9,10043,6394.5,8830.6,9910.4,2073.4,4224.9,5263.9,12034,9575.9,11116,11125,9940.5,10831,11170,11850,11814,10166,13209,14625,12245,11690,11590,14257,7621.5,8694.9,7541.3,10706,10686,9012.7,10052,7732.5,8995.2,10907,6956.7,7421.6,5768.4,4720.9,9977.5,9962.2,12535,14652,15442,616.04,9495.3,9537.8,12350,8660.8,4009.3,10350,15249,15729
8405.7,11092,10938,8565,9479.5,10251,9833.4,15071,15404,16263,14947,15779,9437.3,8041.5,10794,11640,11596,5511.4,10684,9330.9,8322.4,6776.4,11276,9797.4,12155,17410,11608,12080,10931,9583.3,8368.2,11321,8250.6,9500.3,9451,14853,12023,11404,19937,11876,13038,16605,14700,17468,14710,14339,16500,13722,15056,12797,15576,15246,12930,18588,15363,15456,12685,12542,14180,14422,11983,17735,18091,13881,9174.4,6354.3,16925,18840,21565,21616,23334,19341,15353,14177,12382,8382,13480,12912,14140,13055,16652,17217,18296,21046,20138,19737,23783,4888.3,13714,5592.3,7673.1,5813.8,1587.8,8091.4,11354,16042,17452,18344,11029,11141,10184,9921.8,8231.3,9557.5,10942,10708,10267,11974,12028,9924.6,11675,11727,10952,12058,10808,13377,12187,6202.8,7703.3,7637.3,8472.5,3587.5,9971,9570,9226.1,8017.6,6003.7,9124.9,9055.2,9467.5,6034.9,6223.7,8466.2,528.84,1887.9,1650.3,9076.6,9953.3,11423,11728,12362,11134,10576,12170,11218,11646,12154,13737,13325,12395,13713,15738,8098.9,9048.5,8186.4,10797,11040,11203,10589,8567.1,9238,11284,8411.8,7169.4,7070.4,5919.2,9164.7,10469,12607,14787,17163,1881.1,9023.9,9097.7,10775,6587.4,4740.4,8544.5,15556,15608,8901.9,9888.8,9628.3,8607,8692.2,9384.5,9631.1,16943,14154,16844,13656,17175,9529.9,9077.6,10231,9797,9884.9,7462,8916.7,10574,10599,8233.8,11080,9287.1,12920,17659,11961,12104,12119,9356.9,7848.7,10624,8160.6,9759.1,9725.4,13749,12099,11144,19430,12117,12745,17094,15318,17644,12715,13314,14509,12634,15689,14167,17330,14411,12379,19025,15747,16373,12620,12701,15029,14528,12381,16758,17982,11862,7632,8373.6,17853,18502,20210,21205,20655,17792,16773,15268,12963,8073.6,12600,13119,13112,12633,17535,16696,20355,20789,21011,20062,22172,2729.1,11813,3589.9,4304.3,4631.6,821.19,7763.8,10234,15112,18200,18028,12926,11642,10016,9846.1,9006.1,9480.9,10079,10826,11639,12533,11746,10340,11299,12020,12002,11256,10983,13363,11676,7994.4,7734.3,8581.9,7887.3,4196.9,11544,10929,11343,7626.8,7360.6,11040,9134.1,10057,6372.8,8810.9,9917.4,2080.4,4207.9,5263.7,12034,9547.6,11122,11128,9967.7,10773,11135,11806,11841,10181,13286,14637,12232,11671,11575,14282,7658.3,8673.2,7490.5,10725,10684,9009,10024,7731.8,8981.1,10847,6942.2,7407.5,5828.5,4742.3,9922.2,10002,12494,14648,15381,608.37,9512.6,9537.1,12348,8674.9,4028.7,10348,15274,15726
8409.1,11135,10911,8567.5,9495.1,10230,9826.4,15107,15421,16301,14890,15827,9449.7,8044.7,10770,11651,11583,5504.6,10738,9213.6,8274.8,6745.5,11228,9823.2,12201,17412,11587,12119,10860,9559.3,8324.2,11333,8193.8,9466.6,9462.4,14843,12007,11375,19973,11851,13032,16598,14695,17488,14702,14349,16504,13716,15051,12770,15600,15280,12983,18605,15370,15415,12589,12481,14146,14391,12011,17762,18028,13816,9128.3,6382.8,17000,18831,21545,21580,23363,19292,15386,14108,12349,8335,13456,12926,14102,13127,16602,17165,18294,21051,20031,19766,23804,4906.5,13750,5545.3,7634.4,5818.5,1578.2,8033.7,11332,16026,17465,18341,11057,11169,10227,9936.1,8226.3,9603.7,10928,10761,10286,11948,11972,9935.5,11602,11758,10913,12029,10874,13408,12167,6185.4,7722.7,7638.2,8499.9,3606.8,9963.5,9606.1,9224.1,8021.7,5988.8,9102.8,9072.8,9460.6,6041.5,6225.9,8472.2,528.13,1888.8,1650.7,9060.2,9881.8,11422,11763,12244,11114,10562,12142,11198,11603,12154,13736,13334,12371,13713,15752,8113.2,9031.5,8091.4,10777,11020,11182,10615,8423.2,9170.8,11218,8359.3,7109.5,6916.9,5893,9222.4,10514,12670,14865,17157,1873,8990.3,9118.4,10832,6618.1,4745.2,8555,15538,15622,8906.1,9904,9595,8611,8697.2,9384.3,9562.4,16995,14169,16844,13668,17235,9566.5,9038.7,10194,9844.2,9885.1,7440.5,8922,10572,10585,8211.5,11009,9322,12912,17673,11977,12087,12073,9397.4,7836.1,10603,8137.5,9791.5,9696.7,13706,12098,11148,19415,12055,12726,17136,15325,17650,12694,13287,14482,12595,15648,14158,17333,14399,12400,19030,15791,16401,12664,12648,15040,14424,12387,16773,17948,11872,7592,8386.4,17870,18436,20187,21202,20737,17701,16826,15244,12952,8048.7,12616,13162,13054,12715,17442,16684,20356,20863,21012,20025,22130,2719.4,11854,3589.2,4279.7,4649.9,828.81,7749.8,10179,15106,18200,17987,12982,11656,9995.1,9847.1,9101.4,9457,10089,10880,11650,12527,11743,10320,11285,11987,12030,11349,11044,13414,11670,7946.3,7708.8,8591.7,7839.7,4219.2,11509,10901,11330,7608.3,7370.3,11017,9121.7,10030,6361.5,8801.1,9918.4,2084.8,4227.7,5278,11997,9503.2,11127,11106,9889,10778,11117,11789,11820,10156,13309,14685,12225,11638,11557,14255,7625.3,8699.6,7526.7,10655,10684,8970.4,10024,7773.3,9048.3,10913,6939.9,7387.8,5778.4,4720.1,9896,10005,12521,14596,15358,604.71,9540.3,9588.6,12365,8635.8,4025.7,10378,15285,15769
8407.3,11097,10895,8582.8,9506.2,10212,9847.4,15119,15403,16256,14843,15773,9461.1,8079.3,10752,11683,11566,5494.9,10700,9271.8,8278.8,6758.7,11301,9788.1,12137,17397,11547,12032,10868,9518.2,8327.8,11333,8208.7,9488.4,9467,14863,12030,11343,19975,11861,12997,16616,14721,17478,14690,14376,16531,13721,15019,12745,15624,15273,12936,18615,15370,15381,12668,12540,14157,14357,11963,17687,18016,13842,9202.6,6399.5,16979,18813,21538,21559,23334,19296,15359,14140,12363,8344,13458,12890,14122,13067,16623,17147,18202,20993,20088,19774,23781,4892.9,13661,5550.5,7647.2,5826.8,1578.4,8036,11315,16035,17428,18339,11063,11165,10217,9984.9,8306,9562.8,10946,10748,10242,11920,12016,9927.9,11668,11710,10961,12008,10858,13365,12125,6200.1,7749.5,7644.8,8494,3591.7,9991.9,9545.1,9210.4,8056.8,5974,9124.8,9077.1,9433.6,6026.4,6219.8,8421.8,532.74,1875.1,1645.9,9046,9920.1,11440,11690,12320,11177,10586,12158,11152,11630,12151,13718,13327,12355,13676,15756,8100,9068.1,8040.5,10808,11023,11187,10612,8524.2,9072.6,11236,8378.5,7191.9,7022.9,5918.8,9202.4,10559,12659,14771,17168,1899.9,8978.1,9201.8,10840,6606.8,4736.4,8604.3,15505,15657,8903.3,9866.1,9591.8,8625,8700.9,9379.2,9587.8,16998,14188,16817,13604,17217,9575.4,9050.5,10178,9801.6,9923.3,7441.5,8888.8,10552,10527,8192.6,11071,9293.8,12909,17674,11959,12081,12103,9322.7,7794,10582,8085.3,9790.5,9653.2,13742,12099,11129,19449,12080,12695,17157,15335,17665,12700,13106,14481,12648,15620,14124,17361,14398,12377,19042,15804,16439,12640,12641,15078,14484,12355,16758,17943,11868,7623.8,8402,17854,18468,20165,21203,20683,17746,16781,15173,12945,8092.3,12600,13166,13028,12699,17431,16678,20317,20817,20994,20031,22142,2710.1,11856,3594.8,4292.5,4658.5,841.23,7759.5,10145,15098,18208,17980,12969,11712,10034,9854.7,9012,9469,10146,10876,11726,12526,11750,10263,11289,11996,12034,11301,11048,13401,11695,7922.3,7741.5,8560.5,7889.9,4204.6,11536,10887,11346,7645.2,7401.7,11028,9104.9,10012,6371.8,8816.1,9910.8,2073.5,4217.8,5264.3,11991,9545.3,11118,11140,9924.6,10768,11089,11791,11749,10201,13320,14645,12211,11612,11514,14267,7670.4,8704.6,7568.8,10671,10720,8988.5,9997.7,7806.2,9052.7,10907,6931.8,7448.2,5791.2,4765.4,9970.9,9982.3,12548,14605,15410,597.63,9495.9,9543,12399,8656.2,4016.5,10377,15345,15804
8404.7,11074,10926,8569.9,9495.5,10184,9792.5,15114,15394,16229,14881,15738,9507.1,8072.1,10734,11672,11518,5483,10670,9116.7,8250.2,6672.2,11268,9804.9,12177,17426,11582,12058,10881,9503.4,8337.6,11355,8229,9457.2,9441,14897,12025,11391,19977,11897,12992,16599,14691,17461,14714,14333,16500,13686,15005,12720,15657,15275,12962,18637,15352,15362,12618,12411,14159,14400,11967,17685,17991,13885,9183.6,6349.8,16952,18817,21539,21579,23332,19311,15339,14122,12399,8354,13465,12910,14107,13053,16540,17206,18274,20997,20072,19751,23781,4885.2,13710,5585.6,7632.6,5781.6,1584.3,8027.3,11300,16044,17380,18313,11081,11166,10211,9959.6,8281.7,9592.8,10945,10719,10268,11952,11984,9926.1,11634,11742,10978,12040,10808,13364,12182,6189.4,7742,7642,8518.4,3602.6,10011,9591.7,9214.8,8028.5,5968.7,9160.7,9093.1,9429.6,6043.3,6235.4,8431.1,530.5,1887.2,1646.5,9072.8,9885.9,11469,11678,12325,11192,10606,12139,11135,11604,12123,13729,13303,12377,13693,15741,8084.5,9022.6,8077.2,10740,11022,11109,10620,8493.2,9124.6,11214,8355.5,7175.6,6890.4,5908.2,9168.7,10458,12588,14787,17118,1891.5,9041.1,9190.9,10842,6634.2,4734.4,8539.6,15516,15558,8915.4,9858.6,9621.2,8635.5,8704.1,9366.9,9557.7,16969,14184,16770,13635,17224,9609,9069.9,10209,9797,9854.5,7419.7,8923.1,10485,10483,8140,11038,9326.7,12885,17625,11954,12025,12040,9355.3,7870.6,10578,8135.6,9802.2,9625.1,13728,12121,11148,19458,12113,12743,17130,15338,17675,12737,13141,14463,12666,15701,14131,17395,14412,12404,19035,15785,16397,12664,12645,15015,14515,12332,16771,17945,11847,7612.5,8374.7,17834,18485,20229,21171,20709,17769,16794,15196,12961,8060.4,12586,13153,12982,12708,17436,16690,20393,20877,20979,20070,22189,2707.7,11831,3548.7,4288,4612.6,830.82,7747.1,10178,15097,18202,17990,12958,11626,10014,9874.4,8958.4,9476.3,10089,10876,11666,12508,11746,10247,11246,11965,12024,11325,11026,13392,11675,7939.1,7689.2,8554.5,7873,4194.7,11557,10937,11302,7624.3,7373,11056,9097.9,9998.6,6362.2,8809.8,9903.2,2070,4211.6,5245.6,12009,9518,11107,11106,9986.6,10782,11139,11800,11802,10134,13260,14652,12225,11640,11524,14259,7700.2,8693.3,7565.6,10662,10654,8954.5,10034,7764.4,8938.5,10892,6914.4,7416.5,5821.3,4728.9,9905.8,10075,12481,14642,15414,605.68,9493.5,9622,12414,8650.9,4026.4,10368,15256,15774
8367,11013,10885,8548.8,9463.4,10154,9789,15094,15405,16218,14966,15738,9441.1,8048.1,10696,11626,11513,5468.2,10613,9133.1,8217.2,6592.3,11286,9801.4,12225,17476,11623,12135,10901,9541.9,8301.9,11313,8201.2,9475.4,9447.4,14826,12089,11327,19891,11895,12970,16530,14686,17481,14694,14319,16457,13655,14996,12731,15539,15207,12965,18575,15343,15343,12644,12459,14154,14384,12010,17772,18107,13890,9164.6,6408.8,17004,18865,21557,21638,23419,19366,15347,14132,12430,8396.7,13522,12877,14132,13037,16474,17219,18204,21023,20068,19740,23870,4901.9,13794,5574,7649.3,5789.4,1600.4,8052.9,11348,16032,17434,18383,11103,11115,10209,9995.6,8289,9607,10955,10692,10267,11954,11987,9969.8,11710,11741,10959,12034,10749,13374,12141,6202,7728.5,7677.2,8474.6,3609.4,9966.4,9613.1,9212,8023.7,5966.6,9135.2,9136.8,9488.2,6053,6231.5,8472.4,536.87,1894.9,1647.6,9103.5,9868.3,11481,11779,12330,11115,10565,12110,11201,11553,12123,13780,13322,12410,13763,15710,8089.2,9036.9,8076,10668,10982,11111,10604,8496.8,9265.3,11248,8337.8,7143.7,7045,5909.7,9171.3,10424,12622,14792,17226,1888.7,9015.4,9125.2,10846,6609,4772.2,8581,15551,15596,8898.2,9855.5,9583.6,8624.6,8706.5,9357.7,9567.4,16968,14184,16784,13575,17258,9606.1,9054,10205,9778.3,9872.5,7394.6,8876.3,10495,10467,8165.8,11016,9292.6,12919,17690,11945,12065,12087,9371.3,7859.4,10641,8152.9,9776.9,9702.7,13680,12094,11183,19420,12097,12726,17088,15271,17697,12745,13228,14441,12611,15667,14116,17379,14362,12437,19029,15765,16427,12619,12681,14957,14413,12365,16801,17942,11832,7634.5,8422.5,17865,18516,20228,21222,20768,17804,16819,15221,12972,8079.9,12623,13170,13058,12653,17438,16756,20385,20799,20960,20093,22218,2720,11835,3594.4,4292.6,4668.9,840.81,7771.4,10257,15079,18229,18045,12931,11640,10017,9870.9,8998.5,9481.6,10091,10870,11653,12507,11781,10221,11297,11918,12017,11315,11034,13368,11657,7956.8,7748.8,8626,7868.8,4208.4,11536,10951,11323,7610.4,7330.6,11040,9162,10024,6364.1,8811.8,9906.9,2070.7,4208.9,5253,12009,9471.2,11187,11164,9913.5,10763,11159,11794,11793,10072,13242,14658,12252,11669,11590,14225,7664,8648.8,7556.5,10641,10662,8953.2,10013,7777.2,9030.2,10913,6910.7,7372.4,5775.1,4744.5,9913.5,10040,12457,14622,15448,606.38,9582.3,9576.8,12389,8650.4,4020.1,10403,15252,15735
8380.4,11068,10890,8526.8,9470.6,10190,9824.1,15114,15418,16245,14850,15689,9424.2,8064,10756,11629,11535,5488.1,10678,9251.3,8263.8,6699.5,11298,9803.3,12179,17425,11550,12084,10891,9548,8341.7,11323,8201.2,9500,9533.5,14828,12052,11386,19933,11897,13008,16559,14685,17491,14684,14284,16493,13659,15022,12767,15569,15271,12994,18612,15369,15400,12674,12616,14114,14335,11946,17738,18063,13839,9159.7,6364.1,16950,18889,21550,21585,23389,19312,15338,14135,12354,8356.4,13484,12905,14159,13061,16542,17246,18240,21018,20094,19749,23815,4901.7,13762,5587.9,7660,5812.6,1603.8,8013,11329,16025,17405,18399,11091,11118,10239,9960.4,8274.8,9545,10945,10749,10249,11975,12049,9948.2,11672,11738,11032,12048,10886,13405,12166,6155.7,7727.9,7672,8481.9,3601.2,9951.9,9586.7,9205.6,8035.9,5989.4,9123.3,9058.4,9448.3,6025.8,6219.1,8458.8,529.13,1886.1,1648.1,9098.4,9932.2,11452,11719,12261,11137,10625,12144,11173,11620,12160,13756,13311,12395,13767,15729,8102.5,9010.6,8104.8,10755,11037,11160,10601,8524.5,9131.8,11257,8388.1,7141.5,6981.7,5942.4,9212.9,10465,12593,14824,17206,1867.9,9011.5,9140.5,10798,6598.3,4745.9,8640.6,15543,15607,8870.2,9869.2,9606.9,8597.9,8688,9359.9,9567.1,16962,14160,16785,13615,17198,9579.9,9079.2,10189,9816.8,9898.7,7433.3,8918.5,10566,10536,8191.1,11065,9306.6,12871,17658,11906,12034,12099,9378.5,7865.7,10610,8142.4,9794.8,9671.9,13713,12073,11145,19409,12072,12684,17090,15286,17646,12722,13182,14445,12586,15628,14130,17321,14364,12371,18984,15769,16415,12633,12760,15020,14453,12315,16767,17941,11827,7618.3,8401.1,17860,18506,20178,21227,20723,17773,16791,15209,12919,8071.6,12586,13158,13089,12656,17462,16717,20372,20734,20960,20042,22204,2740.2,11811,3595.7,4295.3,4657.1,842.42,7732.5,10180,15098,18197,18018,12949,11672,10010,9815.1,8966.3,9474.4,10069,10866,11623,12514,11755,10261,11328,12009,12074,11289,11080,13400,11687,7947,7722.8,8602.1,7891.2,4208,11503,10921,11320,7624.3,7397.3,11045,9114.4,9991.3,6369.3,8810.7,9922.8,2076.8,4230.8,5255.4,12036,9513,11142,11144,9972.9,10797,11178,11812,11817,10176,13258,14664,12226,11667,11600,14243,7643.5,8666.8,7598.3,10637,10724,8985.1,10058,7771.8,8991.9,10890,6957,7375.9,5831,4764.9,9925.6,10014,12477,14604,15429,609.23,9475.1,9575,12359,8646.4,4005.2,10348,15281,15753
8383,11144,10905,8576.5,9488.4,10229,9830.8,15129,15434,16280,14866,15760,9450.7,8102.5,10784,11673,11555,5492.8,10724,9235.2,8309.8,6703.3,11253,9816.8,12138,17378,11560,12065,10870,9517,8355.6,11300,8180.2,9496.9,9488.6,14843,12022,11386,19973,11867,13077,16600,14701,17503,14683,14326,16538,13706,15047,12703,15644,15298,12977,18698,15355,15425,12671,12566,14179,14318,11975,17705,18019,13853,9170.7,6362.9,16988,18852,21531,21564,23340,19352,15301,14145,12311,8309.4,13441,12912,14109,13133,16534,17129,18242,20974,20057,19765,23772,4911.4,13743,5556.7,7659.5,5828,1591.3,8012.4,11277,16034,17417,18335,11105,11162,10232,9979.5,8286,9613.4,10940,10757,10332,11975,12015,9925,11649,11799,11036,12038,10858,13437,12157,6200.8,7750.8,7676.2,8472.3,3605.6,9992.3,9603.1,9240,8062.3,6006,9131.8,9067.8,9397.4,6034.3,6230.9,8450.3,529.18,1887.3,1643.2,9063.7,9933.9,11444,11685,12352,11183,10609,12144,11130,11630,12201,13740,13301,12378,13751,15750,8113.7,9087.6,8020.7,10782,11040,11154,10605,8555,9111.7,11222,8385.3,7182.9,6997.7,5966.8,9196.5,10517,12578,14807,17084,1874.9,9014.5,9179.4,10853,6597.1,4727.1,8630.8,15502,15620,8876.4,9861.4,9632.7,8595,8683.6,9362,9558.7,16948,14178,16819,13642,17244,9584.3,9056.1,10213,9798.3,9917.9,7446.7,8911.5,10572,10596,8194.8,11073,9294.9,12900,17629,11983,12005,12101,9360.3,7877.4,10575,8112.7,9790,9723.1,13715,12096,11166,19412,12087,12697,17108,15317,17631,12718,13206,14478,12586,15674,14137,17340,14383,12364,19014,15762,16468,12615,12706,15066,14490,12341,16754,17947,11813,7617,8364.9,17813,18456,20190,21188,20705,17771,16726,15213,12986,8050.2,12606,13190,13024,12708,17454,16742,20325,20790,21033,20043,22181,2715.6,11829,3581,4303,4677,844.08,7811,10145,15098,18186,17962,12969,11694,10029,9881.2,9026.8,9460,10101,10918,11676,12545,11762,10330,11258,11993,12015,11348,11022,13393,11666,7999,7680.2,8589.1,7911.3,4209.7,11525,10924,11350,7648.4,7410.2,11023,9097.3,9981.2,6368.5,8788.2,9920,2070,4237.6,5273.4,12037,9527.1,11097,11153,9941.4,10807,11169,11805,11796,10186,13283,14691,12202,11651,11577,14218,7655.7,8684.8,7538.6,10676,10709,8989.6,10079,7797.6,8896.1,10873,6941.3,7384.4,5865.1,4756.8,9952.2,9963.3,12464,14628,15408,612.44,9502.4,9573.8,12390,8642.4,4002.6,10398,15301,15810
8410.4,11136,10947,8560.5,9497.3,10190,9806.3,15137,15433,16305,14870,15789,9498.3,8073.9,10751,11666,11547,5504.1,10705,9177,8283,6671.3,11322,9832.3,12145,17411,11579,12058,10828,9520.5,8341.7,11353,8226,9477.6,9513.3,14874,12073,11401,19991,11890,13066,16638,14670,17464,14710,14342,16484,13658,15073,12686,15647,15285,13010,18694,15383,15422,12707,12543,14168,14317,12050,17713,17959,13867,9149.1,6328.1,16934,18787,21569,21514,23331,19310,15287,14133,12389,8311.9,13416,12923,14091,13142,16516,17199,18152,20952,20024,19768,23767,4890.6,13668,5584.7,7628.3,5809.6,1582.3,8052.8,11244,16011,17334,18324,11122,11188,10276,9968.2,8284.7,9620.8,10979,10761,10309,11948,11977,9984.6,11583,11740,11021,12115,10812,13387,12144,6196.1,7732,7650.2,8484.5,3614.9,9960.3,9636,9226,8033.6,5983.5,9105.2,9063.4,9456.6,6030.6,6236.6,8420.1,531.82,1874.5,1639.9,9074.8,9911.2,11433,11698,12302,11160,10604,12153,11137,11585,12166,13734,13268,12364,13689,15733,8114.5,9019.5,8028.2,10736,11084,11157,10628,8512.3,9136.9,11248,8382.1,7201.8,6922.9,5914.4,9189.2,10530,12640,14793,17049,1918.9,9099.9,9194.5,10837,6607.1,4733.5,8591.5,15498,15637,8889.8,9939.5,9623.9,8601.1,8688.4,9351.2,9542,16973,14167,16806,13638,17283,9591.2,9087.4,10207,9792.2,9911.8,7424,8871.5,10544,10532,8205.3,11044,9294.3,12923,17644,11979,12025,12055,9368,7830.1,10678,8103.6,9822.9,9669.6,13763,12107,11173,19465,12062,12731,17185,15344,17643,12723,13241,14484,12610,15688,14131,17375,14413,12391,19022,15799,16466,12683,12840,14943,14429,12357,16780,17897,11899,7678.6,8360,17785,18451,20214,21185,20687,17792,16703,15204,12991,8083.5,12586,13153,13008,12544,17369,16704,20315,20882,20996,20042,22135,2695.9,11840,3594.6,4277.3,4655.8,826.88,7777.9,10170,15073,18119,17961,12987,11673,10044,9863.4,9038.4,9470,10117,10923,11664,12509,11756,10285,11332,12010,12003,11410,11099,13420,11684,8025.9,7697.9,8535,7899.3,4213.5,11602,10905,11337,7602.3,7414.3,11028,9128.1,9999.9,6385.7,8775.4,9899.5,2066.3,4226.9,5253.8,12010,9543.8,11095,11122,9961.2,10786,11147,11746,11771,10155,13263,14693,12203,11636,11515,14230,7624.1,8714.6,7552.6,10637,10696,9000.6,10034,7763.8,8943,10885,6931.2,7401.1,5815.9,4764.4,9946.5,9951.3,12448,14620,15396,611.13,9515.5,9575.7,12416,8638.8,4022.3,10420,15282,15787
8395.8,11108,10916,8543.2,9478.2,10196,9828,15120,15428,16310,14876,15802,9453.7,8098.3,10774,11686,11580,5507.9,10714,9237.5,8251.6,6677,11312,9832.3,12148,17440,11576,12062,10834,9513.4,8379.3,11344,8195,9485.4,9478.9,14889,12012,11339,19998,11868,13032,16614,14694,17457,14693,14338,16496,13703,15033,12734,15627,15241,12957,18619,15371,15399,12622,12490,14105,14369,11988,17673,18009,13812,9167.2,6370.1,16930,18778,21552,21542,23333,19322,15350,14106,12391,8323.1,13446,12878,14151,13070,16583,17191,18233,20985,20060,19730,23792,4898.3,13711,5572.1,7652.3,5854,1594.6,8066.4,11375,16001,17376,18356,11064,11136,10254,9960.6,8392.2,9554.5,10934,10763,10221,11967,12005,9966.5,11705,11764,10987,12078,10791,13366,12111,6179.3,7741.7,7633.3,8501,3611,9953.8,9595.1,9207.9,8048.9,6014.4,9120,9087,9458.8,6030.4,6221.6,8434.5,525.02,1896.7,1649.2,9043.5,9907.7,11427,11712,12308,11159,10570,12134,11114,11608,12134,13726,13280,12385,13689,15731,8131.4,9028,7985.1,10778,11053,11146,10640,8499.4,9133,11266,8390.8,7231.8,6946.9,5923.7,9213.9,10475,12657,14825,17103,1886.6,9087.8,9156.7,10806,6615.8,4740.2,8556,15509,15559,8893.3,9919,9618,8605.1,8692.9,9365.2,9600.1,16996,14206,16789,13654,17248,9579.2,9086.5,10206,9800.6,9905.5,7425.3,8908.9,10554,10471,8181,11093,9356.4,12906,17641,11928,12032,12088,9376,7864.1,10603,8138.4,9774.7,9632.2,13774,12139,11188,19481,12106,12746,17192,15336,17660,12716,13207,14473,12561,15639,14106,17408,14418,12366,19048,15807,16398,12665,12723,15006,14448,12339,16807,17938,11827,7631.7,8389.1,17814,18487,20179,21173,20706,17726,16770,15212,12973,8103,12586,13130,13079,12681,17463,16689,20332,20836,21000,20009,22132,2718.1,11850,3599.7,4304.3,4670.6,828.11,7742.5,10137,15054,18163,17962,12949,11640,10017,9824.4,9033.9,9465.2,10094,10876,11670,12528,11700,10240,11310,12018,12036,11338,11025,13377,11684,7976.2,7730.5,8580.5,7876.5,4216.3,11555,10917,11320,7647.6,7396.9,11017,9107,9998.5,6386.5,8806.4,9895.9,2073.5,4217.5,5260.7,11983,9551.5,11115,11120,9972.6,10782,11127,11801,11769,10168,13281,14656,12203,11624,11518,14267,7639.9,8737.4,7603,10688,10702,8987.5,10039,7799.5,8994.2,10966,6937.7,7443.5,5838.6,4709.2,9965.7,10028,12509,14648,15367,609.35,9519.8,9551.2,12360,8665.6,4015.2,10377,15289,15753
8368,11154,10911,8527.4,9452.5,10197,9864,15091,15403,16243,14885,15790,9393.4,8114.3,10773,11646,11554,5509.1,10744,9314,8283.3,6693.1,11283,9772.6,12150,17417,11545,12087,10913,9573.1,8372.6,11313,8205.6,9485.8,9491.4,14870,12070,11351,19969,11881,12948,16559,14709,17462,14669,14257,16481,13710,15006,12773,15590,15229,12936,18610,15348,15354,12659,12556,14123,14348,11993,17764,18079,13763,9163,6404.6,16958,18859,21546,21563,23353,19303,15357,14170,12375,8304.2,13461,12900,14131,13148,16646,17209,18296,20962,20063,19751,23790,4910.9,13765,5556.3,7645.1,5833.2,1597.4,8077.7,11344,16003,17389,18361,11024,11163,10223,9931.7,8318.4,9588.2,10947,10710,10269,11968,12038,9983,11696,11739,10981,12084,10770,13357,12135,6191.4,7736.3,7708.7,8497.4,3612.9,9962.6,9598,9236.3,8043,5985.8,9123.8,9110.1,9459.3,6033.5,6243.1,8442.8,530.63,1899.5,1649.3,9074.9,9953.6,11464,11764,12318,11141,10592,12191,11181,11670,12162,13703,13290,12389,13694,15708,8093.1,9043.2,8037.4,10787,11050,11175,10642,8549.5,9176.1,11292,8383.2,7197.4,7035.3,5892.2,9185.9,10496,12627,14820,17160,1897.8,9086.4,9126,10830,6617.5,4730.8,8602.5,15547,15577,8879.4,9889.1,9644.6,8590.3,8674.7,9365,9589.4,16968,14201,16796,13624,17181,9534,9062.7,10218,9774.2,9952.5,7456.2,8942.3,10600,10559,8214.5,11039,9314.3,12859,17664,11946,12035,12048,9440,7847.2,10579,8181.8,9792.9,9720.7,13727,12112,11147,19462,12090,12690,17091,15278,17607,12692,13118,14449,12631,15677,14121,17393,14410,12382,19076,15768,16365,12664,12704,15051,14450,12378,16829,17978,11850,7579.4,8391.4,17846,18474,20210,21213,20685,17781,16784,15244,12988,8074.4,12607,13128,13113,12690,17506,16690,20398,20735,21045,20017,22192,2695.5,11862,3559.8,4281.4,4623.5,829.39,7744.5,10144,15078,18164,17947,12882,11633,10000,9919.9,9023,9487.2,10084,10874,11658,12546,11761,10273,11309,11974,12013,11272,11047,13418,11665,7937.8,7740.4,8573.3,7878.9,4214.9,11573,10920,11338,7612.2,7389.2,11062,9144.5,10003,6379.7,8793.1,9918,2072.7,4230.2,5252.7,11994,9542.5,11089,11106,9940.6,10775,11093,11825,11776,10185,13240,14646,12204,11638,11520,14253,7647.5,8720.5,7549.6,10693,10715,8996.3,9990.4,7780.6,9042.7,10862,6943.5,7399.1,5804.5,4729.4,9935.2,10020,12498,14694,15407,608.91,9490.6,9557.6,12368,8634.3,4005.2,10459,15283,15773
8378.7,11139,10905,8539.1,9478.9,10179,9862.8,15108,15407,16278,14977,15834,9416.2,8067.9,10765,11657,11602,5537.5,10719,9356.1,8309.2,6745.2,11229,9798.5,12135,17423,11582,12083,10892,9545.8,8348.2,11268,8239.6,9496.1,9438.6,14896,12013,11378,19928,11874,13084,16556,14702,17458,14663,14304,16504,13707,15012,12783,15634,15254,12931,18587,15340,15391,12675,12580,14122,14377,12047,17734,18029,13904,9206.8,6392.6,16963,18846,21563,21550,23306,19335,15308,14173,12364,8289.2,13393,12928,14095,13110,16651,17194,18250,20968,20032,19736,23779,4891.1,13706,5584.9,7657.8,5821.1,1611.1,8066.1,11296,16038,17420,18325,11047,11160,10232,9956.2,8269.2,9623.8,10970,10731,10326,11946,11976,9927.9,11671,11778,10993,12138,10770,13405,12134,6216.3,7727.8,7674.6,8520.7,3631,10015,9584.9,9234.1,8042.5,5985.1,9120.1,9058.3,9441.9,6045.2,6259.6,8440.9,534.97,1896.7,1651.6,9071.5,9969.8,11461,11720,12301,11180,10602,12141,11097,11657,12198,13701,13281,12372,13706,15748,8075.3,9052.3,8011.7,10809,11057,11203,10642,8524.1,9185.9,11226,8404.4,7202.3,6977.4,5952.9,9197.6,10514,12618,14803,17032,1888,9009.4,9131.6,10844,6605.8,4744.6,8665.8,15514,15582,8884.3,9869.5,9618,8595.9,8684.4,9375.9,9573.4,16976,14156,16814,13638,17247,9548.2,9061.7,10195,9808.9,9923.7,7455.1,8949.5,10598,10625,8213.2,11056,9312.4,12887,17700,11961,12047,12125,9393.1,7836.3,10615,8175.8,9764.3,9676.5,13709,12110,11151,19437,12047,12716,17142,15319,17612,12697,13189,14502,12610,15684,14131,17375,14391,12388,19034,15753,16409,12639,12617,14993,14441,12412,16775,17919,11808,7633.8,8369.7,17863,18444,20221,21189,20664,17714,16755,15198,12978,8079.7,12583,13153,13072,12688,17484,16725,20315,20780,20957,20022,22154,2720.3,11857,3594.8,4278.2,4645.4,831.81,7748.2,10201,15092,18179,17935,12931,11625,9967.1,9823.8,9069.7,9432.3,10035,10889,11678,12509,11764,10263,11290,11992,11996,11316,11009,13425,11677,7979.2,7731,8571.4,7882.8,4214.5,11608,10907,11368,7671.3,7359,11027,9114.4,9980.1,6395.7,8809.5,9892.5,2071.3,4241,5261.3,12028,9568.2,11096,11131,9938.7,10787,11116,11789,11795,10189,13256,14651,12198,11644,11529,14242,7637.5,8653.1,7546.2,10695,10729,8986.6,10024,7761.8,8979.4,10820,6953.4,7347.2,5799.3,4722.6,9963.8,9972,12509,14618,15320,613.37,9528.2,9570.2,12367,8639.5,4014.8,10466,15260,15732
8404.9,11131,10923,8538.2,9489.1,10214,9847.7,15134,15420,16369,14958,15819,9441.9,8116.1,10710,11661,11609,5531.5,10730,9331.5,8273.7,6730,11242,9765.3,12156,17447,11601,12133,10895,9550.5,8351.3,11330,8249.9,9516.7,9493.8,14852,11987,11416,19961,11844,13028,16614,14690,17454,14704,14348,16505,13659,15046,12762,15674,15254,12980,18613,15339,15330,12692,12388,14165,14418,11972,17740,18005,13949,9202.5,6405.6,16927,18821,21559,21585,23318,19305,15288,14191,12416,8390.9,13461,12926,14112,13135,16612,17269,18299,21003,20095,19765,23747,4904.8,13721,5561.9,7642.2,5808.7,1569.4,8120.5,11259,16005,17405,18344,11102,11195,10247,9949.5,8253.4,9641.9,10986,10726,10318,11975,11989,9992.9,11678,11781,11058,12125,10863,13399,12139,6188.3,7747.6,7678.6,8462.2,3622.4,10014,9600.4,9251,8064.4,6027.4,9121.9,9108.7,9455.5,6055,6238.5,8454.7,533.34,1898.1,1654.1,9122.6,9947.4,11462,11757,12372,11155,10609,12156,11137,11670,12192,13754,13291,12386,13730,15749,8120.3,9012.6,8070.1,10816,11078,11236,10642,8559.8,9138.1,11268,8381.5,7212.9,7162.6,5954.7,9179.9,10555,12652,14760,17110,1894.4,9034.2,9165.3,10816,6618.5,4726.8,8646.2,15482,15627,8899.3,9926.1,9640.7,8603.4,8700.2,9377.5,9626.4,17008,14229,16811,13687,17258,9569.6,9057.3,10181,9833.6,9906.3,7460.4,8929.5,10632,10670,8212,11109,9315.9,12905,17648,11957,12057,12111,9354.7,7827.6,10639,8128.6,9790,9686.2,13730,12114,11129,19470,12070,12659,17161,15308,17617,12673,13242,14498,12599,15652,14152,17365,14392,12366,19019,15758,16424,12610,12765,15018,14419,12348,16774,17911,11815,7667.1,8392,17812,18445,20215,21149,20645,17720,16738,15216,12984,8049.6,12530,13136,13082,12697,17404,16747,20314,20778,20974,19997,22108,2718.4,11810,3584.8,4302.4,4653.8,839.15,7816.8,10138,15066,18168,17952,13001,11653,10002,9866.7,9103.6,9484,10104,10858,11669,12510,11731,10299,11268,11990,12053,11329,11010,13390,11656,7995.2,7757,8571.1,7884.1,4225.7,11577,10903,11358,7688,7394.7,11024,9127.2,10013,6386.6,8811.2,9906.3,2074.9,4232.1,5266.6,12004,9559,11116,11131,9985.7,10773,11129,11796,11817,10217,13285,14653,12187,11641,11516,14275,7660.5,8688.6,7582,10715,10733,9012.7,10073,7776.6,9024.6,10808,6938.9,7409,5801.2,4715.9,9954.9,10015,12489,14606,15341,602.9,9541.5,9584.3,12374,8681.4,4028.4,10356,15212,15786
8415.3,11141,10928,8569.7,9503.8,10209,9839,15160,15430,16322,14946,15822,9481.6,8111.8,10723,11667,11536,5485.5,10717,9267.5,8246,6694,11247,9821.5,12177,17431,11579,12084,10903,9532.1,8337.7,11319,8174.3,9474,9380.4,14884,12037,11417,20034,11885,12988,16621,14699,17448,14729,14295,16490,13689,15028,12772,15652,15261,13016,18635,15382,15380,12695,12489,14172,14366,11995,17729,18043,13951,9205,6378.2,16935,18819,21569,21612,23379,19328,15310,14146,12344,8323.5,13453,12911,14103,13158,16554,17197,18206,21047,20116,19770,23796,4908,13711,5593.7,7662.4,5790.8,1609.8,8083,11364,16030,17402,18376,11096,11191,10256,10008,8259.5,9608.9,10931,10711,10238,11978,11978,10003,11673,11810,11032,12072,10801,13389,12162,6161.4,7725,7652.5,8514.7,3606.7,10002,9638,9228.6,8070.7,5995.4,9096.9,9098.3,9440.2,6030.3,6199.3,8449.7,529.27,1887.8,1652.8,9076.1,9893.5,11435,11758,12331,11172,10586,12144,11181,11629,12170,13765,13303,12374,13711,15754,8102.8,9107,8059.6,10772,11022,11219,10633,8561.4,9075.6,11266,8348.6,7215.2,7019.8,5963,9217.4,10491,12682,14783,17128,1897,9035.3,9116.5,10787,6596,4764.3,8639.8,15562,15598,8921.3,9907.2,9655.8,8631.4,8718.3,9378.5,9595.9,17016,14200,16851,13646,17278,9621.7,9044.5,10229,9832.6,9872,7437.1,8930.5,10580,10536,8165.9,11118,9357.9,12928,17651,11984,12075,12126,9378.5,7835.1,10623,8142.5,9753.6,9685.7,13760,12109,11161,19497,12097,12714,17172,15305,17628,12735,13245,14498,12608,15656,14147,17401,14416,12425,19017,15785,16407,12673,12722,15059,14428,12336,16745,17929,11846,7672.1,8411.9,17828,18514,20167,21158,20724,17712,16806,15230,12945,8046.4,12580,13129,12961,12643,17410,16661,20354,20785,21006,20066,22178,2713.8,11850,3574.1,4304.4,4646,843.75,7783.8,10122,15039,18132,17994,13008,11668,10036,9896.5,9090,9548.8,10124,10888,11680,12552,11789,10260,11297,11998,12054,11379,11098,13423,11695,7989.4,7751.1,8557.3,7880.3,4237.5,11553,10923,11354,7642.2,7384.5,11053,9136.3,10011,6382.6,8807.4,9898.5,2081.8,4219.7,5257.8,11987,9526.7,11137,11137,9913.2,10796,11121,11813,11804,10159,13289,14683,12225,11646,11534,14325,7655.7,8699.1,7600.6,10652,10716,9027.9,10089,7754.7,8984.9,10872,6930.4,7402.2,5817.6,4742.1,9916.8,10088,12583,14646,15361,593.65,9545.7,9629,12401,8655.5,4023.9,10357,15249,15768
8401.7,11110,10900,8558.5,9478.3,10206,9862.6,15136,15421,16267,14976,15761,9446.7,8084.4,10762,11632,11524,5497.1,10735,9352.9,8301.9,6722.4,11248,9772.2,12153,17424,11545,12083,10902,9540.8,8377.8,11334,8230.2,9527.3,9459.3,14918,12044,11380,19978,11894,13030,16567,14672,17479,14684,14325,16470,13734,14998,12775,15604,15261,12973,18656,15363,15301,12643,12550,14175,14380,11985,17802,18111,13746,9177.1,6365.2,16932,18864,21521,21545,23366,19343,15350,14153,12325,8309.4,13465,12912,14173,13156,16554,17205,18244,21006,20084,19763,23797,4923.8,13734,5601.7,7686.1,5847.4,1622.2,8093.3,11356,16027,17385,18401,11071,11151,10218,9941.4,8292.3,9586.6,10945,10741,10274,11932,11999,9880.2,11719,11715,10976,12068,10800,13416,12164,6177.1,7722.8,7658.9,8497.2,3603.5,9986.5,9595.3,9211.7,8038.9,5983.1,9088.8,9077.9,9403.5,6005.4,6211.2,8448.4,524.83,1887.1,1656.4,9083.4,9974.5,11438,11712,12309,11155,10637,12168,11204,11653,12167,13722,13291,12375,13694,15767,8096.8,9044.1,8073.4,10831,11047,11201,10628,8556.5,9178,11260,8390.8,7217.6,7044.7,5943.2,9204.4,10460,12642,14802,17228,1895.4,9050.9,9189.8,10821,6589.9,4766.6,8646.2,15563,15595,8904.7,9884.1,9636.2,8617.4,8697.1,9385.2,9601.4,16991,14198,16837,13672,17205,9585.1,9088.5,10231,9808.1,9962.5,7455.9,8918.8,10653,10600,8206.2,11035,9303.1,12893,17652,11955,12037,12130,9417.2,7885,10568,8174.2,9799.9,9683.9,13784,12111,11169,19493,12103,12682,17104,15286,17633,12711,13125,14465,12638,15647,14136,17356,14374,12403,19030,15761,16388,12639,12717,15037,14475,12315,16788,17984,11843,7649.1,8426,17837,18484,20209,21172,20697,17856,16836,15225,12892,8045.7,12621,13143,13107,12699,17528,16713,20437,20766,21064,20005,22194,2716.5,11864,3588.1,4329.9,4648.9,839.53,7772.8,10141,15106,18130,17963,12904,11651,9982.4,9858.2,8977.9,9481.5,10074,10884,11693,12487,11752,10268,11354,11971,11968,11306,11072,13438,11722,7945.8,7762,8557.5,7898.5,4221.9,11537,10858,11348,7597.9,7346.1,10990,9123.6,9976.8,6381.5,8778.4,9891.5,2080.3,4229.4,5272,12032,9543.6,11105,11139,9899.1,10773,11142,11830,11759,10219,13268,14664,12214,11628,11538,14245,7663.7,8677.3,7586.7,10698,10751,9001.7,10004,7763.6,8975.1,10865,6945.6,7425.5,5863.1,4744.3,9917,10042,12541,14669,15472,600.36,9497.7,9518.2,12383,8653,4006,10370,15307,15776
8395.3,11168,10957,8563.8,9486.7,10205,9844.3,15152,15436,16269,15025,15832,9441.8,8080.5,10766,11669,11623,5524.8,10729,9332.7,8327,6734.4,11276,9833.6,12136,17424,11578,12072,10886,9554.1,8367.1,11285,8207.2,9499.2,9527.5,14898,11990,11410,19988,11905,13092,16606,14723,17464,14688,14392,16548,13745,15055,12792,15655,15291,12990,18684,15386,15382,12679,12457,14201,14430,11972,17744,18022,13875,9208.6,6354.8,16940,18824,21578,21561,23401,19321,15397,14168,12382,8337.6,13471,12938,14140,13160,16672,17207,18341,21025,20132,19756,23768,4915,13761,5577.6,7650.2,5817.2,1596.2,8043.9,11336,16043,17376,18349,11078,11153,10246,10001,8266.2,9641.4,10967,10717,10252,11973,12008,9981.2,11702,11761,11016,12113,10795,13399,12195,6215.7,7723,7698.1,8515.1,3634.3,9991.8,9603.5,9247.7,8048.7,6051.7,9106.9,9115.1,9459.3,6046.7,6227.4,8463.3,531.55,1893.3,1655,9073.6,9978.9,11435,11710,12373,11167,10647,12168,11191,11673,12167,13743,13298,12396,13708,15766,8078.8,9042.5,8120.8,10851,11091,11184,10687,8480.1,9076.8,11243,8425.1,7168.6,6967.8,5918,9213.7,10518,12637,14821,17188,1915.1,9035.5,9197.5,10808,6626.9,4746.1,8623.2,15554,15612,8877.7,9897.2,9652.5,8583.2,8671.4,9383.4,9615.1,16975,14221,16839,13685,17270,9557.3,9052.1,10216,9834.5,9913.2,7461.8,8975.7,10642,10692,8225.5,11093,9304.3,12849,17635,11966,12003,12109,9393.4,7873.4,10601,8152.4,9779.2,9689,13708,12115,11167,19439,12101,12697,17136,15273,17575,12692,13171,14483,12625,15701,14200,17357,14384,12412,19027,15782,16443,12651,12726,15085,14498,12310,16727,17940,11833,7637.3,8368.4,17809,18466,20197,21180,20633,17731,16785,15215,12931,8082.3,12579,13132,13079,12701,17518,16726,20346,20737,21025,19994,22172,2702.3,11817,3602.1,4284.1,4659.5,828.81,7773.6,10203,15107,18112,17962,12960,11663,10048,9901.1,9029.9,9492.4,10139,10913,11603,12527,11790,10363,11291,12002,12047,11398,10992,13424,11696,7982.1,7715.2,8578,7896.2,4255.5,11573,10898,11349,7674.4,7418.5,11043,9121.4,10001,6366.9,8803.3,9899.1,2074.8,4232.4,5282,12037,9599.6,11098,11114,9929.1,10805,11135,11824,11813,10192,13313,14654,12192,11676,11571,14235,7647.6,8630.5,7543.2,10717,10706,9019.1,10059,7767.3,8943.8,10864,6958.9,7408.6,5832.8,4743.2,9940.8,10001,12492,14622,15378,614.09,9495.2,9595,12367,8656.4,4022.7,10395,15247,15746
8402.5,11153,10897,8581.4,9487.2,10197,9824.8,15169,15458,16328,14869,15854,9456.7,8090.6,10744,11635,11540,5496.6,10689,9199.9,8293.1,6703,11269,9836.9,12137,17396,11563,12060,10866,9548.7,8327.6,11331,8219.1,9479.2,9411,14844,12037,11430,19990,11905,13103,16571,14714,17478,14685,14329,16495,13636,15039,12733,15713,15276,13074,18726,15392,15381,12753,12578,14220,14345,11988,17696,18013,13911,9162.9,6339.8,16932,18802,21501,21540,23318,19290,15294,14171,12377,8337.7,13437,12916,14033,13042,16511,17215,18167,20965,20071,19799,23764,4883.5,13720,5570.3,7639.5,5798.9,1576.1,8030.8,11256,16048,17366,18314,11179,11233,10259,9964.3,8334.4,9644.9,10991,10753,10311,12006,12046,10011,11642,11728,11075,12083,10887,13401,12153,6195.6,7718.7,7652.7,8487.2,3626.3,9949.7,9645.8,9223.1,8052.8,6007.9,9113.7,9074.1,9426.3,6034,6217.1,8428,528.71,1888.5,1645.6,9063.5,9901.7,11447,11745,12311,11143,10606,12141,11160,11591,12164,13722,13275,12364,13694,15706,8122.2,9025.7,8071.3,10784,11032,11140,10649,8490.4,9107.8,11278,8388.2,7124.1,6885.1,5955,9218.5,10530,12622,14818,17066,1910.7,9066.3,9173.8,10839,6585,4735.2,8595.4,15540,15592,8908.6,9877.1,9622.6,8608.5,8694.5,9357.1,9579.8,16989,14233,16828,13594,17319,9592.9,9085,10192,9799.8,9892.2,7432.1,8934.3,10550,10556,8184.1,11040,9333.1,12901,17645,11929,12047,12023,9378.1,7835.3,10639,8180.7,9791.9,9691.4,13692,12109,11157,19447,12140,12787,17144,15370,17643,12691,13231,14469,12590,15686,14119,17403,14415,12444,19079,15793,16449,12704,12699,15057,14500,12349,16801,17920,11845,7595.7,8346,17803,18459,20217,21183,20723,17812,16750,15207,12968,8047.1,12603,13132,13041,12732,17376,16743,20358,20862,20996,20060,22160,2714,11873,3551.3,4293.2,4676.5,837,7798,10165,15091,18151,17998,13036,11711,10054,9875.9,8990.9,9483.9,10145,10909,11669,12543,11744,10316,11237,12008,12081,11367,11061,13392,11686,7980,7725.9,8612,7891.4,4256.2,11519,10947,11335,7665,7387.6,11022,9137.5,9994.3,6374.5,8824.7,9904.9,2070.9,4229.8,5256.5,11993,9529.4,11135,11117,9960,10771,11130,11771,11744,10164,13281,14695,12196,11644,11501,14236,7656.6,8670.1,7579.5,10651,10674,8998.1,10041,7807.2,9007.8,10925,6938.5,7342,5781.4,4761.9,9967.6,10088,12496,14682,15386,613.6,9553.1,9652.2,12417,8661.9,4015.3,10430,15308,15783
8378.8,11046,10912,8574.8,9462.3,10168,9779.1,15153,15423,16299,14905,15794,9458.1,8052.2,10729,11631,11483,5464.4,10633,9151,8208.2,6673.3,11230,9771.6,12179,17421,11572,12078,10814,9563.3,8336.5,11340,8205.8,9518.8,9473.9,14851,12026,11340,19994,11898,13020,16582,14661,17439,14655,14239,16433,13630,14989,12654,15636,15237,13016,18660,15382,15350,12692,12521,14135,14338,12005,17730,18025,13868,9125.8,6359.3,16958,18794,21570,21573,23332,19356,15301,14126,12421,8357.9,13416,12892,14060,13046,16482,17176,18141,20984,20008,19763,23814,4885.1,13723,5570,7640.2,5777.2,1592.6,8028.6,11287,15999,17380,18375,11105,11154,10245,9980.4,8314.2,9616.6,10943,10731,10288,11971,12005,9919.7,11630,11707,10983,12039,10772,13359,12126,6218.8,7774.7,7670,8503.2,3622.8,10006,9614.3,9204.2,8051.1,5993,9121,9050.9,9437.2,6041,6217.3,8440,527.91,1891.9,1647.2,9067,9859.6,11459,11712,12262,11118,10532,12119,11136,11543,12114,13735,13309,12385,13734,15733,8085.7,9015.6,8100.4,10672,10954,11144,10598,8550.3,9162.2,11260,8339,7170.5,6912.4,5924.7,9200.4,10503,12621,14810,17041,1892.8,9043.3,9148.4,10811,6585.8,4749.8,8629.7,15464,15656,8894.1,9877.4,9613.7,8595.6,8700.8,9317.5,9553.1,16998,14231,16856,13618,17311,9607.5,9107.5,10215,9811.4,9876.7,7397.8,8873.1,10457,10423,8165,11030,9280.9,12931,17697,11991,12094,12013,9342,7860.3,10680,8143.6,9791.3,9716,13743,12148,11145,19463,12141,12747,17180,15374,17663,12699,13187,14442,12528,15631,14044,17388,14396,12408,19059,15792,16422,12653,12772,15001,14454,12401,16840,17977,11843,7617.4,8393.7,17841,18461,20277,21226,20736,17821,16762,15232,13021,8073.8,12575,13136,13054,12630,17382,16734,20330,20857,20997,20072,22210,2716.9,11870,3565.2,4269.4,4648.2,837.53,7774.1,10035,15025,18160,18022,12953,11701,10006,9877,9030.5,9463.3,10081,10866,11680,12530,11744,10346,11290,11983,12049,11308,11089,13358,11647,8002.5,7696.3,8592.3,7872.7,4239.6,11553,10911,11354,7644.2,7364.1,11034,9123.4,10034,6386.1,8840.2,9910.2,2080.2,4219,5251.9,11975,9450.4,11161,11136,9905.1,10738,11129,11780,11749,10087,13270,14675,12229,11682,11527,14202,7625.2,8685.7,7586.4,10587,10657,8928.1,10004,7787.6,9002.7,10939,6913.2,7376.7,5794.3,4742.2,9957.4,10003,12442,14632,15376,610.81,9544.5,9587.1,12389,8687.4,4018.4,10352,15270,15853
8371.4,11051,10885,8546.5,9444.4,10145,9802.8,15101,15397,16220,14906,15733,9417.8,8130.4,10741,11634,11490,5475.4,10665,9088.5,8218.8,6636.5,11271,9784.8,12242,17454,11595,12133,10836,9558.8,8376.7,11388,8259.2,9513.1,9589.9,14820,12063,11378,19949,11875,12994,16540,14693,17454,14684,14268,16462,13654,14957,12645,15545,15201,12943,18562,15367,15337,12657,12331,14156,14340,11963,17760,18076,13894,9207.5,6405.3,17002,18845,21614,21607,23343,19379,15316,14147,12407,8341.2,13481,12885,14107,13147,16624,17240,18151,20956,20029,19731,23849,4917,13712,5591.2,7660.4,5848,1584.9,8120,11233,15998,17396,18357,11028,11098,10180,9947.9,8265.2,9571.1,10922,10756,10299,11944,12007,9875.9,11646,11779,10965,12007,10819,13399,12145,6231.6,7751.6,7671.5,8515.7,3614.8,10003,9584.6,9239.6,8097.4,5975.9,9146.3,9113.4,9488.4,6043.4,6232.1,8467.1,528.68,1889.8,1651,9087.5,9862.2,11439,11766,12247,11138,10532,12126,11137,11591,12131,13771,13324,12413,13779,15725,8074.4,9035,8084.9,10674,10964,11101,10559,8538.5,9152.9,11274,8359.1,7208,7045.9,5917.7,9177,10465,12671,14813,17114,1889.2,9004.2,9152.4,10777,6625.6,4758.4,8613,15575,15613,8883.9,9865.2,9613,8599.1,8671.4,9333.8,9559,16997,14197,16807,13624,17234,9585.6,9083.5,10224,9754.3,9884.4,7392,8884.6,10449,10378,8169,10998,9289.3,12928,17757,12007,12118,12068,9397.6,7867.8,10697,8246.1,9802,9668.4,13748,12114,11154,19434,12083,12724,17135,15324,17679,12733,13059,14417,12544,15652,14054,17348,14388,12393,19046,15767,16331,12678,12792,14952,14461,12415,16800,17998,11897,7679.9,8373.9,17821,18458,20318,21236,20711,17829,16743,15224,13018,8066.8,12564,13133,13099,12640,17348,16773,20271,20849,20958,20071,22202,2697.1,11815,3584.1,4283.9,4643.9,838.27,7814.3,10171,15027,18179,18031,12912,11601,10013,9833.3,9014.3,9472.4,10119,10888,11663,12510,11790,10337,11307,11996,11989,11283,11015,13352,11625,7988.6,7671.8,8609.2,7915.7,4221.9,11577,10892,11357,7669.3,7436.1,11092,9165.3,10007,6394.1,8862.2,9905.4,2075.4,4240.9,5270.1,11962,9436.9,11151,11158,9951.8,10747,11122,11765,11695,10128,13260,14652,12234,11690,11525,14162,7624.2,8686.8,7523.7,10602,10661,8918.1,9956,7743.5,8883.3,10899,6931.7,7414.3,5839.4,4715.9,9943.8,10013,12464,14624,15434,613.93,9499.9,9515.3,12366,8670.4,4005.1,10383,15280,15812
8390.7,11108,10980,8555.7,9449.8,10159,9834.1,15113,15437,16200,14917,15772,9422.9,8117.1,10776,11656,11492,5492.3,10720,9205.1,8263.6,6676.1,11262,9812.5,12216,17462,11582,12164,10827,9572,8370.7,11383,8230.7,9525.2,9521.8,14809,12029,11364,19968,11890,13078,16557,14666,17465,14654,14294,16487,13698,15001,12707,15528,15246,12990,18601,15368,15329,12682,12543,14184,14367,12012,17792,18017,14012,9209.4,6372.6,16968,18844,21617,21535,23366,19371,15355,14169,12428,8357.4,13450,12917,14152,13128,16665,17194,18216,20979,20008,19730,23849,4936.1,13719,5560.9,7642,5859.5,1614.3,8109.4,11294,16026,17364,18317,11025,11174,10199,9978.1,8325.3,9595.3,10957,10727,10305,11981,12015,9908.7,11720,11791,11011,12111,10827,13426,12161,6238.1,7766.7,7682.5,8498.9,3623.8,10008,9604.3,9262.6,8074.2,6005.2,9154.7,9106.2,9461.5,6070.6,6231.4,8452.3,531.53,1902,1654.3,9077.2,9927.8,11477,11767,12300,11146,10574,12158,11133,11596,12168,13728,13311,12395,13739,15741,8075.1,9060.9,8095,10732,11044,11133,10642,8521.5,9197.1,11243,8396.6,7211,6893.4,5953.6,9205.8,10507,12635,14827,17112,1868.9,9067.3,9150.6,10847,6627.9,4741.4,8558.5,15554,15593,8884.4,9885.8,9631.8,8601,8678.1,9364.9,9584.7,16999,14209,16782,13650,17223,9568.9,9094.8,10204,9833.9,9911.6,7434.3,8909.1,10531,10469,8199.4,11000,9275.2,12914,17753,11973,12087,12042,9392,7861.9,10631,8241.1,9764.6,9692.1,13707,12077,11144,19399,12069,12718,17088,15343,17623,12677,12913,14440,12557,15644,14091,17346,14385,12408,19038,15799,16407,12634,12701,14993,14493,12403,16802,17966,11839,7668.4,8395.5,17803,18442,20293,21193,20697,17767,16739,15236,13015,8067.7,12567,13139,13046,12710,17414,16708,20272,20845,20955,20034,22182,2718.5,11833,3566.5,4302.3,4667.9,830.27,7762.8,10187,15068,18146,17969,12965,11663,10034,9904.7,9057.3,9470.4,10076,10898,11675,12547,11790,10320,11294,11990,12056,11269,11019,13425,11649,7969.8,7751.3,8595.9,7880.8,4222.2,11572,10941,11381,7677.8,7375.9,11076,9124.9,10001,6375.5,8869.9,9873.6,2075.6,4251,5268.9,11980,9524.8,11143,11143,9913.8,10779,11120,11764,11694,10136,13258,14623,12200,11685,11500,14206,7635.2,8698.3,7527.6,10642,10693,8952.7,9991.6,7774.6,9054.9,10875,6961.9,7388.6,5842.3,4734.9,9953.9,10033,12467,14643,15326,609.46,9525.9,9565,12375,8660.8,4024.5,10458,15292,15842
8394.7,11110,10936,8548.2,9486.9,10195,9846.7,15119,15435,16306,14924,15769,9457,8118,10759,11660,11529,5478.9,10759,9257.5,8287.1,6689.7,11265,9827.6,12190,17425,11604,12125,10840,9541.7,8336.8,11331,8220.7,9500.2,9502.9,14874,12111,11396,19966,11861,13006,16588,14691,17436,14683,14291,16492,13687,15018,12693,15587,15270,12968,18578,15378,15452,12661,12487,14178,14377,11989,17727,18051,13848,9189.9,6378.4,16907,18791,21595,21563,23297,19316,15318,14158,12419,8361.7,13427,12915,14075,13206,16540,17206,18189,20969,20040,19740,23850,4879.5,13707,5558.7,7624.9,5814.8,1572.8,8105.9,11325,16039,17316,18367,11062,11142,10242,9957.8,8318.2,9644.6,10944,10693,10258,11984,12023,9994.6,11681,11720,11029,12041,10848,13424,12167,6220.7,7756.8,7640.5,8495.8,3624.1,10019,9606,9232.4,8026.4,5984.6,9162.7,9119.8,9452.5,6065.9,6271.6,8440.3,534.12,1888.7,1642.6,9079,9926.3,11460,11762,12346,11171,10620,12153,11093,11638,12171,13708,13287,12428,13702,15739,8107.4,9152.6,8038.8,10784,11020,11157,10650,8457.9,9120,11283,8396.6,7161.3,6908.9,5966.1,9198.3,10513,12623,14784,17040,1878.7,9030.6,9146.6,10844,6572.4,4741.6,8518.3,15505,15583,8911.8,9902.3,9612.8,8602.1,8693.2,9397.2,9606.8,17008,14195,16832,13684,17231,9593.9,9061.8,10177,9838.6,9912.8,7442.9,8967.9,10565,10578,8204.3,11037,9286.6,12910,17725,11953,12078,12008,9378.1,7855.9,10600,8210.5,9778.4,9671.7,13696,12100,11131,19439,12077,12735,17146,15356,17619,12661,12947,14447,12632,15727,14092,17340,14412,12389,19036,15804,16442,12643,12727,15012,14488,12371,16794,17916,11829,7631.1,8367.8,17785,18461,20298,21169,20710,17790,16746,15200,13004,8101.8,12554,13172,13083,12645,17450,16735,20335,20823,20978,20056,22132,2717,11812,3583.3,4265.7,4631.5,830.32,7750.2,10195,15086,18101,18013,12959,11676,10021,9817.4,9027.7,9489.6,10103,10902,11670,12525,11751,10340,11307,11984,12063,11242,11011,13419,11664,8003.2,7700.9,8578.4,7894.7,4237.9,11578,10928,11347,7603.3,7390.8,11070,9166.6,10012,6375.2,8841.4,9889.8,2068,4229.5,5252.2,11986,9534.6,11147,11142,9922.8,10786,11135,11782,11693,10172,13287,14673,12190,11649,11462,14243,7648.4,8717.3,7551.8,10653,10693,8980.8,10023,7761.4,8985.1,10967,6933.3,7329.5,5812.1,4736.5,9908.8,10031,12456,14651,15400,604.01,9489.4,9572.4,12402,8640.3,4033.6,10403,15280,15782
8404.2,11084,10899,8566.5,9502.4,10226,9844.1,15127,15418,16332,14963,15823,9486.3,8073,10746,11690,11559,5502,10757,9254.4,8307.2,6747.8,11275,9798.6,12162,17409,11533,12059,10873,9534.6,8328.5,11322,8176.4,9455.3,9452.1,14927,12060,11365,19999,11898,13034,16601,14712,17427,14682,14348,16530,13711,15049,12756,15632,15293,12979,18612,15379,15444,12649,12567,14202,14354,11951,17747,18024,13790,9173.1,6359.5,16905,18761,21545,21576,23348,19303,15331,14162,12394,8328,13418,12932,14168,13159,16612,17218,18232,20987,20089,19761,23834,4887.9,13689,5577.2,7648,5816.6,1580.4,8041.6,11333,16013,17331,18361,11092,11156,10258,9959.2,8268.9,9597.3,10966,10680,10275,11956,12040,9933.8,11666,11778,10966,12002,10841,13396,12127,6231.9,7745.4,7680.1,8475.6,3626.4,9976.8,9621.4,9224.2,8054.3,5944.8,9126.7,9101.1,9434.8,6042,6239.3,8445.1,531.96,1889.9,1644.9,9080.4,9948.9,11442,11708,12328,11183,10629,12157,11120,11681,12180,13714,13275,12407,13669,15745,8082.1,9062.6,8073.2,10809,11064,11178,10644,8460.2,9171.8,11256,8390.9,7151.6,7035.1,5936.4,9204.9,10494,12644,14780,17062,1894.2,9023.5,9164.1,10855,6580.3,4752.8,8555,15535,15631,8895.2,9900.9,9581.2,8613.2,8702.5,9381.2,9592.6,16997,14199,16811,13665,17264,9580.2,9066.9,10213,9835,9913.9,7446.4,8941.7,10603,10575,8195.8,11078,9314.8,12908,17648,11973,12019,12005,9335.3,7858.9,10604,8100.2,9814,9680.1,13688,12086,11126,19462,12083,12742,17187,15316,17628,12693,13116,14487,12652,15691,14127,17361,14397,12399,19059,15787,16456,12624,12740,15018,14465,12330,16743,17909,11826,7639.8,8381.5,17790,18457,20169,21140,20692,17744,16759,15220,12914,8062.3,12554,13141,13038,12669,17481,16719,20358,20825,20989,20027,22156,2696.1,11843,3567.9,4279.4,4623,827.51,7774.5,10248,15089,18092,17987,12965,11698,10018,9915.5,8950.9,9471.3,10104,10835,11663,12534,11722,10291,11292,11982,12032,11356,11034,13412,11698,8008.2,7712.8,8586,7924.3,4230.7,11568,10888,11337,7634.5,7347.4,11040,9135.2,9980.1,6363.1,8808.4,9891,2080.2,4228.2,5258.8,11995,9566.3,11114,11128,9936,10781,11141,11828,11757,10186,13264,14657,12195,11618,11493,14287,7682.3,8699.5,7566.1,10695,10694,9006.2,10034,7753.5,8917.9,10856,6929.8,7354,5802.5,4708.3,9899,9993.4,12508,14645,15406,606.67,9550.7,9588.9,12409,8677.6,4012.1,10353,15288,15731
8410.4,11100,10922,8573,9488.5,10215,9841.5,15155,15445,16306,14956,15809,9475.8,8125.8,10773,11658,11584,5511.5,10744,9243.9,8302,6753.1,11225,9790,12142,17422,11537,12055,10861,9539.5,8371.1,11351,8229.1,9521.5,9492.7,14896,12020,11368,20016,11910,13113,16611,14712,17472,14678,14342,16499,13753,15048,12781,15665,15291,12979,18712,15372,15353,12632,12717,14066,14309,11983,17737,18042,13909,9163.3,6387.5,16915,18803,21518,21577,23296,19299,15370,14151,12409,8332,13448,12912,14178,13137,16628,17255,18293,21020,20059,19742,23780,4913.9,13709,5587.7,7665.4,5831.6,1585.8,8019.6,11353,16039,17421,18338,11082,11140,10221,9969.7,8244.2,9617.5,10897,10743,10284,11987,11975,9913,11744,11776,10966,12070,10804,13399,12151,6193.7,7743,7653.6,8509,3610.7,9968.8,9537.2,9221.3,8040.5,6007.5,9080.9,9064.3,9443.5,6027.6,6222.5,8442.2,528.22,1901.1,1660.5,9088.9,9965.6,11441,11700,12323,11145,10636,12161,11155,11635,12178,13739,13300,12388,13709,15754,8118,9054.4,8070.2,10804,11056,11180,10654,8486.5,9099.5,11265,8382.4,7161.8,6977.6,5884.9,9195.6,10556,12661,14796,17108,1865.6,9051,9168.5,10786,6581.4,4712.5,8589.1,15537,15596,8929.4,9848.6,9633.3,8625.1,8722.8,9362.9,9601.3,16986,14185,16819,13629,17283,9583.6,9092.9,10232,9815.7,9918.7,7438.5,8932.1,10584,10585,8204.8,11038,9259.8,12888,17645,11945,12043,12062,9361.9,7843.9,10620,8129.1,9827,9648,13674,12056,11148,19451,12066,12727,17164,15322,17633,12695,13154,14482,12649,15653,14128,17352,14386,12374,19073,15767,16409,12642,12687,15057,14423,12336,16759,17932,11873,7639.4,8418.5,17812,18463,20160,21160,20719,17751,16803,15236,12961,8014,12581,13141,13057,12605,17433,16757,20367,20809,21040,20042,22107,2705.1,11809,3550.5,4289.4,4663.7,842.57,7779.6,10193,15081,18157,18007,12945,11629,10013,9909.6,9019.2,9440.5,10084,10882,11641,12534,11776,10258,11322,11993,12066,11274,11025,13401,11681,7980,7753.3,8588.8,7889.7,4207.6,11578,10854,11341,7629.5,7416.1,11067,9103.5,9995.5,6377.2,8791.4,9910,2070.8,4224.1,5274.6,12012,9566.6,11116,11142,10008,10781,11143,11840,11767,10182,13282,14654,12221,11652,11523,14231,7642.8,8701.4,7594.2,10708,10716,9022.1,10055,7780.8,8961.5,10944,6937.6,7377.7,5803.4,4723.1,9965.6,9985.2,12588,14701,15443,605.36,9470.1,9590.3,12369,8639.1,4017.8,10387,15327,15762
8410.1,11085,10907,8579.7,9489.6,10215,9819.2,15134,15409,16238,14949,15806,9507.9,8098,10795,11672,11567,5502.3,10706,9233.7,8272.8,6717.4,11272,9796.6,12175,17449,11570,12047,10866,9553.2,8336,11343,8215.9,9499.8,9466.4,14853,11971,11386,19972,11873,13036,16580,14710,17464,14676,14306,16500,13714,15062,12730,15648,15270,12982,18685,15367,15423,12646,12460,14167,14372,12006,17724,18094,13834,9163.1,6365.3,16939,18812,21552,21567,23353,19336,15351,14157,12425,8333,13414,12896,14164,13119,16554,17205,18253,21021,20045,19751,23813,4898.2,13727,5591.9,7636.2,5817.1,1573.6,8078.2,11297,16036,17408,18357,11104,11168,10213,9937.5,8276.9,9619.7,10963,10755,10301,11965,12004,9939,11697,11726,10990,12183,10798,13385,12159,6244.7,7719.4,7659.4,8527,3618.6,9993.6,9600.6,9228.6,8025,5984.9,9123.9,9060.5,9457.3,6034.7,6240.3,8443.2,531.11,1888.8,1643.8,9084.8,9919.5,11437,11757,12334,11132,10588,12150,11127,11595,12151,13753,13313,12404,13740,15694,8132.2,9025.1,8026.8,10740,11008,11144,10626,8549.3,9194.7,11264,8396.4,7116.6,6943.6,5881,9213.9,10521,12609,14803,17039,1890,9052.2,9194.2,10817,6582.8,4742.9,8575.2,15537,15612,8919.4,9876.8,9631.1,8612.4,8703.1,9364.1,9585.1,16965,14194,16818,13649,17255,9587,9033.7,10206,9819.4,9857.5,7433.7,8938,10586,10558,8180,11056,9277.4,12923,17685,11919,12083,12055,9358.8,7846.3,10643,8073.4,9806.5,9660.9,13720,12101,11172,19432,12076,12739,17110,15355,17635,12705,13202,14488,12610,15687,14109,17352,14399,12386,19082,15792,16420,12638,12730,14962,14475,12379,16834,17980,11839,7607.8,8392.7,17838,18419,20199,21176,20701,17746,16767,15243,13031,8060.3,12599,13160,13071,12670,17457,16705,20363,20855,20994,20062,22190,2720.1,11840,3590.7,4268.8,4640.2,829.49,7778.7,10162,15070,18198,17997,12936,11645,10010,9826,9048.2,9464.1,10078,10874,11645,12520,11745,10326,11309,11994,12028,11341,11056,13373,11664,7982.9,7735.5,8590.7,7869.3,4216.4,11565,10896,11347,7605.3,7361.5,10989,9125.2,10008,6377,8820.9,9915.1,2079.9,4238.1,5278.3,12016,9527.6,11133,11125,9935.5,10751,11123,11783,11750,10151,13291,14667,12220,11653,11531,14253,7650.1,8709.7,7524.6,10704,10677,8982.6,9981.9,7822,8982.9,10911,6954.8,7398.4,5797.7,4712.6,9967.9,10050,12532,14656,15393,602.65,9494.6,9602.2,12356,8647.9,4018.6,10405,15280,15751
8423.2,11079,10913,8576.6,9502.1,10228,9843.5,15122,15424,16333,14916,15780,9459.6,8044.3,10719,11635,11504,5506.8,10654,9270.9,8261.1,6717.3,11288,9825.2,12161,17464,11568,12049,10833,9518.1,8308.8,11398,8235.5,9514.8,9451.2,14861,12053,11389,19934,11865,13035,16576,14689,17419,14686,14325,16465,13687,15029,12725,15613,15249,12981,18592,15368,15401,12626,12609,14160,14393,11975,17698,18034,13853,9165.1,6334.4,16900,18772,21533,21517,23293,19261,15327,14139,12363,8302.8,13431,12880,14118,13171,16543,17139,18142,20963,20016,19746,23792,4885.8,13694,5564.8,7638,5788.7,1567.2,8013.4,11308,15991,17368,18349,11088,11152,10229,9988.8,8313,9580.3,10949,10705,10274,11981,11959,9997.7,11679,11714,10947,12058,10854,13383,12140,6210.2,7741.3,7651.1,8504.7,3606.8,9976.7,9586.1,9205.7,8013,5976.9,9099.9,9073.5,9432.1,6017.9,6214.1,8418.1,531.32,1881.2,1649.7,9040.1,9876.9,11439,11687,12293,11167,10567,12144,11123,11614,12165,13704,13271,12367,13676,15710,8084.7,9003.9,8064.8,10763,10999,11187,10615,8488.5,9154.8,11265,8378.7,7170.9,6987,5870.2,9219.7,10503,12607,14732,17051,1888.4,9023.8,9163.9,10796,6596.2,4736.2,8572.1,15539,15602,8916,9902.3,9610.8,8620,8732.3,9380.7,9634.8,16977,14187,16843,13654,17218,9605.1,9074.1,10204,9840.1,9877.9,7466.8,8936.3,10533,10539,8238.7,11010,9343.1,12935,17698,11940,12086,12061,9358.2,7853.1,10627,8171.7,9843.6,9686.2,13782,12130,11179,19470,12066,12712,17152,15356,17645,12733,13158,14488,12589,15644,14109,17367,14405,12387,19070,15768,16416,12647,12744,15017,14467,12347,16817,17981,11844,7604.5,8375.7,17848,18442,20257,21186,20689,17815,16782,15212,12989,8094.1,12538,13154,13072,12701,17486,16741,20357,20844,20988,20045,22159,2720.5,11874,3593.4,4272.3,4624.9,828.15,7776.1,10077,15067,18199,18009,12937,11670,10013,9835.8,9009.7,9431.7,10092,10868,11666,12513,11718,10284,11342,11984,12010,11275,11043,13393,11657,7935.6,7717,8600,7894.2,4229,11554,10900,11319,7652.9,7332.6,11026,9132.5,10035,6376,8835.7,9919.4,2078.9,4213.5,5253.9,12003,9530.5,11134,11129,9962.8,10760,11119,11781,11757,10142,13274,14666,12226,11651,11506,14209,7671.9,8660.5,7564.7,10667,10715,8981.9,10011,7766.7,8984,10909,6950.3,7374.5,5781.1,4697.9,9938,10047,12509,14613,15407,611.53,9529.3,9545.6,12367,8661.4,4048.4,10426,15325,15800
8405,11107,10911,8573.7,9497.9,10211,9846.1,15118,15414,16332,14891,15707,9474.1,7987.8,10723,11639,11549,5492.2,10721,9289.3,8281.9,6734,11289,9798.3,12156,17433,11597,12039,10859,9508,8313.8,11365,8172.2,9463.1,9446.9,14842,12029,11365,19979,11916,13053,16593,14698,17470,14720,14303,16486,13662,15048,12732,15606,15278,12977,18649,15389,15363,12694,12553,14189,14383,11950,17681,18026,13822,9189.1,6387.9,16892,18782,21521,21566,23304,19246,15284,14116,12288,8296.8,13442,12914,14102,13155,16582,17136,18159,20958,20086,19747,23759,4877.3,13733,5550,7651.4,5809.6,1588.2,7957.9,11291,16043,17361,18325,11048,11147,10244,9942.3,8262,9591.1,10928,10704,10293,11983,12006,9904.5,11691,11714,11004,12031,10840,13383,12132,6190.8,7720.9,7652.9,8480.9,3617.2,9963.9,9602.6,9194.9,8046.6,6016.3,9070.1,9030.4,9419.7,6036.5,6223.9,8417.7,528.56,1892.6,1655.3,9033.3,9916,11411,11723,12342,11141,10581,12160,11133,11633,12141,13690,13274,12337,13644,15700,8071.9,9061.6,8054.5,10796,11031,11167,10658,8470.9,9119.5,11251,8381.5,7139.4,6959.5,5908.1,9174.8,10472,12624,14752,17058,1903.6,9018.5,9103.2,10805,6618.8,4740.4,8597.2,15504,15592,8887.1,9911,9612.8,8612.2,8710.2,9375.2,9632.3,16945,14198,16879,13660,17291,9567.9,9064.4,10211,9827.1,9867.9,7465.5,8927.4,10557,10580,8252.8,11063,9331.2,12903,17669,11990,12086,12077,9338.2,7844.8,10645,8169.5,9759.6,9682.2,13750,12096,11172,19451,12084,12735,17141,15335,17671,12741,13265,14492,12595,15681,14124,17348,14358,12425,19005,15762,16383,12617,12758,15078,14489,12306,16779,17942,11840,7589.2,8378.1,17857,18491,20199,21174,20704,17668,16808,15208,12924,8077.7,12567,13132,13112,12629,17478,16675,20386,20861,20997,20061,22150,2698.2,11836,3588.7,4296.2,4660.1,834.02,7725.6,10137,15139,18183,18003,12958,11689,9995.3,9812.8,9024.9,9458.9,10060,10891,11638,12574,11773,10254,11295,11989,12022,11344,11036,13388,11690,7955.7,7688,8578.9,7863.6,4217.5,11522,10938,11312,7671.6,7402.7,10990,9090.9,10011,6371,8814.7,9921.7,2077.6,4213.7,5259,12004,9553.1,11142,11120,9927.2,10798,11117,11815,11792,10175,13271,14656,12232,11623,11517,14292,7633.1,8670.1,7524.5,10666,10728,9006.7,10059,7754.6,8969.1,10957,6951.9,7445.8,5751.1,4728.9,9959.3,9983.7,12516,14627,15374,607.75,9534,9613.5,12385,8668.5,4034.7,10339,15286,15772
8407.6,11103,10920,8545.4,9478.3,10218,9857.3,15132,15410,16285,14933,15779,9449,8080.5,10780,11664,11568,5507.1,10755,9242.3,8332.5,6723.9,11280,9841.3,12113,17402,11577,12020,10891,9547.7,8349.7,11300,8216.7,9474.2,9437,14862,12008,11431,19989,11898,13017,16619,14724,17471,14704,14352,16530,13727,15050,12750,15628,15295,12956,18695,15376,15437,12641,12556,14144,14373,11970,17731,18038,13892,9153.6,6340.1,16883,18803,21507,21552,23288,19278,15347,14118,12310,8281.6,13420,12950,14156,13123,16654,17204,18290,20994,20098,19747,23717,4892.5,13690,5561.9,7655.2,5824.6,1571.1,8032.1,11327,16058,17432,18332,11069,11158,10244,10019,8292.7,9595.1,10954,10751,10295,11950,12022,9911.2,11701,11802,11004,12067,10850,13414,12155,6234.2,7732.1,7668.2,8540.6,3624.3,9972.6,9594.7,9223.7,8075.8,6019.8,9124.8,9065.8,9437.8,6033.9,6222.4,8444.2,523.24,1881.4,1658.3,9056.4,9983.9,11424,11676,12331,11132,10627,12184,11162,11667,12210,13718,13281,12358,13684,15753,8095,9099.2,8110.4,10802,11059,11212,10600,8518.8,9167.2,11213,8403.1,7154,6943,5903.8,9238.8,10563,12655,14810,17137,1904.6,9013.4,9168.8,10811,6580.4,4723.4,8616.5,15553,15569,8876.1,9893.2,9597.8,8582.3,8673.1,9362.1,9571.1,16975,14177,16806,13684,17239,9532.9,9026.4,10211,9814.3,9895.2,7439.2,8949,10561,10542,8224.7,11132,9311.5,12870,17634,11933,12020,12095,9329.4,7831.8,10549,8074.6,9734.5,9676.2,13728,12091,11133,19448,12081,12747,17131,15336,17639,12732,13316,14476,12584,15657,14156,17332,14374,12382,18986,15803,16408,12622,12827,15000,14454,12333,16727,17900,11870,7595.5,8349.3,17821,18470,20141,21149,20671,17683,16786,15201,12919,8038.9,12566,13158,13003,12744,17441,16696,20357,20855,20980,20049,22099,2706.1,11837,3587.9,4283.2,4648.1,835.77,7722.5,10188,15106,18173,17991,12943,11648,10023,9873.2,9010.4,9435.8,10072,10890,11630,12550,11777,10273,11302,12015,11997,11361,11060,13422,11699,7960.2,7744.9,8578.7,7889.1,4211.6,11566,10903,11328,7681.9,7386.4,11024,9082.2,9996.2,6374.1,8781.8,9886.2,2074.2,4239.8,5261.4,11993,9551.9,11098,11094,9947.7,10822,11127,11807,11779,10166,13297,14650,12207,11604,11536,14263,7655.5,8684,7573.8,10659,10706,8990.2,10052,7766.9,8984.1,10827,6962.3,7422.2,5816.3,4711.8,9895.8,9998.8,12519,14665,15339,606.85,9517.5,9571.4,12351,8654.1,4003.7,10400,15242,15799
8390.8,11085,10911,8543.5,9485.7,10211,9852.8,15140,15444,16264,14943,15837,9441.5,8105.8,10812,11656,11550,5498,10730,9249.8,8320.4,6740.3,11280,9818.8,12184,17422,11574,12066,10889,9580.1,8376.9,11316,8252.5,9502.1,9512.6,14858,12082,11402,19960,11898,13019,16626,14741,17450,14704,14334,16525,13743,15059,12778,15663,15291,12960,18664,15397,15377,12621,12501,14094,14398,12003,17780,18044,13821,9146.9,6350.8,16929,18821,21544,21554,23361,19315,15395,14154,12386,8344.8,13461,12934,14121,13128,16639,17252,18294,21041,20137,19752,23783,4901,13750,5517.6,7668.4,5799,1577.5,8074.5,11404,16033,17427,18347,11055,11197,10228,9944.5,8247.7,9573.5,10953,10734,10258,11959,12060,9908.8,11713,11775,11027,12114,10825,13400,12207,6234.4,7740.1,7666.2,8489,3614.1,9990.3,9572.9,9237.6,8021.2,5984,9126.6,9086.1,9460.7,6039.5,6222.1,8476.1,523.71,1886.4,1660.2,9086.6,9952.5,11454,11735,12330,11153,10615,12170,11206,11618,12186,13769,13320,12416,13719,15733,8129.5,9000.9,8108.9,10802,11057,11195,10604,8541.4,9204.1,11241,8398.5,7217.3,7141.2,5948.8,9194.1,10480,12668,14808,17212,1909.4,9065.8,9198.3,10837,6595,4736.3,8566.9,15553,15610,8899,9861.7,9638.2,8610.6,8670.9,9379.4,9593.1,16966,14159,16808,13672,17228,9547.1,9079.4,10213,9835.3,9905.3,7449.6,8944.1,10562,10592,8197.4,11092,9273.3,12911,17668,11917,12034,12108,9377.2,7870.3,10547,8118.3,9747.6,9667.5,13727,12092,11120,19468,12062,12695,17158,15352,17631,12740,13347,14507,12660,15664,14180,17327,14384,12340,18995,15759,16423,12640,12602,14944,14503,12324,16757,17957,11852,7623.3,8332.8,17832,18483,20166,21182,20698,17735,16808,15245,12978,8056.7,12611,13148,13022,12757,17518,16672,20378,20786,21037,20037,22143,2722.1,11823,3548.3,4269.1,4635.1,835.58,7749.4,10231,15107,18154,17976,12952,11656,10043,9865.1,8988,9448,10115,10844,11672,12474,11746,10341,11315,11980,12006,11270,11014,13441,11708,8013.2,7749.1,8601.6,7884.4,4217.9,11571,10900,11351,7645.2,7382.9,11041,9148.7,10013,6376.7,8813.2,9905.9,2077.1,4230.5,5267.9,12013,9580.6,11100,11117,9955.8,10811,11162,11801,11824,10214,13293,14677,12225,11650,11552,14290,7647.1,8672.5,7605.6,10695,10691,9006.7,10044,7797,9023.1,10849,6941.4,7400.1,5845.1,4713.2,9904.4,10023,12499,14633,15406,618.14,9534.6,9528.9,12371,8659.1,4004,10437,15268,15764
8388.5,11128,10913,8556.6,9468.8,10217,9820.3,15110,15391,16265,14993,15841,9427.1,8023.1,10784,11655,11596,5518.2,10706,9258.8,8311.9,6731.9,11295,9816.7,12162,17457,11578,12115,10909,9564.4,8342.7,11297,8226.8,9508.7,9445.4,14833,12043,11341,19940,11870,13064,16599,14700,17498,14700,14342,16498,13724,15044,12799,15634,15256,12942,18633,15376,15366,12645,12635,14174,14375,11989,17742,18030,13814,9124.6,6370.5,16994,18823,21576,21548,23378,19317,15402,14168,12398,8323.1,13435,12906,14127,13080,16649,17252,18329,21021,20083,19795,23806,4916.9,13709,5542.9,7649.5,5807.5,1584.5,8040.7,11375,15992,17395,18367,11092,11152,10230,10003,8302,9589.1,10939,10712,10250,11985,12021,9918.6,11691,11727,11001,12059,10790,13427,12160,6224.1,7714.9,7681.8,8465.8,3615.7,9955,9575.8,9216.2,8045.9,6012.6,9142.4,9103.7,9468.2,6036.5,6257.1,8469.2,533.87,1889.2,1644.8,9089.6,9945.1,11437,11768,12293,11099,10599,12158,11220,11655,12166,13758,13333,12412,13703,15762,8061,9023.5,8014.7,10777,11049,11187,10638,8519.9,9149.1,11251,8375.3,7170.7,7002.3,5922.2,9126.2,10537,12671,14810,17142,1886.1,9014.4,9099.1,10831,6594.7,4735.7,8547.2,15527,15606,8879.1,9938.3,9616,8586.3,8659.7,9369,9589.9,16945,14190,16829,13660,17249,9542.9,9075,10233,9802.9,9899,7441.8,8937.7,10558,10599,8165.3,11105,9324.9,12901,17649,11959,12070,12095,9410.7,7860,10571,8121.8,9791.3,9681,13729,12101,11163,19455,12072,12678,17177,15366,17655,12734,13433,14518,12655,15633,14175,17344,14398,12364,19013,15767,16401,12613,12583,15053,14502,12358,16792,17981,11809,7576.5,8380.7,17846,18442,20193,21179,20697,17756,16798,15200,12980,8039.7,12605,13149,12977,12634,17461,16679,20392,20786,20965,20046,22175,2707,11829,3586.8,4271.6,4625.7,834.89,7758.5,10153,15076,18155,17963,12918,11629,9975,9874.7,9015.1,9452.4,10077,10882,11639,12534,11761,10363,11330,11992,11987,11331,11048,13392,11708,7965.9,7672.7,8555.5,7871.8,4227.6,11531,10841,11360,7646.3,7381.3,11049,9140.1,10017,6353.5,8825.4,9921.8,2078.4,4221.6,5264.8,12009,9577.4,11118,11153,9958.6,10811,11131,11849,11864,10196,13269,14662,12236,11666,11562,14275,7657.5,8659.8,7511.3,10680,10720,8990.7,10051,7763.5,8988.8,10921,6935.5,7355.5,5798.6,4737.2,9926.4,10018,12409,14589,15371,606.08,9500.1,9552.2,12324,8642.8,4015.2,10323,15337,15726
8390.3,11125,10914,8540.3,9488.9,10240,9869.3,15097,15395,16253,14982,15866,9433.6,8065.6,10761,11660,11578,5539.1,10679,9289.9,8261.4,6730.1,11337,9724.5,12162,17440,11589,12069,10877,9559.2,8371.2,11306,8243.1,9500.5,9451.3,14825,11962,11326,19915,11888,12998,16585,14699,17478,14674,14334,16504,13699,15024,12762,15638,15250,12934,18601,15367,15457,12646,12584,14178,14331,11959,17745,18053,13891,9187.5,6364,16976,18855,21552,21584,23398,19307,15341,14170,12328,8305.4,13438,12913,14187,13091,16619,17243,18316,21022,20072,19783,23782,4906.2,13688,5567.9,7635.9,5785.7,1582.2,8048.3,11332,16021,17436,18355,11033,11156,10186,9876,8289.2,9563.7,10947,10756,10232,11966,12040,9925,11702,11744,10971,12078,10879,13403,12175,6182.9,7703.8,7657,8508.2,3610.1,9941.5,9553,9221,8023.9,6022.8,9106.8,9080.5,9437.7,6028.7,6215.8,8451.8,528.06,1897,1662.3,9094.8,9974.5,11433,11748,12296,11160,10606,12129,11192,11675,12189,13750,13323,12406,13708,15752,8087.2,9040.1,8118.3,10791,11087,11183,10642,8566.6,9148,11269,8392.4,7170.9,6952.8,5935.5,9176.1,10550,12665,14821,17091,1892.4,9037,9097.1,10762,6597,4747,8554.5,15541,15600,8897.3,9903.8,9622.9,8594,8695,9391.6,9606,16955,14187,16800,13706,17191,9556.1,9068.1,10182,9832,9888.5,7450.9,8931.1,10578,10585,8196.6,11083,9312.2,12906,17647,11989,12030,12103,9402.7,7840.6,10614,8111.7,9782.8,9664.3,13764,12111,11152,19458,12054,12717,17144,15319,17648,12698,13411,14484,12606,15648,14152,17336,14389,12360,19015,15773,16385,12641,12621,15072,14482,12382,16744,17885,11819,7603.4,8364,17811,18463,20206,21110,20644,17742,16760,15215,12937,8018.3,12522,13129,13053,12651,17436,16690,20328,20827,20913,20019,22137,2709.3,11778,3584.2,4268.4,4644.9,835.65,7708.8,10187,15076,18168,17946,12942,11616,10001,9868.5,9007.3,9447.8,10023,10857,11636,12516,11731,10283,11243,11980,11981,11282,11060,13429,11714,7960.6,7755.5,8570.7,7875.8,4221.3,11545,10874,11351,7598,7363.3,10981,9141.5,9972.3,6369.2,8813.5,9868.9,2078.2,4239.8,5270.7,12017,9587.4,11108,11148,9951.8,10760,11123,11836,11835,10187,13233,14623,12226,11651,11536,14267,7661.1,8695.2,7518.9,10689,10763,8998.7,10038,7792.8,9004.2,10883,6936.6,7423.8,5803,4719.5,9928.7,9920.4,12486,14598,15330,608.3,9476.1,9514.2,12363,8652.1,4019.9,10359,15251,15810
8412.9,11133,10943,8559.1,9505.4,10249,9883.6,15141,15418,16316,14932,15826,9446.5,8110.2,10745,11700,11645,5529.2,10774,9281.2,8322.7,6739.7,11322,9811.8,12081,17380,11597,12037,10902,9541.5,8382,11356,8279.2,9508.4,9344.7,14848,12042,11405,19937,11888,13059,16596,14700,17491,14695,14367,16505,13683,15057,12717,15648,15289,12985,18645,15374,15441,12677,12569,14151,14408,11995,17710,18008,13926,9242.2,6355.2,16887,18833,21517,21502,23326,19300,15302,14177,12360,8309.1,13350,12922,14143,13143,16659,17218,18283,21006,20072,19791,23755,4887.5,13703,5552.3,7636.3,5818.3,1569,8081.5,11300,16060,17415,18287,11085,11190,10233,9979.2,8299.5,9595.1,10983,10744,10242,11975,12015,9982.4,11651,11721,10962,12121,10840,13415,12163,6178.1,7756.2,7637.7,8475.3,3615.5,9949.7,9586.2,9200.5,8044.1,6029.7,9080.7,9066,9398.6,6023.3,6202.2,8414.4,523.01,1898.3,1656.2,9086.9,9990.4,11423,11685,12411,11180,10624,12142,11089,11693,12219,13698,13253,12350,13661,15753,8103.7,9078.6,8072.4,10831,11070,11191,10658,8502.9,9114.3,11237,8444.5,7152.7,7019.9,5906.5,9232.3,10534,12624,14758,17066,1907.1,8994.4,9168.6,10811,6598,4724.5,8623.1,15527,15625,8910.6,9896.5,9628.9,8606.1,8716.5,9411.1,9690.7,16972,14185,16852,13634,17243,9601.5,9053.1,10142,9820.4,9902.7,7483.3,8974.5,10618,10666,8235.7,11113,9322.5,12905,17592,11965,12015,12073,9350.2,7816.8,10595,8238.2,9784.7,9706.2,13686,12109,11176,19469,12083,12730,17164,15324,17629,12703,13282,14509,12635,15721,14176,17354,14393,12398,19035,15771,16427,12686,12687,15089,14469,12325,16707,17852,11805,7619.3,8349.5,17723,18401,20213,21057,20644,17658,16686,15169,12945,7989,12474,13155,13096,12625,17426,16631,20256,20861,20881,20015,22050,2709.5,11752,3582.7,4271.8,4658.7,835.89,7717.8,10077,15072,18127,17870,12953,11686,10053,9923.1,9042,9486.6,10109,10920,11649,12557,11771,10313,11265,11955,12062,11333,11058,13419,11710,7985.1,7760.1,8586.8,7929.9,4220.6,11536,10958,11323,7666.2,7376.1,10991,9101.5,9938.9,6368.4,8774.9,9848.7,2082.4,4234.6,5287.9,11989,9594.7,11077,11129,9947.9,10812,11113,11767,11776,10198,13302,14645,12156,11597,11472,14296,7647.2,8701.1,7518.2,10742,10785,9036.8,10061,7782.4,8972.9,10875,6969,7350,5801.8,4674.1,9934.2,10089,12510,14604,15254,612.96,9572,9559.7,12406,8620.1,4008.1,10394,15269,15807
8420.4,11117,10937,8579.4,9513.9,10212,9867.7,15153,15423,16284,14890,15773,9461.1,8112.5,10749,11677,11594,5499.3,10727,9302.3,8277.8,6760.5,11297,9781.9,12110,17358,11579,12048,10846,9556.2,8363.5,11323,8201.3,9432.1,9449,14888,12014,11367,20000,11873,13013,16608,14684,17479,14694,14368,16528,13663,15045,12704,15666,15299,12995,18689,15389,15382,12672,12496,14187,14354,11995,17763,18049,13889,9175.4,6361.7,16868,18814,21587,21538,23355,19331,15298,14132,12369,8339.6,13388,12903,14104,13117,16573,17149,18218,20964,20037,19745,23748,4888.1,13639,5574.4,7638.6,5804.2,1579.2,8093.1,11278,16013,17321,18316,11122,11192,10239,9974.4,8290.8,9616.6,10971,10747,10267,11947,12014,9970.9,11656,11730,10994,12061,10793,13395,12116,6185.9,7746.1,7651.1,8496,3615.2,9987.3,9632.1,9248.6,8044.2,5988.4,9128.9,9066.8,9427.2,6020.9,6225.3,8399.4,529.51,1888.1,1655.5,9055.7,9942.2,11413,11677,12350,11173,10588,12149,11099,11664,12179,13712,13245,12354,13670,15755,8078.1,9029.4,8064.6,10806,11059,11205,10621,8462.9,9125.9,11253,8375.6,7140.9,7025,5869.2,9230.3,10534,12678,14758,17065,1886.7,9049.4,9105.7,10856,6600.2,4722.9,8609.2,15523,15662,8910.3,9860,9622,8617.6,8721.1,9373.3,9594.2,17021,14204,16814,13603,17281,9616,9070.9,10203,9829.8,9899.5,7482.7,8905.2,10619,10633,8203.4,11070,9275.9,12884,17632,11969,12033,12049,9342.9,7842.6,10648,8158.3,9757.1,9700.9,13787,12146,11156,19452,12109,12725,17177,15339,17626,12723,13116,14469,12589,15703,14112,17375,14379,12444,19026,15794,16400,12692,12787,15143,14487,12412,16776,17965,11837,7651.3,8394.2,17779,18439,20183,21129,20725,17733,16710,15200,12971,8073.8,12539,13151,13058,12637,17419,16677,20313,20854,20987,20024,22104,2712.7,11773,3570.3,4270.1,4636.9,851.32,7786.3,10116,15090,18088,17936,12949,11687,10001,9865.7,9092.6,9496.5,10125,10921,11666,12563,11788,10273,11327,12019,12095,11386,11058,13404,11650,7941,7678,8602,7870.1,4231.3,11538,10978,11350,7657.6,7397.2,11034,9142.5,10014,6370,8819.8,9902,2076.7,4226.3,5269.2,11978,9561.3,11106,11113,9941.6,10759,11122,11771,11754,10185,13323,14684,12177,11631,11491,14326,7631.4,8702.8,7506.9,10694,10713,8989.6,10049,7754.1,8978.2,10927,6949.6,7390.4,5796.3,4708.8,9959.4,10017,12529,14610,15347,603.25,9549.5,9626.2,12399,8655.1,4015.6,10396,15304,15820
8383.4,11113,10940,8558.2,9484.6,10205,9842.4,15139,15425,16256,14970,15752,9484.3,8101.2,10775,11643,11513,5472.4,10753,9201.9,8269.9,6705.6,11302,9795.6,12172,17400,11549,12096,10874,9548.3,8333.3,11341,8243,9477.9,9438.5,14869,12069,11354,19990,11885,13038,16593,14690,17433,14678,14278,16467,13695,14996,12751,15630,15237,12964,18709,15375,15430,12657,12434,14154,14366,12033,17744,18059,13862,9102.8,6334.6,16908,18822,21576,21535,23330,19292,15342,14151,12358,8315.8,13434,12911,14064,13161,16491,17130,18196,20952,20071,19773,23815,4893.6,13736,5600.5,7637.4,5805.8,1608.3,8070.2,11357,15980,17374,18346,11098,11141,10218,9977.7,8341,9593.3,10939,10684,10292,11943,11998,9826.3,11686,11758,10916,12071,10793,13335,12143,6188.8,7700.9,7624.3,8473.3,3612.5,9985.2,9577,9231,8024,5952.7,9134,9077,9420.9,6028.2,6223.7,8427.5,528.42,1889.7,1644.7,9063.3,9892.4,11437,11709,12292,11098,10568,12141,11172,11611,12124,13719,13282,12366,13728,15782,8051.9,9025.7,8084.5,10780,11030,11146,10613,8448.9,9188.2,11234,8361.2,7089.9,6974.9,5896.1,9182,10487,12614,14830,17094,1896.7,9003.1,9185.6,10803,6588.3,4732.9,8622.6,15554,15618,8892,9872.9,9647.8,8601.9,8684.7,9342.3,9573.4,17007,14175,16800,13648,17234,9602.2,9074,10232,9771.8,9856,7428.6,8878.1,10542,10573,8171.8,10982,9316.5,12889,17620,11992,12064,12033,9406.8,7870.7,10685,8112.8,9830.8,9686.7,13750,12142,11148,19459,12079,12702,17118,15353,17638,12721,13161,14417,12569,15651,14101,17350,14386,12357,19033,15804,16386,12670,12776,14990,14476,12387,16825,18035,11886,7609.1,8370.5,17835,18470,20244,21196,20738,17816,16802,15218,12948,8056.5,12578,13143,13000,12648,17482,16683,20359,20826,21032,20045,22211,2720.9,11804,3574.7,4296.5,4637.6,839.57,7776,10249,15073,18117,17980,12950,11638,9997.1,9824.1,9043.7,9467.7,10070,10877,11629,12548,11790,10261,11360,11981,12019,11309,10987,13352,11634,8009.8,7714.8,8588.7,7882,4226.9,11545,10953,11325,7593.6,7355.6,11013,9190.6,10039,6376.5,8831.8,9924.5,2082.4,4220.3,5257.2,11992,9486.4,11143,11123,9918.9,10765,11146,11787,11766,10144,13231,14663,12220,11666,11553,14241,7646.9,8632.3,7509.2,10673,10659,8987.4,10025,7696.5,9027.5,10916,6934.3,7331.5,5799.2,4744.5,9935.4,9999.3,12500,14664,15389,605.73,9533.6,9547.3,12387,8660.6,4031.1,10388,15324,15801
8369,11149,10920,8533.8,9472.9,10197,9847.1,15106,15384,16339,14947,15787,9429.1,8096.1,10791,11650,11573,5513.5,10691,9225.7,8328,6684.7,11275,9782.6,12144,17411,11545,12035,10889,9557.2,8372.1,11302,8228.6,9501.4,9459.2,14834,11970,11373,19954,11865,13009,16567,14703,17460,14679,14312,16474,13689,15030,12767,15590,15228,12936,18620,15360,15373,12635,12561,14210,14390,11982,17745,18037,13877,9135.6,6343.2,16936,18806,21513,21502,23342,19269,15395,14183,12373,8299,13404,12931,14108,13090,16568,17178,18212,20966,20087,19756,23757,4881.5,13736,5555.3,7637.4,5813.3,1566.6,8035.7,11334,16021,17390,18334,11094,11175,10203,9987.5,8283.5,9631.4,10969,10721,10298,11973,12053,9974.9,11709,11773,10961,12012,10816,13393,12158,6205.4,7754.3,7672.3,8487.6,3609,9953.6,9560.3,9221.9,8042.8,6026.9,9118.7,9056.7,9418.2,6027.9,6220.6,8438.9,531.52,1901.8,1655.3,9055.4,9946.7,11426,11706,12345,11147,10575,12189,11158,11610,12148,13708,13300,12349,13674,15766,8121.4,9026.4,8062.4,10788,11038,11177,10636,8463,9121.6,11240,8385.4,7187.3,6928.7,5887,9213.6,10499,12688,14792,17136,1877.3,9021,9160.9,10798,6575.9,4720.5,8623.8,15548,15591,8896.9,9915.4,9645.8,8603,8690.9,9367.8,9621.2,16980,14199,16825,13684,17263,9565.8,9059.9,10233,9828.7,9917.8,7441.7,8908.9,10538,10482,8191.1,11030,9281.4,12898,17651,11953,12060,12098,9393.7,7873.4,10629,8145.7,9754.4,9704.4,13725,12112,11142,19461,12042,12735,17113,15333,17630,12719,13205,14494,12614,15662,14131,17377,14403,12384,19094,15777,16414,12659,12677,14996,14449,12310,16806,17969,11839,7608.1,8370.7,17851,18452,20182,21185,20671,17824,16798,15220,12952,8038.9,12620,13135,13173,12690,17460,16634,20398,20825,21017,20072,22179,2724.5,11830,3592.4,4283.2,4635.5,831.34,7748.2,10141,15072,18194,17962,12918,11641,10027,9861.3,9051.8,9425.3,10068,10870,11653,12546,11790,10276,11322,11992,11990,11277,11028,13474,11718,8017.7,7739.7,8576.3,7901.6,4217.4,11593,10869,11360,7610.1,7407.6,11012,9112.4,10020,6374.5,8802.4,9923.3,2078.5,4235.1,5263.9,12005,9509.1,11104,11128,9966.6,10797,11138,11815,11790,10148,13266,14657,12234,11650,11560,14225,7618.4,8643.8,7544.6,10649,10694,8977.7,10013,7801.3,9013.1,10918,6952.7,7358.4,5797.5,4735,9933.7,9982.6,12555,14669,15407,612.64,9503.8,9552.5,12361,8669,4019.9,10398,15303,15791
8386.8,11103,10933,8543.1,9469.5,10187,9850.4,15098,15387,16253,15022,15795,9427.6,8052.9,10786,11656,11602,5513.8,10762,9231.8,8304.6,6713.8,11293,9761.9,12157,17387,11570,12077,10891,9579.7,8348.2,11343,8214.8,9511.6,9520.9,14845,11989,11331,19957,11852,13000,16541,14699,17456,14661,14300,16503,13718,15031,12777,15564,15260,12966,18545,15359,15349,12612,12571,14095,14369,12003,17766,18111,13874,9170.7,6367.9,16949,18838,21579,21533,23404,19299,15345,14186,12422,8380.7,13470,12907,14157,13112,16704,17256,18332,20975,20102,19764,23783,4904.3,13709,5573.6,7670.7,5834.3,1582.4,8116.8,11362,16021,17388,18332,11063,11143,10179,9950.8,8273.4,9635.2,10932,10721,10284,11964,12008,9976.7,11659,11785,10851,11996,10801,13393,12187,6265.7,7760.5,7651.4,8459.1,3624.3,9998.6,9572.9,9214.6,8080.3,6009.1,9138.9,9080.3,9431.5,6027.3,6246.5,8449.1,534.96,1892.2,1660.2,9067.8,9981.8,11451,11740,12290,11137,10577,12185,11216,11653,12168,13743,13316,12381,13677,15771,8111,8972.5,8058.2,10825,11062,11181,10629,8534,9199.6,11250,8394.6,7162.7,7002.7,5879.8,9191.2,10583,12719,14785,17201,1883,9025,9125.6,10789,6592.8,4747,8633,15557,15569,8889.5,9885.1,9647.8,8590,8678.8,9369.4,9623.8,16966,14187,16835,13714,17240,9547.3,9001.5,10236,9818.3,9931.9,7467.4,8970.3,10600,10583,8240.2,11077,9318,12874,17646,11940,12068,12110,9387,7873.9,10554,8194.7,9822.7,9776.8,13719,12056,11132,19426,12022,12607,17101,15306,17602,12680,13250,14523,12640,15663,14161,17357,14353,12396,19046,15747,16377,12608,12621,14984,14431,12325,16766,17983,11821,7605.6,8387.9,17856,18437,20175,21185,20669,17748,16797,15250,12995,8096.7,12608,13105,13014,12668,17507,16705,20380,20784,21007,20041,22178,2730.2,11876,3615,4286,4607.2,834.3,7765.3,10219,15061,18173,17980,12885,11602,9965.4,9851.8,8986.2,9437.5,10053,10831,11648,12536,11704,10257,11368,12022,12003,11308,11009,13416,11660,7987.5,7707.6,8572.3,7884.1,4210.1,11546,10869,11346,7651.2,7392.9,11079,9140.6,10038,6390.1,8824.7,9912.1,2083.2,4252.5,5267.2,12014,9553.9,11114,11114,9979.6,10809,11097,11813,11810,10204,13251,14637,12230,11636,11549,14295,7647.5,8690.3,7508.2,10671,10677,9023.2,10024,7734.5,9104.3,10856,6948.8,7394.5,5845.5,4719.1,9927.6,9950.2,12522,14654,15402,612.3,9492.1,9562.2,12341,8669.4,4032.4,10367,15279,15740
8384.1,11138,10904,8560.9,9481.5,10199,9830.5,15126,15417,16248,15001,15848,9431.3,8076,10782,11655,11575,5480.2,10736,9270.8,8281.2,6716.2,11287,9780,12194,17403,11598,12111,10878,9547.7,8371.9,11348,8234.1,9478.5,9491.8,14808,12001,11408,19953,11876,13034,16556,14696,17431,14666,14334,16472,13729,14999,12782,15615,15258,12981,18622,15339,15451,12627,12459,14097,14368,11982,17747,18091,13958,9176.3,6349.7,16950,18815,21581,21559,23318,19319,15352,14164,12370,8357.3,13416,12917,14110,13090,16640,17186,18276,20989,20062,19769,23804,4893.7,13668,5546.1,7636.5,5797.1,1588.7,8107.7,11362,16021,17414,18299,11033,11136,10225,9922.6,8274,9567.9,10925,10721,10256,11960,12004,9992.2,11666,11808,10968,12059,10856,13374,12174,6227.6,7757.8,7638.3,8464.9,3624.6,9987.3,9571.1,9227.8,8006.5,5983.6,9129.3,9084.7,9450.6,6040.4,6224.7,8442.4,529.03,1880.1,1645.6,9067.2,9936.4,11458,11756,12291,11140,10570,12143,11104,11628,12141,13723,13309,12382,13674,15738,8085.3,9005.4,8056.6,10776,11049,11173,10611,8515.6,9113,11281,8390.5,7172,7133.7,5928.8,9177.2,10493,12696,14792,17116,1902.3,9026,9110.4,10784,6602.4,4723.3,8607.9,15505,15593,8895.8,9863,9600.2,8587.7,8658.3,9359.7,9592.6,16956,14190,16841,13658,17284,9558.9,9067.8,10212,9802.2,9912.2,7431.9,8933.5,10541,10566,8200.9,11053,9260.9,12932,17699,11996,12121,12100,9398.2,7831.5,10646,8168.8,9819.6,9686.9,13701,12079,11158,19414,12072,12694,17120,15335,17637,12685,13188,14444,12635,15670,14139,17331,14360,12401,19014,15773,16359,12691,12615,15023,14471,12369,16794,18023,11847,7639.6,8365,17839,18438,20251,21199,20691,17793,16737,15223,13022,8083.5,12568,13116,13050,12669,17417,16704,20305,20857,20942,20061,22155,2731,11875,3617.4,4286,4609.9,837.04,7756.3,10150,15063,18177,17966,12953,11613,10012,9839.9,9083.4,9460.7,10100,10863,11669,12523,11830,10278,11317,12014,12060,11219,11000,13364,11642,7995.3,7713.8,8617.9,7886.9,4219.5,11564,10845,11344,7670.5,7397.6,11078,9150.5,10034,6368.2,8866.7,9878.5,2080.6,4230.2,5266.5,11943,9519.5,11115,11139,9952.1,10795,11083,11773,11781,10178,13274,14630,12222,11643,11513,14251,7639.8,8661.5,7524.1,10686,10666,9013.1,10027,7781,9035.2,10884,6952.3,7330,5820.3,4713.8,9944.9,9953.6,12536,14639,15403,610.1,9473,9501.4,12356,8658.6,4038,10419,15318,15764
8395.2,11161,10935,8563.2,9508.8,10242,9857.3,15112,15405,16273,14902,15772,9441.9,8093.2,10777,11635,11583,5494.7,10770,9297.2,8284.8,6732.2,11293,9773,12167,17377,11590,12103,10865,9543.8,8363.4,11325,8210.2,9463.9,9430.1,14835,12009,11441,19964,11866,13034,16605,14689,17465,14708,14351,16489,13670,15020,12766,15631,15274,12971,18672,15328,15389,12677,12416,14198,14427,11981,17712,17998,13826,9151.8,6394.6,16923,18803,21517,21509,23304,19268,15346,14147,12307,8285,13418,12918,14172,13174,16656,17166,18251,20989,20083,19762,23774,4885.2,13618,5551.5,7623.3,5797.2,1592.5,8067.4,11380,16036,17418,18276,11091,11168,10254,9947.5,8328.7,9585.8,10946,10740,10281,11945,12036,9917.5,11761,11729,10986,12008,10925,13394,12169,6185.4,7718.3,7671.8,8535.2,3604.8,9968.6,9576.9,9210.4,8037,5983.6,9099.7,9035.3,9433.5,6040.5,6219.8,8451.2,532.86,1887.3,1651.5,9064.1,9936.7,11429,11740,12321,11173,10592,12159,11128,11688,12127,13691,13293,12368,13688,15750,8099.6,9077.7,7997.3,10790,11050,11213,10643,8528.8,9086.8,11256,8396.8,7152.8,6896.4,5923.3,9185.3,10480,12616,14789,17083,1887,9041.2,9203.3,10813,6596,4735,8627.2,15536,15612,8899,9951,9605.9,8607.9,8681.1,9371.8,9622.8,16989,14221,16866,13662,17263,9557.9,9116.4,10217,9816.1,9905.4,7440.5,8966,10551,10547,8179,11016,9339.1,12904,17696,11997,12130,12156,9368,7856.2,10662,8169,9836.4,9661.3,13728,12096,11162,19405,12082,12708,17126,15340,17648,12730,13174,14424,12658,15662,14124,17316,14389,12386,19034,15780,16367,12681,12754,15100,14469,12340,16814,18012,11841,7614.3,8411.2,17842,18485,20264,21208,20727,17766,16787,15214,12947,8076.1,12578,13176,13085,12691,17465,16692,20345,20839,20962,20057,22209,2713.8,11854,3585.7,4295.9,4654,827.21,7760.8,10171,15080,18170,17998,13002,11669,10009,9864.3,8996.4,9473.9,10071,10902,11669,12567,11778,10286,11302,12008,12066,11378,10992,13401,11672,7979.1,7701.6,8603,7893,4244.5,11540,10908,11371,7633.7,7401.4,11044,9143.5,10027,6363.1,8834.9,9923.3,2083.4,4227.3,5288.2,11972,9521.3,11151,11139,9973.6,10796,11102,11802,11767,10178,13277,14667,12208,11665,11523,14249,7667.6,8685.9,7606.5,10661,10691,9019.1,10027,7769.9,9037.5,10919,6951.5,7383.6,5746.3,4733.7,9912.2,10016,12578,14635,15348,606.06,9559.1,9596,12364,8659,4027.9,10355,15312,15780
8401.2,11112,10934,8547.6,9491.3,10255,9846.5,15109,15399,16289,14888,15795,9444.4,8080.1,10779,11675,11561,5516.6,10682,9339,8285.5,6725.1,11275,9814.6,12108,17359,11556,12045,10858,9530.2,8344.4,11301,8245.8,9476.1,9456.5,14843,12036,11362,19994,11866,13036,16596,14692,17507,14669,14355,16517,13687,15019,12770,15617,15266,12971,18634,15353,15432,12696,12533,14191,14394,11989,17707,17965,13863,9172.1,6365.9,16896,18816,21487,21466,23324,19298,15346,14157,12357,8313.3,13412,12921,14120,13099,16591,17155,18264,20997,20050,19756,23767,4900.3,13668,5535.9,7652.5,5823.2,1595.9,8009.3,11337,16053,17399,18266,11088,11172,10229,9929.4,8234.3,9639,10946,10731,10273,11978,11993,9925,11659,11751,11058,12020,10793,13400,12217,6179.7,7728.7,7651.3,8537.5,3600.2,9965.3,9601.2,9203.4,8048.9,5977.1,9106,9044.7,9423.3,6040.1,6225.6,8411.8,531.02,1887.5,1654.8,9049.3,9930,11431,11681,12302,11191,10605,12145,11155,11692,12158,13682,13261,12378,13703,15759,8115.5,9072,8083.2,10812,11062,11228,10625,8524.1,9146.7,11278,8403.9,7170.5,6824.5,5889.3,9180.9,10497,12591,14835,17111,1894.9,9017.9,9145.4,10818,6579.9,4722.4,8614.2,15516,15526,8906,9915.9,9617.5,8613.5,8688.1,9361.9,9569.7,17003,14193,16854,13678,17263,9557.7,9077.8,10206,9819.8,9885.6,7472.8,8955.7,10605,10586,8182.9,11065,9331.4,12918,17688,11943,12115,12008,9378.9,7887.2,10642,8155.1,9833.5,9709.9,13681,12116,11158,19415,12113,12798,17128,15346,17659,12684,13150,14460,12603,15676,14134,17354,14428,12411,19076,15811,16445,12628,12765,15158,14504,12361,16807,18003,11920,7607.1,8391.4,17848,18494,20260,21216,20730,17842,16822,15239,13001,8077.2,12607,13172,13086,12762,17469,16789,20387,20888,21029,20065,22224,2712.7,11880,3575.3,4293.5,4648.4,836.42,7765.1,10177,15115,18151,17992,12998,11665,10009,9854.6,9042.7,9452.8,10116,10891,11708,12569,11698,10296,11284,11971,12064,11266,11035,13428,11694,7991,7739.9,8596.7,7871.7,4248.1,11519,10925,11339,7618.2,7411.1,11032,9138,10018,6379.7,8831.4,9927.3,2091.7,4236.1,5288.5,12026,9547.9,11157,11154,9930.5,10823,11128,11799,11763,10177,13315,14693,12214,11661,11555,14292,7664.3,8709.4,7619.6,10675,10711,9006.3,10002,7822.2,9006.2,10922,6926.5,7391.9,5790,4707.6,9939.4,10022,12568,14692,15401,605.14,9471.9,9622.4,12373,8656.8,4016.8,10406,15327,15776
8397.5,11066,10917,8565,9483.3,10221,9803.2,15106,15408,16290,14904,15788,9476.3,8096.1,10754,11664,11562,5518.6,10688,9266.5,8289,6730.9,11240,9826.1,12180,17372,11569,12081,10857,9567.8,8328.8,11304,8242.7,9501.1,9537.5,14857,12076,11316,20014,11886,13035,16583,14650,17454,14670,14356,16511,13691,15037,12750,15631,15256,12995,18604,15381,15388,12642,12479,14072,14302,11998,17716,18059,13847,9191.9,6359.4,16898,18849,21535,21547,23366,19304,15303,14118,12400,8325.2,13448,12883,14078,13094,16587,17199,18260,20983,20074,19740,23779,4895.7,13697,5552.4,7638.9,5819.3,1596,8051.1,11311,16026,17390,18330,11053,11144,10228,9951.7,8251.7,9596.2,10944,10720,10265,11938,12026,9921.9,11603,11787,10916,11981,10873,13359,12143,6210.6,7708.3,7644.9,8499.9,3608.9,10012,9579.3,9216.1,8091.2,5982.5,9123.1,9050.6,9423.7,6053,6235.3,8432.8,525.66,1894.5,1645.9,9047.1,9904.1,11410,11753,12329,11137,10585,12149,11200,11569,12153,13707,13284,12407,13713,15712,8128,9066.2,8058.9,10759,11026,11213,10633,8476.3,9172.4,11216,8373.4,7135.4,7019.1,5899.1,9179.7,10537,12619,14812,17107,1887.7,8982.3,9154,10838,6611.8,4733.9,8599.3,15517,15604,8906.3,9901.6,9623.7,8596.2,8697.8,9355.3,9595.7,16984,14231,16844,13634,17272,9563.5,9060,10230,9801.9,9872.8,7438.7,8934.7,10532,10609,8193.6,11052,9299.2,12927,17722,11955,12108,12039,9418.4,7839.2,10644,8175.5,9845.2,9700.8,13718,12059,11174,19441,12096,12756,17133,15301,17649,12683,13290,14496,12611,15676,14122,17392,14403,12386,19096,15770,16417,12653,12794,14964,14460,12343,16812,17973,11828,7615.9,8371.2,17829,18454,20205,21206,20710,17773,16782,15223,12979,8063.7,12617,13151,13014,12676,17472,16732,20377,20850,21032,20093,22200,2718.2,11875,3581.6,4276.4,4644.3,840.1,7787.3,10096,15102,18174,18002,12971,11672,10015,9869,9049.2,9469.5,10121,10890,11677,12515,11739,10302,11282,11998,12045,11291,11003,13388,11680,7932.2,7744.7,8587.8,7864.9,4235,11536,10897,11329,7675.8,7381.9,11069,9161.4,10005,6380.6,8818.8,9895.2,2081.7,4240.6,5273.5,12021,9525.7,11134,11127,9942.7,10753,11138,11805,11758,10178,13280,14631,12222,11684,11540,14305,7655.1,8664.7,7590.3,10689,10723,8981.3,10038,7780,9032.9,10885,6942.5,7402,5829.2,4750.1,9946,10017,12510,14678,15416,604.15,9520.7,9578.1,12355,8683.1,4012.2,10416,15238,15829
8413.9,11100,10896,8578.9,9485.3,10180,9815.4,15123,15428,16274,14881,15780,9479,8086,10785,11644,11567,5482.5,10655,9133.2,8253.6,6683.2,11245,9810.4,12184,17378,11555,12088,10872,9591.7,8350.8,11345,8239,9525.7,9535.1,14846,12044,11381,19981,11870,13037,16584,14673,17450,14680,14305,16474,13652,14980,12751,15591,15255,12963,18647,15381,15335,12652,12480,14105,14371,11988,17764,18054,13935,9158,6360.3,16944,18839,21546,21564,23389,19310,15342,14129,12329,8299.4,13427,12921,14118,13146,16584,17164,18211,20988,20074,19723,23806,4889,13708,5601.3,7630.2,5805.5,1602.9,8057.6,11335,16013,17383,18343,11048,11130,10221,9986.2,8301.9,9615.2,10957,10700,10286,11976,12023,9874.3,11650,11771,11003,12054,10805,13354,12150,6227,7749.3,7685.9,8499.7,3623.2,9971.8,9572,9230.7,8060.9,5973.5,9125.7,9076.4,9428.1,6013.6,6226.9,8428.6,530.35,1894.2,1654.8,9048.9,9911.6,11456,11738,12290,11112,10547,12113,11201,11607,12125,13728,13302,12408,13717,15729,8105.9,9039.7,8033,10698,10994,11118,10602,8490.6,9194.2,11231,8358.8,7184.7,6880.8,5891.1,9200.9,10477,12702,14822,17090,1898.8,9040.9,9178,10816,6551.1,4743.5,8634.9,15535,15569,8925.3,9850.8,9617.3,8608.3,8703.7,9351.4,9614.3,16995,14198,16804,13577,17297,9607.6,9059.8,10238,9828.2,9892.9,7426.1,8923.5,10455,10489,8162.1,11063,9275.1,12927,17685,11934,12111,12091,9412.3,7838.1,10641,8117.4,9764.7,9725,13787,12073,11135,19421,12103,12700,17134,15310,17658,12711,13235,14465,12628,15621,14108,17348,14389,12406,19042,15777,16379,12641,12778,15101,14485,12407,16817,17955,11879,7616.1,8371.4,17848,18441,20292,21173,20700,17833,16802,15192,12954,8007.6,12546,13141,12981,12642,17351,16661,20366,20844,20932,20051,22185,2704.5,11824,3557.1,4257.6,4597.3,826.59,7778,10110,15042,18171,18010,12962,11661,10014,9925.6,8991.2,9489.8,10082,10851,11650,12542,11754,10298,11291,11998,12020,11325,11016,13391,11650,7950.6,7730.9,8591.9,7915.5,4243,11556,10897,11359,7689.3,7337.9,11060,9173.1,10034,6385.3,8849,9902.3,2082.7,4227.8,5268.5,11982,9494.5,11148,11140,9931,10767,11113,11793,11747,10140,13262,14637,12220,11656,11545,14241,7676.9,8689.9,7593.9,10636,10680,8950.1,10013,7766.3,8969.5,10926,6939.7,7372.4,5784.9,4737.9,9959.4,9988.8,12547,14669,15348,604.85,9495.2,9583.5,12366,8660.2,4016.1,10373,15272,15810
8391.5,11097,10906,8570.3,9481.9,10176,9857.5,15158,15445,16275,14935,15780,9464,8080,10769,11646,11553,5486.8,10729,9111.7,8277.3,6712,11285,9803.1,12173,17389,11563,12059,10860,9558.6,8350,11301,8227,9505.7,9551,14871,12007,11374,19988,11900,13054,16568,14735,17486,14685,14285,16498,13686,14988,12751,15598,15251,12978,18654,15351,15329,12675,12472,14156,14394,11976,17750,18061,13762,9128.2,6355.8,16961,18829,21561,21596,23385,19322,15380,14125,12328,8318.3,13420,12931,14113,13142,16565,17158,18262,21033,20061,19806,23815,4885.4,13690,5549.7,7656.2,5789.9,1567.8,7989,11329,16009,17414,18381,11050,11158,10212,9942,8308.6,9588.6,10976,10744,10264,11961,11980,9969.6,11658,11722,11035,12021,10836,13385,12198,6235.9,7719.7,7684.3,8508.8,3623,9937.5,9601.4,9224.5,8036.8,6022.5,9123.1,9050.8,9449.6,6042.5,6226.8,8442,533.35,1894,1666.8,9065.3,9942.1,11440,11734,12327,11125,10568,12149,11236,11607,12153,13723,13310,12410,13722,15764,8107,9095.3,8123.9,10749,11018,11097,10570,8463,9171.3,11276,8404.8,7129.3,7003.1,5881.9,9186.2,10546,12639,14825,17126,1885,9020.2,9145.1,10787,6574.6,4758.1,8648.6,15534,15604,8924.9,9882.3,9635.1,8633.4,8710.8,9356.8,9613.1,17009,14194,16805,13698,17183,9580.5,9017.7,10213,9845.1,9879.9,7447.4,8941.1,10464,10436,8187.6,11031,9299.7,12923,17652,11908,12085,12095,9383.2,7841.2,10593,8131.9,9790.2,9647.9,13769,12117,11146,19390,12054,12711,17135,15337,17654,12731,13144,14456,12566,15675,14101,17339,14379,12422,19001,15777,16419,12639,12692,14990,14498,12393,16752,17965,11846,7610.2,8405.1,17843,18488,20179,21151,20685,17725,16834,15175,12915,8038.2,12573,13160,13064,12693,17425,16614,20364,20851,20947,20069,22147,2697.1,11827,3595.3,4279.2,4640,823.04,7745.1,10108,15089,18159,17979,12928,11656,10000,9869.7,9029.8,9446.6,10035,10871,11677,12510,11760,10245,11314,11962,12016,11367,11029,13399,11661,7991.5,7687,8557,7917.6,4220.1,11569,10906,11342,7670.3,7390.3,11043,9142.7,10033,6364.1,8822.1,9911.6,2062.3,4237.7,5271.7,12005,9540.4,11097,11108,9909.8,10777,11111,11811,11780,10153,13278,14660,12231,11646,11524,14225,7686.4,8706.3,7565.5,10661,10698,8939.2,10002,7792.4,8919.6,10892,6949.1,7375.3,5731.5,4707.3,9959.7,9994.3,12530,14603,15335,606.47,9527.2,9555.3,12355,8637.6,4021,10415,15318,15777
8371.9,11141,10912,8548.6,9471.1,10210,9854.7,15144,15447,16332,14946,15851,9412.6,8035,10807,11669,11597,5504.3,10780,9187,8346.6,6737.2,11291,9783.3,12178,17437,11567,12065,10903,9555.4,8358.5,11314,8206.4,9509.3,9497.4,14874,12070,11420,19953,11846,13090,16569,14715,17510,14716,14323,16496,13713,15012,12805,15616,15262,12968,18614,15376,15431,12682,12504,14099,14417,11943,17738,18077,13782,9191.2,6365.6,16980,18807,21539,21610,23395,19283,15367,14194,12362,8308.5,13435,12943,14167,13197,16681,17207,18337,21065,20115,19796,23804,4884.9,13694,5573.6,7646.2,5809.3,1574.4,8022.5,11376,16020,17444,18400,11036,11159,10239,9984.6,8282.1,9544.5,10964,10699,10282,11960,12009,9926.9,11703,11765,10976,12029,10937,13414,12177,6193.5,7755.5,7665.8,8495.4,3605.9,9956.4,9551.6,9217.1,8046.9,5987.5,9132.3,9080.8,9425.3,6027,6226.1,8440.8,535.58,1891.3,1650,9047.2,9963.2,11419,11741,12304,11192,10577,12173,11219,11677,12183,13735,13319,12401,13714,15804,8105.6,9137,8112.8,10783,11066,11127,10629,8600.1,9113.3,11259,8400.5,7127.5,7035.9,5889.4,9199.1,10570,12647,14813,17179,1884.2,8973.8,9172,10768,6615.4,4747.8,8570.9,15558,15591,8866.7,9922.4,9640.7,8601.1,8665.7,9371.7,9603.5,16991,14171,16846,13731,17192,9539.8,9004.8,10203,9829.1,9929.6,7467.5,8912.9,10542,10530,8200.4,11061,9328.3,12906,17707,11957,12074,12039,9368.9,7876.9,10557,8138.3,9805.5,9625.1,13753,12057,11145,19401,12073,12695,17113,15353,17652,12707,13136,14467,12619,15678,14156,17330,14391,12400,19019,15772,16418,12582,12698,15007,14493,12317,16764,17926,11867,7610,8392.6,17837,18455,20125,21144,20647,17740,16839,15210,12922,8034.8,12546,13130,13143,12752,17486,16674,20406,20872,21001,20045,22140,2703,11796,3582.6,4277.5,4644.2,825.36,7744.4,10229,15106,18168,17962,12907,11633,9989.6,9792,8997.6,9466.2,10080,10874,11672,12549,11742,10324,11330,12017,11991,11418,11000,13424,11726,7948.4,7738.8,8549.2,7869.5,4208.2,11507,10914,11332,7599.8,7366.1,11079,9135.1,10015,6381.6,8809,9910.6,2073.9,4228.9,5269.4,12040,9558.2,11091,11116,9960.5,10804,11122,11815,11804,10175,13301,14652,12201,11633,11542,14278,7639.3,8663.3,7544.6,10663,10711,8977,10015,7797.9,9025.6,10842,6932.4,7337.2,5801.4,4697.4,9945.1,9977.1,12510,14548,15353,613.42,9520.1,9549.5,12357,8644.6,4010.5,10341,15303,15754
8376.8,11153,10938,8520.6,9470.7,10208,9844.1,15107,15447,16345,14880,15815,9430.7,8094.2,10748,11653,11616,5490.7,10751,9248.8,8302.2,6726.5,11298,9806.5,12163,17391,11578,12071,10884,9535.1,8347.2,11343,8236.2,9460.5,9443.3,14897,12007,11332,19980,11830,13032,16582,14701,17499,14700,14376,16498,13698,15040,12800,15654,15291,12971,18675,15390,15394,12624,12554,14154,14407,12003,17714,18080,13857,9144,6338.5,16987,18843,21559,21572,23373,19263,15381,14152,12336,8309.4,13451,12904,14151,13177,16578,17178,18330,21020,20067,19763,23795,4888.2,13724,5558.5,7622.1,5835.7,1586.7,8055.9,11332,16064,17464,18353,11048,11114,10209,9972.8,8265.5,9559.2,10903,10706,10304,11950,11993,9901.6,11621,11753,10950,12036,10793,13363,12175,6169.2,7737.7,7654.1,8493,3599.9,9987,9604.1,9213.7,8016.4,5943.7,9128.5,9093.3,9428,6013.7,6207.8,8460.5,532.35,1893.7,1645.9,9069,9931,11430,11729,12363,11185,10577,12173,11214,11671,12149,13743,13297,12368,13702,15756,8106.9,9080.5,8081.3,10774,11059,11159,10626,8513.9,9195.9,11208,8367.4,7098.4,7081.6,5878.4,9161.2,10471,12641,14838,17175,1864.9,9087.3,9170.4,10806,6590.8,4736.5,8568.9,15531,15621,8879,9902.3,9632.9,8578.3,8662.7,9352.9,9571.2,16979,14169,16817,13680,17187,9530.2,9070.4,10230,9806.9,9955.3,7447.9,8950.1,10600,10560,8172.7,11080,9289.3,12893,17633,11968,12042,12095,9388.7,7900.9,10608,8135.3,9790,9689,13756,12122,11143,19431,12082,12695,17105,15299,17648,12673,13248,14463,12642,15640,14158,17322,14406,12378,19045,15788,16404,12577,12655,15027,14429,12376,16806,17947,11883,7625.5,8399.5,17874,18479,20231,21224,20748,17808,16804,15264,12921,8076.4,12597,13161,13160,12698,17535,16773,20428,20831,21071,20042,22237,2704.3,11882,3592.5,4293.8,4634.3,830.55,7783.6,10299,15117,18194,17982,12940,11598,9980.8,9813,8984.2,9432.2,10058,10893,11669,12544,11765,10281,11330,11985,12052,11308,11005,13443,11691,7968,7718.2,8558.5,7866.3,4204.7,11539,10921,11346,7593.4,7388.7,10996,9145.4,10035,6385.1,8786.8,9937.4,2083.4,4224.1,5300.4,12038,9553.1,11127,11123,9932.7,10787,11131,11825,11839,10196,13257,14672,12218,11644,11596,14276,7612.5,8670.8,7580,10724,10739,8971.1,10050,7720.2,9050.9,10882,6929.5,7360.2,5829.5,4728.6,9926.8,9967,12560,14647,15441,604.63,9511.2,9561.8,12375,8652.2,4008.1,10368,15269,15787
8375.7,11118,10879,8542.5,9467.3,10228,9812.1,15132,15429,16259,14944,15731,9418.6,8054.1,10722,11646,11553,5483.3,10782,9306.2,8288.2,6717.4,11302,9838,12197,17410,11572,12082,10836,9523.6,8319.8,11325,8240.1,9465.6,9512.2,14815,12066,11296,19967,11839,13074,16614,14705,17483,14686,14373,16495,13705,15045,12758,15621,15247,12969,18634,15397,15365,12610,12466,14146,14388,11975,17752,18041,13888,9149.5,6347.7,16981,18815,21572,21555,23295,19263,15329,14173,12378,8341.8,13436,12935,14104,13158,16606,17153,18254,21038,20041,19800,23819,4864.4,13682,5518,7649,5781.9,1580.4,8038.5,11318,16034,17471,18324,11104,11122,10256,9959.2,8267.1,9567.2,10933,10743,10316,11996,12019,9954.6,11678,11771,11003,12043,10798,13373,12151,6206.7,7700.4,7678.6,8472.5,3635.1,9957.5,9628.6,9214.1,8052.1,5966.3,9125.9,9097.8,9467,6034.1,6216.5,8427.7,530.06,1896.8,1661.1,9082.3,9893.9,11459,11760,12356,11137,10594,12123,11174,11658,12141,13748,13290,12374,13715,15756,8111.8,9002.8,8083.4,10811,11049,11184,10663,8540.7,9157,11224,8364.8,7126.6,6945.2,5893,9212.3,10506,12672,14805,17058,1872,9068.7,9115.7,10838,6579.1,4747.6,8628.5,15555,15620,8869.6,9876.8,9612.5,8580.9,8663.6,9392.9,9572.6,16997,14195,16825,13667,17234,9552,9065,10172,9805.7,9860.7,7419.8,8919.2,10620,10588,8172.9,11108,9283.1,12928,17712,11955,12099,12026,9396.6,7843.5,10655,8132.1,9809.2,9683.9,13703,12109,11145,19439,12067,12693,17127,15325,17668,12655,13325,14471,12648,15642,14182,17351,14383,12379,19039,15803,16443,12648,12646,15021,14492,12390,16815,18001,11890,7620.5,8379,17845,18440,20282,21229,20740,17797,16803,15265,13024,8066.7,12602,13185,13044,12664,17453,16764,20400,20870,21026,20053,22181,2715.8,11877,3582.8,4272.5,4640.2,831.07,7766.6,10239,15110,18190,18053,12949,11642,10007,9864,9010.6,9467.7,10088,10914,11642,12581,11772,10269,11273,12032,12041,11290,10989,13398,11681,7940.7,7726.5,8590.3,7879.7,4215.8,11553,10920,11355,7622.2,7384.9,11066,9171.3,10035,6373.1,8819.5,9921.9,2083.9,4231.1,5301.1,12006,9561,11175,11158,9919,10763,11141,11826,11804,10172,13262,14683,12224,11662,11590,14252,7654.5,8679.8,7568.6,10726,10747,8984.5,10051,7751.2,9001.7,10883,6943.1,7365.9,5819.3,4675.8,9977,9964.1,12566,14615,15414,604.86,9545.1,9598.2,12393,8646.5,4009.3,10389,15328,15757
8396.8,11111,10944,8554.2,9496.1,10222,9850.5,15136,15424,16306,14973,15732,9459.5,8072.2,10737,11687,11533,5479.7,10708,9253.1,8279.4,6727.2,11277,9801.6,12148,17441,11570,12077,10855,9537.7,8342.7,11350,8257.9,9496.9,9460.4,14801,12029,11413,19957,11867,13040,16590,14704,17471,14705,14365,16475,13678,15024,12761,15564,15256,12964,18573,15368,15395,12658,12436,14195,14360,11968,17682,18035,13830,9165.6,6361.7,16921,18748,21528,21529,23277,19227,15333,14146,12345,8272,13409,12914,14119,13115,16552,17187,18207,20997,20033,19789,23775,4875.1,13664,5528.9,7655.2,5777.6,1572.7,8003,11303,16004,17392,18299,11093,11159,10243,10017,8323.2,9628.7,11003,10728,10273,11945,12016,9934.1,11657,11725,11016,12080,10808,13415,12157,6195,7705.6,7671.5,8512.4,3618.4,9966.7,9614.1,9239,8047.4,5999.7,9085.1,9079.6,9436.7,6041.4,6211.7,8427,528.85,1891.5,1651.8,9084.8,9921.9,11450,11734,12316,11168,10598,12137,11149,11615,12175,13721,13270,12388,13687,15733,8114.5,9059.4,8106.3,10792,11036,11171,10621,8524,9076,11263,8385.5,7130,6922.8,5875.1,9216.3,10555,12627,14729,17044,1874.5,9031.7,9177.1,10835,6598.7,4738.2,8592.6,15511,15608,8893.4,9832.9,9584.1,8602.4,8668,9360.4,9602.9,16980,14197,16812,13678,17229,9567,9038.3,10156,9827,9900.4,7436.9,8949.6,10581,10537,8187.5,11056,9333.3,12935,17734,11989,12157,12024,9363,7832.5,10621,8146,9798.1,9658.2,13711,12138,11161,19458,12100,12763,17152,15389,17682,12691,13236,14462,12602,15707,14157,17369,14387,12393,19079,15814,16456,12627,12692,15046,14536,12383,16808,17995,11882,7635.8,8358.9,17859,18412,20274,21209,20726,17816,16798,15211,13014,8063.4,12589,13138,13069,12710,17399,16719,20364,20909,21001,20078,22172,2703.7,11857,3588.5,4268.4,4661.5,832.02,7745.4,10224,15094,18184,18036,12962,11671,10027,9866.6,9011.3,9478.1,10118,10904,11648,12553,11795,10302,11294,11980,12017,11413,11046,13397,11677,7969.8,7716.9,8581.5,7881.9,4245.6,11552,10929,11353,7661.3,7411.6,11041,9139,10038,6381.3,8830.6,9909.4,2081.1,4217.5,5266.6,12011,9545.6,11175,11149,9967.7,10800,11176,11843,11770,10181,13274,14663,12245,11661,11566,14287,7646.2,8719.2,7564.9,10671,10729,8970.8,9991.5,7760.6,9025.5,10898,6963.9,7332.6,5789.3,4671,9983.9,10043,12559,14604,15420,611.79,9535.6,9572.9,12402,8650,4022.2,10391,15266,15861
8396.5,11125,10890,8563,9478,10197,9828.8,15142,15416,16290,14889,15750,9469.2,8073.4,10763,11657,11582,5482.1,10685,9207.7,8265.6,6721.5,11262,9838.8,12155,17428,11579,12041,10896,9527.9,8337.5,11367,8221.7,9478.8,9464.9,14842,11986,11397,19926,11921,13022,16559,14687,17453,14715,14306,16463,13636,14983,12661,15619,15269,13002,18621,15353,15380,12693,12598,14163,14328,11963,17718,18059,13901,9192.8,6378.2,16913,18801,21488,21532,23309,19286,15303,14116,12326,8283.6,13383,12902,14042,13041,16538,17126,18246,20966,20032,19748,23764,4884.7,13702,5533.6,7627.9,5823.9,1566.7,8046.3,11261,16017,17322,18269,11089,11169,10258,9962.2,8329,9622.8,10928,10701,10265,11948,11973,9927.7,11626,11718,10966,12034,10859,13382,12118,6183,7761.3,7672.1,8451.8,3606.3,9974.7,9551.7,9203.6,8013.1,5982.1,9140.6,9074.1,9406.2,6025.7,6225.9,8425.4,534.47,1887.5,1644,9028.3,9909.5,11431,11716,12332,11182,10593,12129,11144,11605,12152,13695,13283,12369,13698,15739,8104.5,9029,8010.6,10751,11015,11179,10645,8519.5,9190.4,11255,8373.1,7157.1,6979.6,5880.4,9211.6,10508,12593,14741,17065,1897.2,9017.2,9178.7,10787,6636.2,4735.5,8622.5,15521,15605,8908,9912.9,9621.7,8617,8712.5,9385,9589.4,16987,14210,16820,13638,17308,9574.1,9118.1,10205,9807,9919.4,7463.6,8911.5,10579,10556,8212.8,11087,9318.5,12928,17715,11991,12116,12069,9406.3,7827.9,10626,8190.3,9830.9,9688.3,13745,12170,11157,19510,12070,12734,17171,15398,17669,12711,13196,14484,12533,15709,14118,17392,14405,12379,19065,15782,16427,12652,12709,15081,14469,12341,16751,17957,11779,7596.6,8380.8,17860,18485,20228,21191,20737,17785,16783,15204,12969,8039.3,12582,13133,13048,12701,17463,16714,20387,20891,20978,20109,22206,2708.4,11836,3588.7,4277.3,4640.2,844.57,7762.1,10184,15073,18201,18014,12965,11667,10017,9872.3,8994.9,9476.6,10107,10885,11675,12535,11747,10255,11316,11990,12032,11377,11031,13404,11681,7988.3,7737.6,8603.3,7877.3,4217.5,11542,10898,11356,7655.7,7381.3,11054,9117.1,10018,6375.2,8841.3,9933,2082.9,4217,5256.1,12010,9493.7,11136,11168,9950.7,10793,11131,11791,11783,10154,13309,14659,12242,11651,11544,14294,7646,8683,7562.2,10659,10726,9023.6,10000,7767.6,8920.2,10898,6934.8,7367.7,5806.9,4740.9,9955.7,10024,12473,14661,15410,611.88,9491.3,9576.9,12378,8664.9,4033.6,10363,15286,15797
8406.3,11045,10895,8552.3,9480.9,10191,9833.6,15124,15405,16254,14863,15713,9470.2,8078.4,10718,11639,11487,5487.7,10665,9236.2,8266.5,6706.5,11245,9827.1,12143,17396,11558,12081,10883,9533.4,8341.1,11345,8201.8,9481.1,9451.5,14861,12019,11388,19995,11872,13044,16549,14652,17414,14669,14256,16463,13646,15001,12672,15628,15273,12970,18630,15372,15361,12685,12628,14193,14299,12010,17744,18037,13920,9210.6,6376.4,16900,18821,21562,21550,23366,19345,15272,14123,12339,8302.1,13396,12882,14065,13073,16529,17188,18155,20955,20046,19716,23744,4894.7,13701,5563.9,7635.3,5811.6,1596.8,8066.5,11269,16013,17307,18315,11068,11165,10206,9995.6,8293.9,9545.9,10943,10722,10307,11964,12014,9933.7,11667,11798,11056,12205,10850,13377,12130,6173.4,7714.6,7664.4,8503.3,3618.1,9993,9639.4,9224.6,8069.1,5996.7,9121.4,9078.6,9405.5,6029,6229,8433.1,529.02,1889.5,1644.9,9062.3,9887.8,11445,11704,12263,11104,10571,12142,11117,11592,12156,13695,13295,12368,13715,15715,8053.7,9063.2,8091.1,10731,10990,11163,10628,8512.2,9142,11211,8380.5,7150.6,7117.7,5935.5,9212.2,10508,12625,14808,17057,1889.6,9037.7,9125.7,10837,6592.1,4744.5,8613,15500,15637,8929.1,9849.2,9610.1,8648.4,8724.5,9384.6,9586,16994,14193,16795,13625,17258,9612.6,9047.3,10232,9799.7,9890,7442.8,8918.7,10543,10518,8165,11034,9331.8,12880,17680,11977,12046,12073,9391.6,7872,10602,8196.6,9750.7,9669.9,13744,12101,11130,19491,12081,12701,17131,15318,17630,12717,13087,14468,12587,15663,14105,17380,14399,12409,19022,15769,16389,12649,12813,14977,14406,12387,16799,17966,11868,7648.6,8404.5,17858,18501,20248,21212,20751,17816,16777,15190,12942,8073.7,12595,13150,13028,12678,17429,16732,20364,20812,21029,20060,22225,2733.3,11903,3589.5,4308.2,4651.9,838.31,7816.4,10144,15062,18193,18000,12970,11651,10027,9845.5,9030.8,9460.3,10101,10874,11650,12536,11793,10273,11287,11965,12002,11262,11065,13386,11664,7960.8,7720.8,8577.8,7888.6,4220.7,11562,10911,11336,7678.1,7352.3,11025,9128.5,10019,6374.4,8828,9929.3,2073.2,4233.6,5255.7,11994,9522.6,11132,11123,9928.7,10762,11111,11773,11797,10121,13287,14649,12227,11658,11536,14245,7615.2,8662.2,7561.8,10628,10651,8994.6,10037,7765.7,8984,10868,6932.6,7401,5794.6,4749.8,9945.3,10027,12467,14674,15372,601.75,9520,9598.5,12396,8673.7,4025.2,10383,15295,15848
8381.9,11108,10902,8551.3,9471,10194,9834.2,15129,15430,16290,14940,15705,9416.7,8071.3,10732,11639,11518,5494.4,10679,9179.9,8260.9,6650.7,11249,9781.9,12150,17396,11574,12075,10813,9535.7,8345.9,11318,8216.6,9491,9452.5,14885,11984,11372,19978,11884,13088,16548,14649,17443,14666,14272,16489,13670,15017,12739,15607,15243,12971,18618,15366,15354,12662,12546,14149,14360,11992,17715,18048,13881,9127.4,6377,16945,18817,21566,21541,23326,19298,15329,14151,12342,8306.4,13464,12899,14134,13111,16584,17198,18200,20959,20074,19755,23769,4895.1,13740,5555.5,7626.8,5757.9,1586.4,8011.8,11297,16018,17376,18356,11104,11173,10221,9979.9,8277.9,9579.4,10934,10766,10254,11994,12033,9939.8,11660,11774,11033,12021,10786,13408,12112,6228,7747.1,7678.7,8506.2,3627.7,10010,9625,9211.7,8043.4,6000,9131.5,9079.1,9426,6034.8,6222.9,8434.2,527.18,1893,1654.5,9078.7,9910.8,11465,11712,12310,11138,10572,12142,11109,11614,12174,13743,13294,12358,13717,15754,8088.5,9051.6,8092.6,10722,11027,11151,10605,8540.7,9138,11219,8369.1,7169.9,6980.5,5924.5,9185.1,10539,12587,14752,17044,1879.3,9062.2,9145.8,10805,6593.9,4746.5,8556.1,15493,15608,8904.4,9879,9631.4,8605.5,8716.1,9362.6,9584.6,17000,14209,16808,13638,17243,9606.9,9088.8,10233,9807.2,9900.5,7443.7,8906.1,10487,10478,8183.2,11018,9284.2,12893,17675,11979,12031,12098,9350.1,7845.6,10603,8161.1,9752.8,9664.2,13751,12119,11153,19441,12113,12716,17139,15308,17624,12756,13158,14451,12592,15617,14117,17351,14376,12435,19038,15784,16416,12656,12655,15069,14466,12331,16840,17958,11832,7621.2,8385.3,17858,18495,20273,21202,20676,17802,16778,15219,12940,8036.4,12579,13161,13071,12695,17457,16713,20388,20791,21012,20047,22172,2712.7,11837,3560.6,4279.9,4644.5,838.81,7776.5,10159,15071,18179,17994,12923,11657,10022,9855.3,9035.7,9444.2,10043,10870,11687,12512,11739,10300,11277,11996,12042,11316,11038,13407,11685,7937.2,7704.8,8578.4,7893.8,4223.3,11548,10927,11353,7647.2,7415.6,11048,9115.7,9996,6362.1,8807.5,9920.1,2063.6,4246.2,5273.2,12025,9518.3,11144,11141,9944.8,10787,11135,11797,11820,10127,13295,14692,12224,11666,11557,14184,7634.9,8655.9,7583.6,10641,10723,8950.6,10059,7750.5,8998.5,10894,6928.4,7376.5,5773.7,4684,9932.6,9992.9,12496,14641,15386,610.57,9508,9614.5,12394,8673.5,4022.7,10390,15302,15775
8390.5,11093,10920,8558.4,9478.6,10174,9821.9,15153,15448,16243,14932,15778,9443.6,8092.3,10727,11677,11563,5476.5,10715,9256.5,8317.5,6719.9,11250,9768.5,12130,17450,11572,12067,10867,9554,8359.2,11300,8203.7,9508.3,9446.1,14825,12072,11380,19976,11892,12972,16575,14734,17475,14682,14278,16489,13688,15044,12733,15620,15269,13002,18629,15333,15304,12697,12491,14148,14455,11959,17713,18023,13829,9164.6,6352.4,16953,18817,21570,21594,23312,19356,15304,14162,12433,8336.8,13411,12928,14168,13123,16598,17241,18237,20999,20071,19790,23793,4889.3,13692,5569.7,7659.8,5779,1567.4,8035.3,11299,16030,17391,18385,11089,11182,10249,9970,8294.5,9624.6,10953,10728,10308,11982,12051,9970.5,11684,11748,11050,12106,10812,13420,12172,6224.1,7731.1,7678.7,8476.2,3626,10006,9599,9239.7,8021.7,6021.1,9110.4,9101.3,9445.2,6056.4,6187.5,8452.6,525.68,1895.5,1650.4,9099.4,9958,11456,11715,12321,11141,10611,12156,11130,11652,12178,13735,13295,12376,13679,15717,8107.8,9047.1,8065.3,10768,11032,11111,10653,8503,9097.4,11219,8395,7214.6,7014.1,5915.2,9203.3,10522,12661,14786,17131,1926.6,9073.7,9118.6,10844,6609.2,4740.4,8583.6,15542,15643,8885.9,9903.5,9622,8593.9,8680,9346.4,9575.3,16970,14201,16816,13644,17230,9584.2,9045.1,10179,9815.8,9905.2,7428.6,8933.8,10521,10537,8199.3,11081,9297.8,12931,17666,11941,12019,12078,9336.1,7843.2,10659,8081.9,9767.5,9704.5,13716,12106,11140,19431,12119,12723,17118,15349,17639,12680,13257,14471,12640,15677,14144,17367,14400,12388,19026,15769,16475,12684,12636,15018,14500,12306,16748,17921,11864,7610.3,8376.9,17793,18414,20197,21186,20690,17770,16792,15216,12996,8067.3,12612,13163,13040,12647,17412,16717,20314,20826,20959,20023,22171,2699.9,11861,3531.9,4274.7,4653.5,848.7,7742.5,10127,15084,18142,17954,12956,11684,10059,9881.2,8986.4,9484.6,10111,10881,11675,12539,11790,10237,11297,12019,12037,11417,11029,13402,11694,7984.6,7702.5,8582.2,7893.9,4238.3,11583,10923,11361,7642.7,7416.1,11051,9091.1,10008,6370.6,8786.8,9893.4,2067.7,4218.9,5264.8,12027,9566,11108,11142,9921.6,10806,11164,11822,11776,10163,13255,14659,12202,11635,11531,14249,7645.1,8690.6,7568.3,10725,10725,8954.3,10047,7785.9,8982.6,10859,6953.1,7377.4,5824.5,4680.7,9968.8,10042,12480,14597,15382,607.22,9542.2,9587.2,12394,8615.4,4011.9,10426,15240,15802
8388.7,11118,10941,8569.2,9491.7,10219,9847.7,15171,15457,16291,15014,15871,9456.4,8110.7,10764,11678,11596,5495.4,10771,9223.1,8339.4,6756.8,11277,9821.4,12148,17466,11540,12055,10895,9559.7,8346.1,11353,8172.8,9490.4,9423.4,14875,12011,11411,20001,11907,13059,16601,14767,17488,14708,14401,16549,13764,15069,12790,15686,15312,13012,18689,15374,15418,12692,12520,14197,14401,11953,17735,18020,13902,9165.5,6354.4,16932,18797,21540,21599,23385,19337,15374,14185,12389,8350.1,13437,12968,14156,13141,16597,17209,18269,21042,20127,19797,23810,4907.3,13764,5580.8,7664.7,5802.3,1580.2,8030.9,11346,16045,17398,18373,11110,11178,10226,9984.5,8291,9653.8,10975,10700,10299,12009,11993,9934.9,11725,11755,11012,12085,10857,13434,12194,6242,7754.5,7682.6,8523,3642,9969.1,9603.4,9250.3,8064.4,6001.4,9114.2,9096.5,9447.3,6045.9,6220.2,8457.3,531.26,1888.2,1650.1,9096.4,9958.9,11458,11721,12339,11175,10641,12164,11169,11656,12214,13759,13301,12388,13725,15774,8062,9076.7,8086.7,10827,11057,11173,10632,8479,9125.9,11286,8382,7122.8,6903.8,5919.5,9221,10486,12675,14809,17168,1904.6,9001.4,9183.5,10838,6605.8,4744.2,8602.8,15588,15597,8885.8,9860.1,9643.4,8595.1,8670.8,9364.1,9586.2,16997,14216,16848,13704,17284,9573,9032.4,10217,9849.7,9887.8,7445.3,8954.6,10611,10615,8197,11118,9330.6,12903,17659,11926,12022,12077,9333.2,7850,10596,8092.4,9776.4,9653.2,13698,12104,11159,19465,12084,12753,17137,15360,17628,12707,13303,14487,12609,15682,14156,17387,14405,12425,19042,15797,16469,12654,12671,14996,14486,12341,16737,17939,11812,7631.9,8371.2,17813,18463,20135,21142,20690,17684,16793,15229,12945,8046.2,12579,13140,13055,12712,17437,16696,20349,20815,21007,20018,22144,2701.6,11822,3576.1,4283.1,4646.3,831.29,7744.9,10217,15095,18138,17988,12988,11672,10051,9896.9,9073,9484.8,10106,10898,11648,12567,11784,10297,11313,11976,12026,11357,11044,13415,11700,8034.5,7742.6,8606.7,7905.8,4245.3,11544,10925,11336,7682,7376.9,11035,9107.8,9999.6,6362,8809.1,9889,2083.7,4217.7,5278.6,11993,9563.8,11110,11099,9930,10800,11152,11830,11780,10172,13290,14671,12211,11636,11531,14280,7665.8,8689.3,7552.3,10702,10699,8998.8,10062,7798.7,8916.6,10886,6967.3,7333.9,5788.2,4738.6,9923.9,10080,12542,14631,15384,602.82,9542.1,9612.9,12387,8643.6,4014.8,10379,15273,15718
8411.7,11149,10943,8581.2,9505.2,10201,9855.8,15186,15449,16329,15001,15854,9479.8,8125.4,10752,11654,11561,5496.8,10743,9227.5,8290.4,6729.2,11286,9828.2,12173,17464,11584,12097,10888,9506.8,8351.3,11378,8229.8,9480.2,9408.3,14890,12006,11392,19929,11909,13094,16601,14736,17492,14698,14367,16497,13707,15046,12747,15676,15290,13042,18705,15410,15410,12690,12487,14225,14375,12006,17695,18003,13832,9210.9,6328.4,16873,18800,21540,21533,23298,19245,15317,14158,12317,8311.8,13371,12929,14131,13149,16584,17135,18266,21018,20029,19813,23759,4881,13621,5540.4,7647,5773.5,1567.1,8070,11291,16034,17418,18281,11154,11191,10266,10029,8327.5,9642.3,10945,10745,10311,11984,12007,9966.3,11719,11761,11036,11991,10900,13394,12157,6227.4,7768.4,7672.1,8479.6,3626.8,9965.4,9644.8,9219.1,8056.6,5998.1,9100,9079.1,9417.3,6015.8,6224.2,8417.8,525.18,1892.6,1652,9061,9939.2,11426,11720,12355,11156,10615,12138,11120,11655,12172,13707,13255,12366,13693,15741,8116.2,9049,8098.5,10784,11031,11184,10627,8467.7,9135,11270,8404.6,7131,6986.1,5895.8,9194.7,10537,12664,14775,17022,1884.3,9072.5,9185.5,10838,6570.9,4732.6,8592.2,15525,15610,8893.5,9907.8,9621.4,8600,8706.3,9369.3,9593.6,17008,14239,16849,13641,17311,9588.1,9083.7,10203,9823.2,9889.9,7435.9,8937.9,10542,10529,8199.6,11070,9315.6,12911,17632,11966,12057,12125,9350.9,7827.3,10618,8133.9,9829.9,9663,13719,12125,11152,19452,12126,12767,17173,15405,17676,12769,13265,14465,12613,15660,14120,17375,14388,12406,19017,15801,16419,12697,12844,15088,14537,12354,16761,17923,11806,7627.5,8338.2,17760,18446,20200,21089,20697,17673,16740,15184,12942,8003.8,12486,13152,13040,12669,17385,16615,20347,20917,20927,20081,22104,2707.3,11843,3584.5,4283.7,4655.8,827.15,7720.9,10150,15095,18139,17944,12951,11680,10029,9893.1,9040.3,9474.6,10100,10917,11662,12533,11786,10362,11300,11965,12089,11301,11096,13408,11665,7954.8,7707.7,8557.5,7905,4219.4,11568,10939,11344,7698.2,7384.8,11059,9119.6,9966.4,6371.2,8816.5,9865,2071.4,4209,5267.1,11951,9536.3,11090,11104,9977.7,10781,11117,11802,11747,10179,13287,14677,12198,11627,11461,14228,7640.8,8686.9,7566.8,10648,10708,8999.3,10044,7753,8888.4,10900,6961,7390.3,5808.1,4726.6,9966.8,10071,12518,14636,15297,603.21,9537.2,9615,12405,8662.2,4030.8,10461,15327,15811
8426.5,11065,10946,8578.5,9483.8,10209,9875.2,15151,15408,16320,14909,15820,9474,8078.3,10782,11666,11550,5516.1,10704,9310.7,8276,6694.8,11269,9798.6,12124,17397,11582,12042,10871,9541.2,8367.5,11295,8225.9,9494.2,9415.2,14879,12053,11430,19963,11893,13069,16616,14740,17484,14696,14317,16492,13714,15043,12735,15642,15260,13013,18710,15387,15408,12667,12535,14177,14354,11977,17709,18008,13806,9182.1,6381.8,16890,18780,21506,21544,23289,19276,15341,14153,12337,8335.4,13421,12924,14126,13125,16630,17168,18244,20973,20052,19752,23720,4908.9,13705,5563.8,7651.1,5809.5,1576.3,8088.3,11321,16062,17391,18305,11105,11171,10253,9968,8296.1,9583,10972,10760,10265,11935,12000,9959.6,11722,11708,10990,12034,10765,13380,12146,6199.7,7736.5,7652,8524.7,3605.2,9951.9,9588.4,9215,8057.4,5997.4,9092.3,9063.9,9408.5,6032.9,6212.7,8407.2,531.19,1886.1,1659.2,9028.1,9968.3,11414,11672,12350,11166,10610,12141,11167,11659,12177,13676,13275,12365,13654,15734,8106.6,9082.2,8044.4,10781,11040,11208,10610,8501.6,9110.3,11268,8419.6,7223.1,6904.8,5917.7,9219.8,10546,12659,14784,17110,1861.7,9063.8,9159.2,10812,6595.4,4734.3,8612.3,15510,15569,8915.3,9935,9634.2,8618.1,8724.5,9379.3,9606.7,17000,14188,16861,13642,17258,9606.7,9060.9,10189,9836.7,9915.8,7443.2,8934.6,10551,10543,8225.5,11094,9316.2,12882,17620,11961,12030,12084,9341.5,7867.1,10594,8153.4,9795.5,9674.3,13790,12097,11198,19489,12090,12769,17165,15354,17648,12747,13118,14511,12605,15671,14099,17370,14419,12398,19078,15778,16388,12670,12796,15078,14528,12347,16740,17915,11871,7639.6,8371,17752,18441,20196,21072,20655,17713,16773,15219,12942,8043.1,12498,13119,13067,12637,17412,16633,20286,20846,20926,20050,22086,2718.7,11776,3562,4293.8,4677.9,832.28,7743.1,10152,15088,18112,17936,12954,11683,10035,9919.1,9025.7,9486.5,10109,10885,11636,12516,11768,10342,11302,11985,12059,11316,11091,13406,11683,7950.8,7693.4,8559.7,7901.8,4212.9,11580,10924,11319,7650.4,7400.2,11030,9085.5,9973.7,6397.4,8805.4,9869.8,2067.6,4220.3,5251.2,11965,9547.1,11083,11087,9936.7,10758,11121,11781,11731,10175,13303,14658,12174,11607,11450,14267,7641.8,8717,7537.7,10659,10695,9002.7,10036,7786.4,8960,10919,6914.1,7377.5,5810.2,4726.7,9908.3,10029,12497,14614,15315,611.46,9531,9571.7,12407,8646.8,4007.6,10406,15275,15815
8427.7,11101,10928,8580.1,9495,10218,9852.4,15096,15398,16308,14868,15753,9466.7,8090.8,10783,11650,11554,5522.8,10688,9257.2,8302.9,6725.8,11266,9839.4,12128,17397,11569,12065,10870,9537.2,8383.1,11364,8213.8,9469.1,9425.4,14869,11985,11401,19966,11896,13038,16539,14700,17440,14682,14324,16485,13684,15024,12741,15592,15239,12944,18611,15356,15381,12661,12452,14154,14316,11961,17730,18034,13872,9169.7,6429,16905,18784,21507,21536,23328,19322,15329,14164,12375,8350.9,13443,12895,14146,13087,16612,17209,18201,20973,20083,19761,23765,4909.1,13717,5581.1,7630.4,5809.2,1581.9,8071.6,11315,16021,17373,18309,11065,11161,10230,9946.3,8273.9,9589.5,10945,10714,10229,11948,12022,9956.6,11633,11752,10977,12131,10810,13389,12147,6238.9,7731.9,7649.8,8523.4,3611.2,9971.4,9597.6,9232.1,8065.2,6004.2,9141.2,9087.5,9459.3,6025.4,6258.7,8427.7,533.35,1892,1654.1,9082.4,9951.3,11457,11707,12317,11125,10594,12168,11122,11627,12152,13704,13292,12375,13668,15717,8091.9,8969.5,8060.5,10819,11035,11170,10689,8520.8,9196.6,11303,8405.3,7164.5,6950.3,5916.6,9224.2,10493,12632,14722,17092,1892.5,9005.4,9195.6,10824,6635,4737.4,8599.4,15543,15602,8921.3,9919.7,9617.3,8620.3,8705.1,9368.1,9618.5,16964,14195,16826,13641,17220,9564.2,9075,10188,9802.4,9922.1,7469,8935.8,10579,10585,8212.5,11036,9308.7,12880,17618,11977,11998,11986,9319.9,7824.6,10597,8118.4,9782,9638.7,13723,12118,11163,19478,12087,12747,17136,15312,17617,12699,13051,14491,12611,15663,14091,17383,14411,12386,19079,15783,16389,12641,12759,15093,14489,12360,16730,17948,11804,7630.7,8396.2,17772,18456,20189,21142,20671,17774,16738,15189,12915,8061.9,12544,13113,13110,12647,17419,16663,20316,20836,20979,20001,22160,2709.2,11798,3581.3,4306.6,4655,834.83,7739.3,10135,15087,18129,17921,12958,11686,10042,9867.1,9015.4,9484.6,10099,10888,11661,12547,11742,10348,11319,11986,12067,11357,11049,13389,11699,7985.1,7714.7,8586.4,7931.2,4214,11574,10933,11330,7612.3,7391.7,11037,9135.9,10007,6377,8798.3,9898.3,2079.1,4227.8,5255,12030,9533.8,11099,11097,9950.5,10776,11120,11797,11764,10160,13297,14635,12179,11635,11499,14234,7658.9,8722.1,7520.2,10703,10681,8990.1,10033,7737.3,8917,10936,6938.6,7439.7,5828.3,4759.9,9944.6,10034,12509,14623,15357,605.32,9506.4,9552.1,12387,8638.1,4015.4,10406,15287,15764
8410.7,11147,10925,8579.8,9485.7,10206,9828,15102,15414,16299,14875,15813,9445.9,8097.8,10783,11650,11550,5510.7,10698,9273.9,8299.4,6750.2,11265,9808,12156,17416,11583,12096,10885,9538.1,8363,11346,8243.4,9502.8,9462.8,14894,12110,11407,19961,11908,13099,16582,14720,17440,14698,14355,16519,13713,15042,12792,15623,15272,12962,18573,15370,15388,12678,12559,14119,14368,11989,17754,18049,13863,9203.9,6386.6,16916,18777,21594,21568,23336,19349,15362,14189,12430,8381.3,13461,12936,14136,13139,16630,17239,18294,20997,20106,19771,23791,4890.2,13701,5557.2,7628.6,5815.5,1590.2,8084.5,11321,16041,17392,18350,11075,11159,10189,9983.8,8285.7,9638.8,10931,10746,10293,11949,12033,9960.7,11764,11795,10964,12139,10831,13418,12132,6210.3,7721,7645.6,8535.1,3619.3,10006,9599.3,9246.1,8061.7,6002.9,9151,9109.3,9476.1,6028.3,6229,8444.8,522.92,1898,1650.4,9079.6,9942.4,11462,11733,12353,11146,10605,12162,11137,11641,12165,13741,13314,12400,13703,15725,8111.6,9046.3,8085.5,10787,11053,11183,10624,8451.7,9138.2,11245,8396,7184.4,6937.8,5883.8,9224.5,10544,12684,14814,17171,1885.2,9039.4,9175.9,10837,6623,4750.1,8629.6,15551,15635,8904.1,9815.4,9607.1,8623,8698.7,9388.6,9600,16979,14215,16798,13647,17216,9568.8,9039.4,10225,9836.7,9909.9,7446.5,8962,10600,10620,8185.2,11078,9316.9,12850,17596,11953,11988,12080,9378,7852.7,10595,8135.3,9773,9621.3,13724,12149,11155,19480,12124,12748,17128,15332,17605,12700,13172,14495,12585,15675,14152,17371,14411,12425,19065,15791,16418,12649,12723,14970,14494,12355,16779,17916,11822,7637.2,8338.1,17801,18491,20148,21155,20644,17748,16766,15225,12938,8053.5,12585,13174,13091,12692,17518,16661,20334,20780,21006,20018,22131,2688.6,11819,3598.9,4277.3,4631.6,835.54,7728.5,10093,15094,18116,17909,12949,11652,10046,9881.7,8969,9481,10089,10905,11665,12504,11736,10253,11308,11986,12051,11279,11053,13410,11707,7950.6,7686.4,8571,7883.8,4227.2,11544,10895,11323,7681.2,7407.2,11049,9105.6,9992.6,6362.7,8798.2,9890,2073.8,4211.4,5249.5,12007,9583.6,11113,11079,9946.4,10812,11130,11798,11783,10168,13277,14642,12197,11644,11509,14284,7613.6,8658.8,7579,10725,10678,9013.3,10024,7812.5,9012.3,10864,6955.2,7456.4,5823.5,4722,9957.3,10083,12476,14636,15400,607.74,9546.7,9569.3,12369,8663.6,4019.7,10382,15306,15762
8401.7,11111,10927,8572.9,9480.5,10211,9832.5,15144,15443,16323,14956,15828,9471.5,8094.8,10792,11692,11601,5487.5,10704,9217.9,8284,6751.5,11293,9867.2,12200,17455,11608,12132,10923,9573.9,8315.7,11365,8201.8,9533.5,9431.9,14906,12030,11427,19946,11925,13103,16595,14734,17498,14708,14336,16533,13699,15051,12781,15631,15296,12990,18644,15388,15377,12687,12460,14241,14431,12043,17781,18097,13924,9159.4,6359.2,16940,18814,21571,21602,23344,19299,15375,14201,12411,8350.2,13476,12918,14125,13207,16610,17248,18246,21049,20096,19806,23823,4899.6,13756,5573.9,7658,5829.7,1603.9,8062.3,11335,16063,17415,18333,11093,11177,10250,9967.5,8302.7,9605.9,10983,10747,10275,12000,12026,9927.2,11734,11779,11015,12090,10776,13413,12140,6190.3,7765.2,7675.8,8494,3619.6,9997.3,9645.5,9246.5,8038.7,5984.7,9123.4,9129.8,9476.1,6037.2,6228.1,8461,525.77,1898.1,1652,9089.3,9912.1,11446,11772,12297,11109,10611,12150,11182,11611,12184,13760,13324,12387,13713,15739,8094.4,9085.7,8122.1,10816,11086,11178,10628,8552.8,9068.8,11288,8387.2,7149.3,7098.5,5902.1,9194.2,10490,12723,14808,17157,1905.5,9090.2,9212.6,10840,6608.7,4773.7,8599.1,15581,15668,8899.2,9880.1,9627.4,8609.9,8682.6,9366.9,9625.8,16999,14179,16824,13664,17234,9593,9098,10192,9823.1,9901,7429,8945.3,10642,10597,8156.6,11049,9374.7,12910,17639,11940,12072,12061,9401.7,7841.8,10595,8138.8,9821.6,9680.5,13680,12103,11143,19488,12118,12761,17167,15401,17642,12665,13130,14489,12661,15657,14142,17356,14415,12395,19049,15813,16442,12679,12614,15087,14547,12362,16830,17984,11922,7641.6,8386.5,17808,18424,20227,21176,20664,17726,16792,15247,12994,8058.6,12589,13143,13039,12648,17410,16722,20322,20812,20974,20026,22164,2718.3,11825,3570.1,4282.2,4639.6,834.77,7807.5,10240,15115,18108,17961,12983,11691,10031,9907,9034.8,9530.1,10109,10868,11655,12543,11795,10338,11336,12006,12037,11393,11088,13417,11689,8025.6,7692.1,8571.4,7913,4254.2,11571,10951,11364,7664.1,7423,11012,9133.6,10002,6365.2,8838.7,9908.6,2076.4,4229.6,5272.5,11975,9546.6,11139,11112,9927,10775,11116,11811,11774,10193,13293,14690,12219,11645,11498,14244,7671.1,8683.3,7552.6,10665,10672,9001,10009,7782.8,8969.1,10964,6940.1,7384.4,5810.5,4740.9,9939.9,10017,12512,14641,15394,612.44,9500.2,9685.8,12429,8657.1,4033.6,10420,15342,15804
8393.2,11112,10912,8562.1,9470.1,10194,9832.3,15144,15434,16273,14903,15737,9472.3,8071,10770,11664,11537,5485.3,10710,9210.6,8292.6,6734.9,11268,9864.1,12168,17436,11590,12068,10884,9560,8344.3,11364,8165.5,9489.6,9450.4,14907,12054,11384,19978,11924,13067,16562,14686,17465,14706,14328,16490,13696,15043,12729,15623,15269,12990,18669,15421,15382,12668,12577,14208,14367,11984,17727,18070,13848,9165,6357.1,16886,18828,21566,21558,23336,19293,15348,14119,12358,8300.2,13427,12906,14130,13147,16623,17128,18203,20991,20033,19823,23798,4877.6,13709,5553.8,7658.5,5786,1582,8033.4,11299,16058,17408,18305,11072,11158,10255,9982.6,8325,9611.9,10935,10721,10289,11971,12040,9952.5,11679,11749,10994,12012,10844,13364,12141,6235.1,7719.5,7659.6,8463.8,3615.8,9960.4,9649.4,9238.7,8018.1,6027.9,9105.9,9054.7,9445.9,6023.2,6236.8,8446.8,531.8,1907.6,1652.8,9071.5,9918.3,11411,11728,12299,11115,10622,12139,11198,11610,12152,13715,13290,12375,13713,15727,8095.9,9016.7,8080.4,10784,10998,11143,10673,8510.5,9165.3,11258,8373.3,7120.8,6903.2,5952.7,9227.3,10520,12676,14808,17069,1894.7,9078.7,9180,10858,6613.1,4752.9,8667.8,15543,15596,8904,9902.8,9615.4,8612.2,8700.1,9364.5,9605.5,17012,14205,16849,13660,17292,9593.4,9089.9,10195,9852.7,9885.7,7449.2,8934.8,10570,10570,8144.8,11084,9266.4,12937,17662,11975,12088,12090,9345.1,7848.2,10607,8112.5,9774.2,9642.5,13725,12130,11168,19463,12129,12728,17189,15372,17668,12671,13175,14486,12623,15642,14127,17408,14414,12391,19058,15827,16421,12651,12779,15049,14533,12343,16846,17991,11801,7648,8378.3,17801,18442,20224,21176,20668,17753,16788,15215,12984,8082.8,12609,13136,13021,12580,17358,16732,20289,20845,21007,20043,22176,2721.6,11851,3570.4,4296.6,4652.4,843.72,7829.1,10101,15133,18141,17961,12956,11699,10060,9915.7,8979.1,9505.9,10096,10911,11672,12579,11795,10276,11312,11991,12061,11320,11029,13430,11701,7982.2,7734.5,8584.6,7877.6,4249,11552,10936,11342,7623.4,7385.5,11007,9141,9999.1,6369.5,8827.7,9898.5,2075.4,4234.4,5279.6,11996,9522.6,11140,11126,9977.5,10785,11141,11827,11751,10144,13284,14678,12222,11657,11516,14242,7630.7,8715.2,7550.1,10645,10651,8982.7,10041,7774.5,8995.1,10913,6943.2,7380,5796.6,4748,10011,10010,12518,14607,15393,614.74,9474.1,9609.9,12409,8650.9,4020.8,10412,15278,15817
8414,11103,10899,8569.1,9488.8,10192,9814.7,15134,15409,16307,14884,15757,9482.9,8104.3,10754,11684,11566,5504.6,10651,9211.5,8269.7,6747.2,11280,9776.4,12129,17383,11584,12027,10912,9541.1,8358.4,11355,8208.2,9444.9,9455.9,14915,11974,11400,19969,11928,13049,16535,14709,17442,14703,14344,16490,13665,15027,12724,15618,15264,12982,18663,15392,15350,12701,12535,14209,14407,11975,17714,18045,13844,9160,6352.9,16853,18779,21525,21514,23328,19281,15328,14101,12319,8300.3,13380,12908,14088,13129,16529,17184,18173,20967,20009,19746,23708,4881.3,13661,5559.1,7647.7,5782.5,1562.2,8066.8,11372,16037,17380,18308,11051,11152,10232,9973.2,8283.8,9615.6,10948,10713,10301,11952,12019,9934.8,11629,11750,11007,12093,10789,13375,12158,6211.7,7745,7617.4,8499.2,3623.6,10012,9665.4,9223.6,8067.4,6016.5,9103.9,9059.7,9401.8,6026.9,6222.8,8414.8,523.67,1893.7,1652.1,9046,9942.8,11423,11678,12273,11161,10581,12098,11118,11602,12159,13685,13281,12350,13706,15754,8085,9021.6,8081.2,10730,11015,11174,10622,8497.6,9167.3,11283,8418.6,7170.9,6973.4,5865,9225.8,10454,12642,14769,17039,1869.1,9058.2,9149.2,10838,6603.6,4747.4,8628.5,15531,15649,8922.7,9919.7,9637,8629.5,8731.9,9385.7,9618.6,17025,14185,16867,13734,17298,9636.6,9004.7,10204,9797.4,9899.4,7467.3,8928.3,10527,10488,8174.6,11064,9298,12919,17656,12003,12062,12018,9398.7,7829.8,10602,8158.6,9789.5,9731.6,13788,12127,11172,19481,12130,12775,17181,15335,17690,12760,13171,14467,12562,15684,14128,17400,14424,12408,19108,15835,16418,12688,12815,15059,14458,12358,16783,17973,11840,7603.3,8392.1,17816,18475,20207,21143,20694,17752,16807,15212,12940,8042.5,12567,13142,13134,12614,17425,16679,20293,20893,20997,20064,22163,2697.5,11852,3568.1,4287.3,4642.4,823.9,7772.1,10214,15124,18149,17946,12968,11669,10059,9820.8,9037.6,9524.4,10143,10853,11672,12547,11786,10278,11305,11973,12055,11333,11054,13401,11669,8019.2,7719.1,8613.8,7918,4253.4,11558,10939,11307,7704,7394.8,11006,9120.2,10014,6374.3,8816,9927,2077.8,4229.8,5267.2,11995,9498.8,11113,11135,9935.6,10805,11140,11799,11762,10142,13296,14663,12223,11651,11537,14292,7627.9,8681.4,7531.2,10644,10672,8991.5,10054,7704,9030.5,10949,6924.6,7397.4,5773.7,4715.5,9956.4,9987,12544,14670,15350,605.37,9481.1,9594.7,12408,8654.6,4022.5,10317,15346,15843
8415.5,11111,10921,8578,9493.4,10237,9861.4,15108,15410,16265,14908,15684,9459,8091.1,10741,11647,11556,5497.5,10731,9250.5,8315,6751.6,11283,9807.3,12116,17352,11571,12045,10830,9524.7,8388,11321,8225,9508.1,9416.9,14868,12002,11434,19950,11889,12974,16530,14691,17433,14678,14323,16473,13669,15040,12710,15586,15239,12963,18620,15357,15371,12675,12600,14119,14367,11963,17735,18090,13865,9150.4,6407.8,16869,18784,21528,21540,23331,19317,15268,14128,12358,8312.3,13436,12873,14112,13084,16550,17181,18160,20946,20041,19716,23738,4873.9,13664,5533,7649.1,5792.5,1580.9,8060.4,11271,16027,17301,18321,11053,11155,10207,9963.7,8305.7,9527.3,10932,10746,10243,11967,12001,9949.6,11712,11782,11013,12025,10846,13403,12130,6203.8,7760.9,7650.9,8503.4,3623.5,9980.4,9575.3,9199,8009.5,6010.5,9123.7,9071.3,9400.5,6028.3,6224.6,8418.5,528.12,1889.1,1643,9047.5,9927.6,11432,11653,12293,11131,10570,12120,11119,11604,12176,13680,13277,12355,13682,15746,8100.2,9053.9,8062.5,10822,11010,11164,10595,8512.6,9164.1,11239,8425.2,7233.4,7075.3,5906.7,9217.4,10509,12638,14731,17038,1880.1,9032.5,9142.5,10810,6605.8,4746.5,8623.9,15509,15602,8929.2,9884.6,9612.9,8652.8,8742.5,9384.9,9616.6,17027,14201,16818,13661,17269,9617.9,9066.2,10213,9814.1,9889.8,7485.2,8911.5,10542,10525,8225.4,11066,9285.8,12932,17673,11980,12084,12073,9361.7,7868.1,10611,8175.5,9816.9,9660.5,13762,12112,11184,19503,12121,12745,17177,15350,17693,12773,13187,14476,12588,15652,14130,17409,14400,12463,19081,15796,16457,12698,12813,15052,14474,12350,16765,17967,11895,7610.1,8391,17812,18494,20173,21162,20704,17788,16762,15248,12973,8090,12593,13164,13093,12660,17478,16718,20346,20843,21031,20085,22166,2705.1,11882,3602.3,4302.2,4665.3,821.43,7791.5,10153,15112,18203,17985,12983,11665,10019,9890.7,9060.3,9445.1,10077,10840,11680,12537,11778,10310,11355,12004,12011,11407,11032,13393,11677,8020.7,7711.3,8593.3,7903.5,4235.4,11566,10946,11334,7641,7422.5,11014,9107.2,10021,6381.5,8808.6,9938.5,2065.3,4221.9,5276,12032,9542.4,11121,11148,9923.1,10787,11169,11803,11764,10127,13313,14683,12216,11661,11564,14306,7668.8,8670.8,7594.1,10666,10716,9007.6,10028,7765.9,9032.6,10899,6938.9,7395.2,5804.9,4697.2,9926.3,9988.5,12513,14656,15438,611.13,9507.9,9539.1,12379,8655,4032.3,10414,15324,15788
8411,11093,10885,8550.4,9496.3,10221,9862,15094,15387,16215,14906,15708,9485.2,8067.9,10754,11646,11550,5506.5,10704,9270.6,8347.2,6758.6,11281,9819.1,12124,17393,11555,12091,10841,9540.6,8332.4,11295,8236.8,9452.5,9381.7,14851,11947,11349,19944,11891,13039,16577,14723,17421,14667,14319,16494,13676,15037,12759,15596,15259,12976,18631,15371,15371,12688,12532,14153,14409,11981,17729,18054,13873,9119.7,6382.8,16905,18806,21557,21562,23367,19314,15378,14168,12400,8340.9,13454,12856,14130,13097,16619,17195,18254,20961,20071,19722,23745,4899,13747,5518.9,7629.3,5815,1568.8,8058.4,11323,16043,17320,18260,11102,11135,10211,9991.8,8311.1,9550.1,10921,10719,10250,11969,12035,9901,11696,11747,11005,12066,10793,13403,12153,6218.7,7745.5,7675.9,8461.9,3618.4,9958.6,9552.9,9198.6,8041.3,5998.8,9112.8,9090.7,9424.1,6031.5,6236,8434.6,534.67,1886,1658,9065.8,9928.2,11435,11693,12321,11137,10608,12181,11195,11634,12152,13720,13300,12376,13703,15735,8076.4,9015.6,8119.2,10830,11012,11169,10612,8454.3,9136.1,11238,8409.6,7128.9,6985.8,5853.1,9219.6,10485,12640,14783,17174,1886.3,9083.4,9143.8,10819,6613,4725.2,8549.3,15521,15579,8926.5,9853,9613.6,8636.5,8717.4,9391.2,9639.7,16948,14194,16806,13632,17183,9587.4,9085.6,10243,9796.9,9902.4,7461.3,8901.5,10583,10576,8256.5,11064,9341.1,12889,17685,11934,12059,12153,9371.2,7886.1,10617,8110.1,9717.6,9660.7,13738,12112,11137,19458,12064,12707,17135,15353,17634,12757,13279,14476,12661,15617,14146,17370,14388,12395,19053,15797,16376,12654,12684,14960,14443,12339,16815,18017,11866,7633.8,8388.1,17819,18474,20217,21196,20695,17762,16829,15246,12967,8123,12595,13142,13064,12685,17500,16741,20390,20748,21051,19989,22171,2734.1,11864,3595.7,4274.9,4651.1,823.97,7778,10236,15107,18235,17977,12880,11621,9995.9,9821.7,8989.2,9440.6,10058,10865,11656,12520,11764,10328,11350,11988,11970,11324,11036,13396,11666,7999.3,7757.9,8588.6,7816.7,4228.1,11547,10895,11327,7637,7412,11039,9127.8,10032,6385.6,8818,9924.4,2064.2,4212.8,5267.2,12023,9557.1,11109,11120,9948.6,10767,11164,11816,11804,10159,13256,14675,12223,11658,11578,14248,7595.3,8668.9,7570.7,10687,10676,9005.2,10027,7752.6,8921.4,10901,6945.1,7338,5806.8,4724.4,9924.5,10035,12520,14588,15457,613.49,9526,9538.5,12364,8655.4,3997.9,10404,15300,15813
8393.5,11085,10922,8560.6,9501,10235,9847.1,15089,15382,16235,14872,15759,9458,8085.7,10781,11692,11555,5510.5,10742,9252,8297.3,6750.2,11315,9768.8,12147,17429,11555,12062,10856,9550.7,8370.3,11314,8261.4,9500.1,9505.5,14863,12007,11366,19963,11885,13001,16578,14719,17448,14692,14327,16476,13701,15040,12767,15557,15240,12939,18595,15388,15369,12651,12552,14158,14404,11978,17741,18020,13807,9180.3,6322.2,16939,18831,21544,21557,23328,19305,15352,14102,12314,8262,13411,12900,14112,13029,16581,17181,18237,21006,20056,19763,23764,4893.7,13717,5568.3,7647.8,5824.1,1579.5,8000.9,11282,16030,17368,18345,11046,11109,10223,9963.7,8280.8,9593.3,10941,10699,10274,11916,12009,9881.1,11602,11729,10949,11998,10910,13373,12142,6198.6,7732.1,7677.2,8495.2,3624.2,9963,9607.6,9228.5,8029.9,5986.5,9101.9,9063.6,9448.3,6024.5,6218.2,8439.4,528.9,1886.9,1653.7,9065,9941.7,11417,11717,12284,11142,10602,12128,11097,11626,12144,13729,13281,12396,13714,15740,8148.3,9059.5,8052.8,10766,11021,11204,10611,8524.9,9177.1,11264,8401.7,7182,6919.4,5871.5,9182.1,10449,12526,14786,17110,1903.2,9042.6,9129.8,10821,6608.9,4737.9,8599.9,15557,15596,8884.9,9882.8,9620.6,8615.2,8706.8,9387.1,9597.7,16928,14193,16775,13685,17164,9585.3,9066.9,10218,9820.5,9900.6,7444,8922.5,10584,10559,8241.6,11019,9293.9,12907,17694,11971,12068,12150,9410,7851.8,10616,8172.4,9767.6,9680.9,13796,12129,11164,19414,12039,12725,17136,15361,17628,12753,13249,14483,12573,15646,14127,17345,14381,12391,19032,15797,16394,12639,12645,14989,14460,12315,16808,18022,11820,7598.7,8406.6,17856,18442,20257,21228,20637,17782,16799,15210,12916,8047.9,12617,13108,13074,12710,17465,16650,20371,20811,21007,20007,22158,2705.6,11834,3567.7,4270.8,4639.7,835.33,7729.5,10128,15094,18196,18013,12914,11639,10024,9883.2,9021.3,9448,10078,10876,11696,12513,11783,10325,11298,11973,11965,11332,11000,13388,11647,7983.8,7707.4,8560,7909.3,4215.3,11532,10887,11345,7639.6,7365.6,11043,9119.4,9999.1,6365,8796.8,9923.6,2077.5,4219.5,5258.3,12031,9513.8,11132,11147,9933.1,10770,11149,11804,11784,10177,13270,14628,12235,11680,11573,14223,7629,8684.9,7569.8,10685,10691,8974.3,9988.6,7733.5,8936.6,10893,6941.1,7334.5,5820.5,4707.8,9922.1,9969.4,12446,14665,15408,616.56,9486.6,9544.2,12385,8638.6,4009.7,10339,15308,15803
8414.8,11150,10907,8584.3,9499.1,10226,9822.9,15142,15418,16260,14933,15769,9493.2,8093.8,10772,11670,11552,5512.6,10720,9302.2,8279.1,6709,11213,9812.9,12131,17375,11522,12025,10852,9545.9,8373.4,11278,8201.8,9451.5,9432.8,14877,12023,11408,19980,11901,13020,16601,14705,17472,14701,14372,16479,13694,15054,12745,15596,15293,12954,18676,15402,15399,12712,12416,14204,14432,11958,17693,18000,13803,9163.7,6322.8,16931,18744,21523,21483,23329,19289,15326,14124,12318,8296.5,13416,12893,14109,13082,16576,17178,18275,21008,20102,19767,23725,4889.3,13719,5523,7671.4,5806.8,1568.2,8013.1,11358,16038,17359,18378,11082,11163,10239,9955.9,8324.8,9620.2,10988,10714,10281,11973,12038,9913,11648,11707,10975,12051,10860,13392,12132,6193.8,7762.9,7676.1,8455.2,3620.6,9988.9,9631.6,9233.3,8021.2,6010.8,9119.8,9086.5,9405.3,6033.7,6232,8432.7,527.25,1882.9,1645.6,9062,9975.5,11467,11697,12321,11141,10623,12138,11117,11616,12177,13707,13287,12359,13692,15752,8147.5,9023.8,8066.3,10783,11054,11222,10611,8482.4,9133.9,11232,8403.6,7106.4,6987.8,5914.3,9201.2,10537,12580,14778,17088,1882.7,9046.2,9168.3,10839,6586.5,4742.7,8547.8,15555,15596,8902.5,9892.7,9631.9,8624.2,8716.9,9390.4,9590.5,16991,14202,16851,13680,17233,9601,9048.6,10221,9813.3,9907.8,7442.6,8937.3,10588,10616,8236.9,11046,9321,12914,17635,11924,12035,12070,9353.1,7828.7,10571,8076.4,9716.5,9684.6,13714,12159,11130,19424,12125,12742,17142,15356,17633,12751,13325,14478,12587,15684,14170,17358,14394,12387,19061,15821,16456,12673,12748,15007,14464,12299,16759,17895,11800,7615.2,8356.8,17813,18416,20152,21111,20658,17670,16806,15190,12909,8002.4,12590,13112,13014,12656,17423,16620,20369,20849,20969,20026,22076,2713.6,11766,3574.6,4271.7,4664.1,818.55,7703.9,10174,15081,18124,17941,12972,11677,10021,9875.2,9064.6,9510.3,10078,10884,11670,12502,11770,10332,11276,11975,11985,11415,11069,13399,11663,7999.8,7754.1,8570,7933,4200.8,11523,10933,11330,7661.9,7389.6,11026,9091.1,9971.1,6353.2,8788.8,9890.1,2074.8,4229.1,5270.9,12003,9556.5,11080,11129,9903.4,10809,11129,11799,11775,10199,13275,14657,12210,11625,11513,14256,7676.7,8671.6,7504.8,10672,10704,9023.5,10013,7741.7,8918.8,10860,6940.6,7374.2,5818.6,4707.8,9946.8,10007,12472,14660,15343,607.85,9518.3,9555.8,12391,8654.4,4003,10380,15294,15752
8387.4,11136,10895,8570.1,9484,10214,9842.1,15137,15414,16208,14991,15794,9459.2,8060.5,10786,11675,11546,5509,10725,9212.9,8268.3,6718.6,11263,9797.1,12127,17443,11535,12038,10856,9562.5,8358.3,11314,8180.3,9514.4,9455.5,14928,11985,11380,19991,11916,12953,16588,14724,17449,14680,14324,16525,13698,15027,12740,15617,15270,12953,18672,15393,15419,12686,12423,14160,14377,12006,17748,18020,13807,9149.5,6359.2,16954,18824,21530,21545,23373,19328,15379,14159,12389,8306.7,13443,12901,14168,13116,16617,17177,18298,21004,20095,19767,23779,4909,13783,5572.7,7652.2,5839.2,1585.9,8021.3,11392,16030,17402,18375,11062,11143,10205,9944.4,8241.9,9600.2,10953,10739,10239,11982,12044,9856,11685,11723,10936,12073,10803,13391,12146,6224.1,7773.2,7687.1,8536.9,3633.8,9960.2,9543.2,9224.4,8062.8,6002.1,9115.1,9075,9458.3,6046.1,6235.7,8440,528.97,1885.2,1656.8,9047.8,9928.6,11454,11681,12270,11135,10601,12166,11164,11631,12146,13717,13313,12371,13705,15743,8118,9024.5,8075.6,10751,11000,11173,10607,8495.6,9164,11272,8375.9,7186.7,6779.1,5903.5,9200.3,10498,12656,14852,17150,1918.1,9018.5,9194.3,10799,6610.4,4730.3,8597.4,15574,15622,8906.3,9886.1,9626.9,8605,8703.9,9375.3,9599.2,17004,14182,16802,13624,17257,9587.8,9094.5,10242,9868.2,9898,7460.7,8873.5,10594,10556,8195.4,11045,9287,12861,17610,11930,12028,12050,9370.4,7860.3,10616,8163.2,9791.1,9698.3,13716,12093,11164,19465,12133,12728,17174,15295,17623,12733,13236,14476,12607,15694,14146,17400,14386,12369,19059,15810,16406,12662,12811,14977,14431,12355,16782,17905,11843,7640.3,8336.8,17802,18467,20153,21123,20614,17654,16798,15206,12951,8054.1,12567,13124,13089,12640,17475,16665,20374,20792,20978,20010,22131,2722.5,11797,3579.4,4280.9,4606.7,833.46,7758.3,10226,15061,18148,17929,12943,11631,10018,9888.2,9009.9,9489.8,10074,10849,11624,12510,11741,10321,11295,11992,12027,11299,11057,13403,11666,8007.4,7770.3,8627.9,7858.5,4229.4,11557,10894,11324,7634.1,7359.1,11014,9092.7,9996.7,6355.9,8808.6,9875.8,2077.5,4226.4,5253.7,11982,9543,11074,11076,9972.1,10803,11110,11796,11800,10169,13303,14649,12209,11618,11513,14268,7658.3,8711.5,7587.4,10678,10669,9011.6,10007,7761.7,8980.1,10888,6943.2,7420.6,5754,4727.4,9905.8,10052,12510,14637,15367,607.77,9516.9,9558.8,12348,8656.8,4006,10357,15293,15738
8412.7,11110,10904,8543.4,9510.9,10219,9855.8,15151,15455,16288,15028,15867,9445.9,8109.8,10802,11685,11599,5522.3,10727,9222.7,8291.8,6739.9,11341,9785.9,12146,17480,11598,12084,10926,9570.9,8385.4,11333,8207.8,9513.2,9499.7,14873,12019,11347,19967,11877,12991,16594,14749,17489,14687,14345,16526,13707,15012,12782,15661,15288,12989,18708,15402,15447,12619,12559,14187,14392,11980,17774,18028,13832,9186.1,6340.9,16962,18808,21548,21564,23336,19289,15402,14166,12352,8298.9,13433,12927,14193,13183,16642,17189,18333,21014,20056,19771,23791,4905.3,13734,5582.8,7663.9,5840.2,1578,8055.9,11393,16024,17447,18346,11067,11162,10211,10002,8306.2,9612.3,10950,10726,10309,11966,12032,9909.4,11707,11730,10972,11995,10853,13417,12184,6192.5,7741.6,7655.3,8502.5,3610.6,9971.2,9623.7,9235.8,8048.1,5993.5,9106.8,9066.6,9451.6,6040.8,6217.6,8440,529.83,1899.9,1646.2,9070.5,9944.9,11395,11690,12286,11178,10626,12172,11189,11665,12154,13716,13329,12376,13708,15783,8108.4,9078.9,8108.9,10811,11036,11186,10650,8578.1,9166.3,11252,8398.5,7200.7,6962.4,5909.2,9217.9,10526,12657,14840,17135,1906.6,9020.8,9156.5,10828,6616.7,4744.9,8548.7,15627,15622,8889.8,9895.3,9631.3,8611.4,8686.3,9383.2,9633.7,16985,14182,16798,13687,17226,9567.6,9067.6,10236,9810.8,9897.8,7450.6,8938.7,10577,10568,8201.1,11016,9266.2,12867,17621,11927,12014,12084,9406.1,7846.4,10633,8158.3,9750.6,9741.8,13758,12073,11158,19443,12074,12716,17154,15334,17641,12739,13275,14467,12629,15680,14162,17357,14372,12359,19037,15796,16414,12664,12761,15037,14466,12345,16758,17936,11873,7618.1,8351.1,17815,18429,20156,21137,20671,17688,16804,15207,12941,8050,12597,13149,13128,12732,17467,16708,20376,20796,20997,19988,22112,2711,11863,3559.2,4261.7,4652.2,829.95,7736,10259,15111,18168,17947,12961,11639,10005,9835.3,9018.4,9432.2,10083,10845,11664,12534,11734,10270,11290,11975,11974,11344,11004,13419,11664,7951.2,7739.1,8567.7,7863,4235.8,11563,10892,11339,7600,7371.1,11005,9124.5,9990.9,6354.7,8805.2,9882.9,2075.5,4238.9,5262.9,12007,9540,11084,11105,9947.7,10800,11135,11821,11816,10204,13262,14694,12204,11631,11519,14194,7662.1,8694.8,7568.8,10668,10676,8968.4,10014,7780.2,9062.4,10871,6956.9,7441.9,5789.3,4753.9,9924.9,9994.9,12517,14657,15378,604.67,9565.3,9547.6,12365,8628.6,4011.7,10404,15312,15774
8394.3,11178,10975,8557.8,9493.6,10219,9861.4,15162,15466,16301,14974,15856,9473.6,8093.2,10792,11669,11584,5518.3,10758,9302.4,8316.2,6739.2,11318,9792.3,12134,17393,11599,12019,10873,9536.6,8365.1,11356,8233.8,9497.3,9441.5,14885,12084,11448,20000,11919,13062,16617,14687,17457,14709,14393,16508,13725,15074,12814,15668,15294,13020,18710,15412,15421,12677,12451,14210,14367,11948,17675,18020,13845,9184.3,6338.6,16943,18790,21512,21546,23348,19283,15368,14143,12302,8273.8,13424,12928,14194,13195,16649,17174,18325,21058,20103,19777,23736,4900.9,13699,5542.7,7653.6,5810.5,1579,8060.4,11291,16051,17428,18347,11086,11198,10250,9984.6,8320.2,9613.5,10968,10728,10306,11948,11994,9934.9,11661,11780,11066,12123,10861,13393,12175,6171.8,7729.5,7650.8,8470.6,3625.4,9982.1,9640.6,9251.4,8069.3,5971.8,9134,9069.4,9388.9,6031.6,6202.2,8416.6,532.79,1886,1654.1,9066.3,9969.6,11443,11707,12367,11161,10645,12135,11148,11676,12190,13719,13296,12367,13697,15776,8108.6,9049.4,8079,10796,11082,11194,10653,8569,9109.2,11231,8400.5,7139.5,7031.2,5965.6,9201.2,10502,12594,14865,17106,1901.5,9036.9,9177.9,10837,6584,4727.8,8562.1,15533,15559,8872.1,9906.5,9622.2,8591.8,8665.1,9377.2,9622.9,16977,14151,16802,13634,17239,9566.7,8998,10196,9833.7,9895.3,7455.5,8979.9,10605,10625,8198.7,11114,9265.1,12920,17635,11950,12019,12159,9398.4,7849.3,10600,8106.3,9756.6,9701.5,13733,12118,11190,19468,12094,12726,17132,15348,17643,12732,13262,14482,12648,15702,14206,17305,14357,12413,18971,15777,16444,12645,12739,15046,14535,12328,16743,17940,11823,7638.2,8352.3,17857,18466,20191,21165,20666,17759,16771,15225,12938,8011.4,12571,13152,13074,12730,17461,16662,20400,20798,21002,20037,22141,2687.2,11840,3582.8,4295.1,4635.5,835.17,7741.2,10098,15122,18148,17970,12940,11630,10050,9828.6,9010.2,9468.3,10131,10892,11685,12503,11785,10318,11240,11960,12006,11338,10988,13415,11659,7966.9,7751.2,8569,7863,4232.3,11560,10922,11345,7631,7397.9,11011,9120.6,9969,6390,8789.4,9904.6,2076.5,4244.9,5293,12019,9576,11098,11124,9903.5,10818,11153,11810,11823,10205,13293,14665,12214,11631,11530,14271,7660.6,8698.9,7561.9,10716,10735,8988.1,10063,7747.4,8937.2,10882,6958.6,7368.7,5783.7,4688.2,9946.1,10040,12455,14625,15379,610.49,9518.4,9566.2,12389,8637.5,4026.9,10414,15269,15785
8386.8,11112,10923,8558.4,9490.8,10198,9860.5,15171,15447,16309,14949,15858,9465.7,8032.6,10751,11678,11575,5507.6,10743,9334.2,8332,6721.7,11259,9786.4,12138,17359,11563,12062,10852,9533.4,8328.4,11304,8187.9,9468.9,9442.4,14828,12037,11441,20017,11931,13113,16608,14664,17442,14710,14371,16504,13696,15070,12778,15679,15286,13029,18707,15430,15357,12673,12503,14144,14360,11993,17718,17975,13812,9129.8,6365.8,16902,18748,21510,21566,23312,19278,15352,14165,12333,8309.1,13408,12908,14161,13115,16621,17205,18288,21003,20062,19739,23740,4899.9,13667,5551.3,7655.6,5815.9,1579.2,8049.9,11300,16024,17419,18307,11053,11191,10237,10009,8375.3,9628.3,10964,10727,10267,11965,12018,9910.2,11695,11769,11051,12107,10884,13405,12166,6193.3,7718,7657.2,8507.4,3624.4,9979.1,9548.7,9224.9,8062.2,5998.1,9107,9087.5,9388.4,6035,6223,8427.4,535.68,1892.2,1659.5,9057.2,9982,11451,11712,12358,11153,10625,12158,11147,11681,12195,13701,13257,12343,13651,15786,8066.2,9049.7,8026.2,10838,11051,11201,10655,8519.5,9190.4,11232,8398.8,7146,6908.3,5923.9,9232.3,10557,12647,14779,17153,1902.5,9069,9197.9,10829,6553.4,4742.1,8603.7,15461,15588,8870,9887.3,9628.8,8593.9,8684,9349,9604.8,16991,14174,16836,13665,17278,9582.1,9039.3,10208,9806.6,9892.9,7462.9,8917.3,10625,10671,8218.1,11088,9337.5,12913,17637,11947,12004,12077,9372.3,7833.6,10548,8090.9,9771.7,9644.7,13744,12107,11151,19485,12096,12718,17190,15339,17636,12714,13289,14502,12606,15713,14165,17338,14398,12379,18971,15799,16456,12679,12719,15057,14495,12307,16767,17918,11842,7629.6,8379,17812,18476,20175,21152,20686,17737,16780,15222,12917,8047.3,12559,13148,13212,12781,17477,16693,20367,20834,20990,20047,22132,2703.7,11852,3581.4,4294.6,4631.2,831.71,7709.5,10251,15087,18142,17974,12942,11655,10015,9857,9042.1,9493,10115,10916,11676,12544,11774,10321,11269,11996,12026,11388,11000,13436,11700,7965.7,7736.9,8621.2,7889.2,4225.6,11551,10897,11305,7623.2,7432.1,11008,9104.8,9985.8,6382.5,8782.7,9911,2074.4,4220.8,5274.9,12013,9586.6,11086,11103,9956.3,10796,11140,11808,11812,10210,13294,14653,12212,11608,11527,14309,7650.6,8691.5,7520.5,10748,10717,9009.6,10087,7806,9011.2,10904,6967,7338.5,5784,4667.8,9933.2,10037,12478,14615,15388,615.07,9501.8,9616.2,12382,8625.9,4008.9,10320,15280,15826
8387.2,11094,10923,8550.1,9492.3,10195,9822.6,15147,15438,16307,14922,15872,9447,8025,10762,11675,11574,5492.5,10689,9239.5,8254.2,6700.6,11286,9808.5,12180,17433,11575,12105,10916,9531.7,8339.5,11300,8176,9453.8,9449.7,14861,12034,11400,19999,11876,13008,16599,14727,17479,14721,14355,16526,13681,15049,12785,15690,15296,12994,18690,15402,15409,12647,12582,14143,14407,11933,17740,18057,13835,9100.4,6374.5,16951,18814,21518,21589,23370,19283,15339,14142,12377,8363.6,13441,12906,14139,13090,16640,17216,18313,21008,20116,19775,23778,4891.7,13783,5603.1,7627.7,5803.1,1574,8081.5,11383,16030,17450,18334,11042,11170,10226,9940.2,8268.1,9584.2,10964,10715,10266,11966,12010,9974,11730,11752,11027,12053,10789,13403,12169,6252,7794.1,7688.2,8495.9,3606.5,9965.9,9566.1,9216.5,8032.4,5972.9,9136.3,9077.9,9446.7,6043.7,6243.6,8461,537.97,1897.4,1659.9,9105.3,9941.3,11453,11753,12315,11112,10605,12179,11191,11626,12191,13738,13306,12386,13694,15751,8069.3,9015.7,8064.2,10750,11028,11164,10635,8561.2,9224.2,11252,8364.8,7154.2,6941.9,5913.4,9180.3,10556,12694,14790,17180,1894.6,9044.1,9180,10813,6624.2,4736.2,8623.4,15529,15589,8883.7,9866.4,9626.7,8594.8,8677.1,9326.3,9562.9,17017,14204,16836,13643,17268,9584.2,9007.6,10214,9795.4,9899.7,7434.9,8968.4,10561,10586,8179,11108,9285.4,12907,17647,11966,12065,12112,9355.9,7862.2,10597,8121.6,9772.7,9663.5,13765,12110,11158,19493,12098,12729,17181,15320,17640,12742,13264,14494,12665,15694,14170,17377,14423,12397,19043,15817,16409,12682,12738,15019,14465,12296,16759,17961,11860,7642.7,8386.3,17831,18465,20167,21144,20673,17731,16798,15238,12947,8059.6,12571,13141,13070,12662,17507,16710,20331,20807,20975,20018,22136,2705.8,11824,3575.2,4288.2,4647.6,836.36,7733.8,10160,15103,18207,17959,12978,11674,9996.9,9903.2,9010.7,9459,10070,10857,11638,12516,11717,10316,11352,11967,11941,11291,11035,13452,11727,8037.3,7740.3,8591,7897.7,4220.8,11569,10906,11334,7636.4,7420.3,11057,9129.1,10028,6362.2,8828.6,9905.4,2074.8,4221.8,5262.5,12007,9548.7,11109,11107,9917.1,10768,11126,11834,11810,10186,13278,14678,12222,11634,11555,14299,7674.9,8668.9,7594.3,10679,10699,8987,10045,7749,9006.7,10892,6938.1,7331.4,5786.7,4709.5,9938,10001,12473,14600,15399,612.87,9463.9,9562.6,12389,8642.5,4015.3,10363,15300,15786
8407.6,11154,10915,8549.2,9483.3,10220,9838.2,15123,15401,16280,14947,15750,9470.3,8062.1,10790,11674,11568,5500,10726,9277.6,8276,6688.2,11306,9799.9,12153,17409,11582,12098,10898,9542.9,8370.7,11344,8249.6,9466.6,9455.1,14909,12041,11362,19975,11853,13038,16610,14702,17468,14701,14338,16483,13672,15041,12735,15622,15260,12964,18674,15365,15407,12650,12634,14158,14373,11984,17805,18060,13941,9148.9,6322,16945,18840,21542,21510,23341,19313,15356,14128,12340,8294.1,13391,12900,14090,13168,16611,17185,18223,20996,20079,19761,23771,4899.2,13677,5567.4,7624,5814,1583.3,8065.9,11412,16041,17378,18340,11103,11167,10195,9913.8,8256.4,9589.9,10962,10744,10247,11992,11995,9962.1,11688,11700,10969,12121,10774,13415,12166,6226.2,7757.9,7643.9,8500,3609.5,9961.6,9591,9215.3,8020.5,5978,9105.2,9040.4,9421,6031.3,6235.7,8452.8,527.64,1883.9,1654.2,9088.9,9907.6,11429,11722,12339,11173,10630,12190,11168,11645,12198,13740,13286,12369,13727,15770,8075.5,9034.3,8083.5,10784,11075,11183,10648,8554.1,9140.1,11270,8377,7182.9,6977.8,5928.4,9209.2,10470,12669,14817,17095,1900.3,9022.5,9157.5,10804,6614.3,4745.4,8643.8,15590,15600,8885.6,9919,9607.3,8597.5,8676.4,9370.4,9601.6,16986,14187,16818,13713,17251,9569.5,9089.3,10214,9823.8,9885.2,7464,8945.6,10572,10599,8170.7,11076,9316.1,12896,17706,11956,12103,12094,9370.7,7896,10600,8123.6,9763.8,9660.5,13786,12110,11169,19454,12077,12695,17158,15326,17624,12707,13168,14471,12613,15673,14139,17342,14391,12394,19010,15805,16395,12616,12645,15002,14479,12337,16782,18039,11872,7644.9,8371.2,17842,18464,20241,21183,20698,17797,16767,15233,12973,8040.3,12589,13161,13006,12672,17483,16749,20363,20819,21017,20025,22160,2724.6,11811,3571.5,4300.3,4641.5,832.49,7802.8,10172,15107,18163,17976,12952,11669,9997.4,9857.8,8992,9458.9,10053,10891,11651,12515,11736,10247,11348,12007,11961,11252,11045,13475,11735,8044.7,7751,8582.4,7879.2,4213.9,11532,10900,11339,7683.1,7375.1,10979,9163,10031,6359.5,8827.3,9902.4,2090.7,4247.3,5279.7,11993,9550.9,11148,11160,9927.4,10782,11147,11822,11804,10189,13303,14698,12223,11657,11556,14284,7673.9,8674.5,7525.4,10664,10756,9013.6,10071,7763.4,8947.5,10853,6943.8,7411.6,5800.5,4749.1,9921.2,9969.1,12582,14652,15373,616.75,9502,9537.1,12383,8673.9,4016,10376,15276,15808
8389.8,11135,10913,8563.1,9483,10196,9857.8,15116,15386,16263,14958,15801,9448.4,8081.6,10772,11694,11593,5499.8,10722,9305.5,8286.3,6702.4,11305,9779.8,12161,17455,11597,12080,10932,9558.5,8377.8,11361,8231.5,9480.5,9585.5,14874,12046,11374,19930,11849,13026,16589,14700,17497,14692,14313,16518,13716,15051,12766,15642,15254,12941,18623,15343,15321,12670,12527,14082,14409,12012,17747,18062,13820,9215.9,6328.3,16921,18850,21591,21649,23401,19352,15344,14167,12396,8363.3,13438,12910,14105,13109,16630,17222,18235,21020,20107,19775,23782,4921.8,13731,5622.7,7668.6,5822.8,1601,8100.1,11349,16043,17426,18371,11075,11178,10211,9927.8,8279.2,9632,10947,10737,10256,11982,11986,9956.3,11677,11750,10967,12051,10881,13416,12167,6241.9,7755.8,7660.6,8511.8,3614,10006,9574.4,9222.7,8017.6,6026.7,9114.3,9092.5,9449.1,6037.4,6229.3,8455.9,525.98,1892.8,1656.5,9079.3,9921.1,11428,11766,12345,11174,10624,12187,11198,11648,12195,13744,13316,12377,13736,15774,8122.4,9070.1,8077.7,10792,11075,11167,10629,8590.6,9138,11283,8382.6,7193.3,7108.5,5928,9171.1,10525,12656,14813,17155,1882,8990.2,9140.4,10815,6596.7,4737.6,8616.8,15571,15594,8876.6,9921.7,9627.4,8591.6,8683.3,9373.2,9603,16988,14225,16831,13677,17265,9548.6,9085.5,10209,9833.7,9931.8,7446.2,8941,10576,10567,8194.9,11109,9282.6,12913,17665,12017,12109,12118,9357,7881.1,10574,8214.7,9781.6,9694.1,13747,12059,11168,19456,12074,12682,17160,15283,17642,12745,13262,14496,12637,15679,14192,17348,14382,12406,19001,15768,16386,12667,12680,14987,14487,12365,16821,17999,11888,7672.4,8401.9,17829,18507,20256,21230,20715,17762,16789,15209,12990,8070.5,12619,13134,13008,12641,17486,16779,20356,20819,21076,20037,22185,2721.6,11866,3575.6,4291,4665.2,837.72,7809.8,10197,15110,18174,18006,12950,11669,10016,9858.3,9056.9,9421.1,10091,10873,11635,12490,11744,10216,11331,11989,12029,11279,11085,13423,11701,7928.8,7718.4,8587.5,7865.1,4205.5,11523,10921,11340,7636.8,7333.9,11024,9163.9,10035,6371.2,8802,9926.6,2079.9,4248.4,5285.7,11990,9544.5,11142,11170,9950,10783,11131,11814,11813,10155,13288,14660,12233,11675,11549,14279,7672.6,8685.1,7510.2,10691,10751,9004.1,10040,7804.6,8983.7,10847,6939.2,7393.8,5828.7,4747.9,9933.3,9989.7,12516,14624,15403,611.46,9551.1,9556.2,12363,8667,4033.9,10425,15257,15776
8385.6,11127,10902,8524.7,9469,10200,9850.9,15088,15396,16296,14905,15795,9423.2,8070.9,10752,11660,11531,5507,10677,9348.3,8288.5,6706.6,11314,9794.3,12206,17447,11585,12104,10905,9571.2,8343.4,11332,8229.2,9538.3,9559.8,14790,12078,11353,19965,11863,13008,16612,14644,17481,14713,14291,16472,13724,15040,12716,15605,15268,12947,18593,15389,15385,12652,12522,14172,14300,11977,17721,18079,13835,9199.2,6405.2,16953,18846,21633,21637,23444,19305,15359,14143,12420,8367.7,13489,12894,14043,13076,16453,17188,18231,21006,20069,19712,23846,4911.3,13786,5592.6,7661.4,5803,1601.1,8098.9,11270,16020,17397,18382,11044,11160,10211,9970.4,8297.7,9612.2,10947,10743,10297,11981,12001,9980.7,11629,11726,10992,12045,10915,13384,12177,6183.5,7732.1,7639.5,8522,3600.6,10046,9567.5,9234.2,8015,5989.9,9146.5,9120.3,9480.8,6051.6,6235.9,8487.8,532.71,1889.7,1643.8,9088,9890.7,11466,11811,12342,11140,10599,12158,11144,11614,12181,13768,13333,12418,13737,15725,8056.4,9013.3,8066.4,10790,11065,11158,10668,8453.5,9180.1,11259,8370.8,7185.5,7003.5,5949.3,9150.9,10528,12641,14826,17163,1894.1,9046.4,9115.7,10780,6585.8,4767.6,8611.7,15510,15570,8881.1,9916.2,9659.4,8582,8676.6,9366.1,9587.8,16977,14183,16844,13625,17300,9550.8,9116.5,10218,9766.5,9865.3,7444.8,8905.6,10564,10573,8177.3,11086,9254.6,12927,17709,11985,12122,12085,9405.9,7855.8,10673,8168.2,9814,9698.3,13720,12105,11138,19425,12085,12719,17161,15273,17629,12705,13239,14480,12542,15653,14119,17355,14404,12422,19035,15783,16421,12680,12727,15018,14443,12373,16768,17961,11879,7618.1,8361.3,17845,18515,20261,21249,20747,17788,16764,15237,12981,8096,12597,13147,13017,12706,17463,16735,20341,20806,21016,20058,22215,2729.8,11838,3590.9,4289.4,4666.1,832.94,7769.1,10211,15050,18157,18033,13002,11666,10021,9837.9,9011.2,9473.4,10105,10883,11575,12531,11745,10330,11319,11998,11997,11247,11043,13414,11666,7973.8,7730.2,8584.9,7889.9,4222.5,11539,10905,11359,7655.5,7391.9,11040,9152.1,10039,6371.4,8834.8,9926.4,2078,4243,5290.5,12022,9521.5,11158,11170,9976.5,10786,11140,11785,11767,10179,13275,14664,12238,11681,11571,14260,7653.2,8645.9,7526.6,10674,10725,8982,10043,7797.5,8972.1,10970,6954.7,7395.5,5798.3,4762.4,9932.4,9966.4,12482,14613,15391,615,9531.7,9552.8,12383,8675.6,4040.1,10346,15233,15751
8391.1,11107,10907,8575.1,9460.1,10193,9810,15083,15403,16255,14835,15661,9430.7,8050.2,10748,11627,11512,5499.9,10653,9262.7,8233.9,6695.6,11265,9819.1,12214,17411,11596,12100,10871,9562.2,8328.1,11299,8229,9544.9,9499.9,14832,12054,11346,19986,11902,13015,16561,14640,17439,14667,14294,16462,13657,14988,12681,15552,15248,12951,18530,15366,15388,12637,12518,14156,14356,11938,17754,18078,13858,9155.5,6358.7,16950,18879,21581,21592,23381,19360,15276,14126,12396,8331.7,13477,12884,14072,13110,16537,17212,18140,20949,20017,19693,23825,4897.7,13707,5599.8,7631.7,5826.1,1615.6,8071.1,11256,16004,17357,18377,11087,11128,10229,9938.8,8245.7,9578.9,10919,10722,10301,11980,12003,10033,11684,11722,10968,12036,10838,13390,12142,6216.2,7752.8,7650.7,8512.5,3605.9,10004,9586.2,9253.7,8063.7,5970.2,9134.7,9091.7,9465.9,6042.4,6238,8471.8,526.9,1892,1652.1,9096.7,9892.3,11491,11802,12236,11166,10549,12129,11132,11546,12168,13760,13337,12383,13732,15710,8079.6,9007,8063,10765,11005,11175,10673,8509.1,9134.3,11262,8369.1,7180.4,7013.1,5925.6,9218.3,10436,12603,14742,17057,1872.8,9061.9,9156.4,10836,6570.3,4750.3,8640.6,15528,15617,8905.7,9895.9,9637.1,8610.1,8705.5,9360.9,9579.9,16994,14195,16813,13600,17255,9587.6,9070.7,10220,9815.9,9900.6,7457.4,8922.6,10579,10506,8178.2,11053,9317.8,12965,17713,11987,12110,12068,9383.2,7805.2,10673,8202,9798,9748.2,13718,12094,11139,19436,12090,12713,17135,15306,17648,12669,13092,14464,12596,15634,14085,17405,14422,12402,19050,15786,16378,12639,12679,15039,14434,12351,16771,17987,11781,7612.4,8397.5,17868,18455,20285,21236,20757,17820,16705,15237,13000,8076.2,12591,13162,13095,12589,17423,16745,20324,20777,20984,20054,22191,2717.1,11844,3584.2,4286.2,4671.9,839.24,7777.6,10151,15057,18183,18019,12974,11696,10006,9866.1,9033.2,9486.2,10112,10846,11631,12530,11755,10264,11307,12034,12001,11375,11013,13422,11667,7974.6,7738.4,8621.9,7917,4219.8,11580,10892,11379,7668.4,7408.1,10971,9176.6,10031,6388.2,8850.1,9939.2,2082.2,4238.2,5278.8,12036,9522.6,11154,11168,9941.2,10785,11131,11795,11762,10152,13228,14663,12230,11671,11568,14264,7655.2,8699.1,7549,10696,10735,8988.3,10057,7750.9,9008.4,10948,6959.2,7413,5850.9,4748,9943.5,9992.2,12496,14672,15382,613.97,9473.3,9558.1,12362,8668.7,4034.7,10428,15276,15802
8399.1,11116,10957,8563.5,9495.3,10208,9835.9,15107,15410,16271,14940,15718,9476.5,8069.1,10753,11618,11554,5489.1,10676,9219.6,8223,6687.3,11289,9774.4,12182,17402,11591,12080,10871,9565.3,8340.7,11320,8235.1,9511.9,9476.8,14882,12058,11351,19947,11874,13002,16531,14681,17462,14679,14256,16422,13638,14985,12685,15573,15219,13010,18577,15366,15373,12673,12710,14190,14370,12021,17762,18076,13943,9179.3,6389.5,16966,18817,21598,21573,23342,19367,15272,14133,12386,8329.9,13424,12879,14058,13109,16554,17245,18170,20964,20033,19748,23831,4876.4,13715,5602.1,7636.6,5831.6,1592,8059.9,11284,16014,17351,18352,11123,11146,10227,9930.6,8275.7,9626.6,10960,10752,10295,11985,12042,9975.2,11691,11775,10958,12093,10841,13367,12137,6229.5,7742.4,7662.5,8512.7,3603.1,9991.5,9624,9228.2,8075.1,5989.4,9114.2,9072.4,9436.5,6033.9,6235.8,8457.6,526.78,1893.3,1648.5,9105.1,9899.5,11471,11748,12307,11127,10566,12133,11090,11598,12131,13749,13310,12394,13718,15743,8114.6,9048.6,8142.8,10765,11012,11150,10670,8541,9164.7,11271,8366.7,7166.2,6992.2,5933.7,9245.5,10445,12695,14798,17047,1879.9,9034.9,9133.2,10825,6574.3,4760.7,8608.5,15520,15661,8914.4,9893.1,9634.1,8619.7,8695.9,9359.6,9585.9,17000,14219,16797,13648,17315,9590,9121.8,10182,9782,9897.6,7435.9,8920.1,10518,10544,8198.6,11079,9312,12934,17680,12020,12074,12023,9387.8,7835.3,10607,8149.8,9791.6,9660,13733,12097,11154,19454,12106,12732,17135,15331,17650,12661,13058,14439,12572,15654,14081,17382,14391,12427,19006,15769,16409,12632,12828,15102,14460,12409,16775,17956,11850,7576.6,8392.8,17830,18452,20288,21198,20764,17834,16745,15221,12990,8090.7,12531,13162,13043,12686,17425,16760,20313,20839,21010,20023,22144,2709.4,11815,3578.7,4310.5,4670.3,839.74,7834.9,10132,15052,18145,18015,12957,11685,10011,9847.1,9035.4,9455.7,10069,10896,11677,12544,11747,10316,11257,12022,12039,11382,11069,13375,11671,7993.6,7678.1,8629.5,7861.1,4261,11578,10939,11367,7598.7,7363.5,11043,9162.4,10035,6379,8824.3,9925.1,2081.8,4236.5,5261.8,12014,9490,11158,11171,9975.8,10776,11110,11783,11763,10149,13273,14676,12223,11629,11541,14256,7624.4,8703.3,7510.6,10653,10728,8955.5,10042,7745.4,8992.8,10924,6935.3,7370.1,5764.9,4753,9923.1,9960,12506,14664,15381,610.79,9526.1,9569.2,12430,8659.2,4034.2,10394,15313,15792
8392.7,11042,10914,8567.1,9486.6,10192,9812.2,15101,15431,16212,14928,15719,9468,8078.3,10740,11627,11555,5479,10700,9215.1,8301.2,6702.9,11276,9807.9,12161,17443,11554,12045,10843,9521.5,8332.6,11341,8196.3,9473.7,9460.1,14890,12003,11429,19936,11879,13067,16577,14656,17443,14669,14290,16443,13652,14992,12713,15568,15257,12965,18640,15341,15372,12664,12654,14252,14409,12007,17756,18083,13810,9158.9,6346.6,16922,18813,21584,21506,23361,19347,15315,14143,12389,8333.5,13414,12922,14074,13045,16561,17164,18162,20949,20059,19792,23856,4896.8,13715,5579.9,7630.3,5799.7,1602.8,8073.4,11282,15990,17288,18345,11057,11169,10232,9955.8,8300.2,9618.7,10964,10733,10243,11952,12028,9940.2,11651,11750,11002,11990,10846,13391,12132,6206.1,7739.4,7665.8,8504.9,3609.4,9986,9615.2,9218.3,8041.3,5998.7,9129.6,9111.6,9425.4,6037,6227.6,8420.2,530.57,1892.4,1645.3,9060.8,9898.7,11448,11720,12349,11140,10596,12126,11157,11598,12118,13728,13247,12365,13709,15719,8083.5,9049.7,8074,10772,11031,11137,10620,8462.2,9132.4,11293,8377.2,7139.9,6980.3,5954.2,9181,10557,12614,14784,17074,1901.4,9022.8,9160.5,10827,6604.7,4742.4,8550.3,15528,15626,8911.6,9821.2,9635.5,8621.7,8706.2,9371,9608.2,16948,14174,16810,13598,17244,9611.5,9109.4,10216,9770.5,9859.3,7429,8871.5,10558,10529,8201.4,10966,9314.9,12923,17703,11972,12046,11999,9373.8,7843.4,10637,8163.3,9794.4,9701.3,13720,12149,11181,19431,12051,12697,17064,15334,17634,12664,13041,14418,12587,15655,14081,17325,14338,12365,18997,15777,16382,12688,12757,15046,14458,12391,16846,17977,11821,7647.5,8420.1,17853,18492,20290,21194,20793,17843,16794,15219,12989,8061.5,12621,13178,13046,12600,17447,16695,20389,20897,21033,20080,22192,2713.1,11859,3580,4292.1,4646.4,837.78,7805.5,10184,15072,18136,18016,12911,11674,10012,9889.2,9047,9467.1,10101,10896,11681,12501,11773,10306,11272,11993,12058,11275,11044,13354,11652,7953.3,7695,8602.6,7864.7,4225,11562,10895,11359,7646.7,7355.8,11063,9168.1,10021,6373.9,8838.9,9912.8,2083.1,4226.9,5249,11979,9520,11130,11124,9896.6,10776,11134,11783,11750,10135,13269,14647,12219,11646,11514,14182,7657.7,8690.8,7523.9,10653,10659,8959.5,9952.3,7794.8,9004.9,10931,6943.8,7369.1,5816.2,4734.1,9934.8,10032,12517,14661,15394,602.03,9547.1,9581,12388,8661.4,4035.8,10336,15309,15827
8391.9,11066,10909,8546.1,9473.3,10191,9809,15148,15414,16288,14924,15766,9451.4,8051.4,10688,11659,11496,5487.4,10651,9210.4,8250.5,6742.2,11254,9810.9,12195,17492,11537,12108,10873,9493.2,8292,11329,8207.5,9489.8,9468.3,14872,12000,11376,19959,11883,13121,16569,14694,17476,14683,14306,16487,13687,15004,12698,15628,15276,12984,18690,15359,15369,12680,12440,14200,14414,11973,17686,18062,13830,9153,6374,16917,18868,21548,21578,23343,19303,15340,14111,12389,8317.5,13439,12881,14129,13091,16527,17174,18232,20997,20068,19774,23859,4917.5,13680,5563.6,7660.3,5793.5,1599,8041.5,11336,15999,17400,18384,11098,11151,10288,10011,8338.7,9605.4,10950,10750,10277,11971,12029,9919.1,11637,11727,11031,12088,10797,13389,12154,6206.8,7710.8,7677.5,8442.2,3612.6,9978,9594.1,9221.1,8017.5,5982.4,9095,9092.2,9458.3,6037.8,6221.4,8438.6,523.34,1885.2,1655.8,9074.9,9885.3,11476,11760,12301,11095,10548,12126,11129,11581,12140,13738,13269,12397,13709,15695,8068.4,9023.8,8071.7,10691,11025,11128,10591,8456.8,9147.8,11201,8373.3,7121.4,6974.8,5926.3,9159,10495,12574,14794,17030,1899.1,9072.8,9160.1,10820,6587.6,4738.3,8614,15475,15578,8903.4,9924.1,9628.3,8605.4,8708.1,9344.2,9560,16962,14167,16795,13605,17235,9606.5,9037.1,10206,9783.1,9865.6,7431,8865.1,10549,10535,8170.3,10976,9299.4,12903,17711,11989,12061,12049,9394.1,7843.2,10597,8155,9836.3,9649.6,13713,12098,11114,19443,12043,12683,17115,15301,17673,12733,13160,14437,12584,15654,14091,17312,14368,12389,19014,15772,16362,12614,12802,15073,14452,12329,16834,17976,11814,7600.7,8417.8,17844,18471,20238,21201,20748,17816,16812,15193,12992,8069,12602,13178,13052,12660,17454,16715,20388,20865,20995,20109,22216,2720.9,11891,3580,4298,4625.8,838.32,7790.5,10059,15070,18169,18011,12941,11658,10015,9822.3,9015,9501,10135,10893,11649,12534,11772,10308,11263,11991,12050,11344,11032,13341,11648,7958.5,7735.3,8570.8,7856.4,4242.9,11559,10905,11356,7630.1,7360,11060,9144.1,10022,6382.2,8840.4,9913.4,2069.4,4232.3,5249.6,12003,9521.4,11162,11149,9924.4,10751,11124,11796,11749,10123,13292,14647,12225,11639,11528,14201,7624.3,8670.6,7601,10648,10688,8932.4,9973.3,7742.3,9013.8,10903,6936.2,7394.6,5818.7,4734.2,9913.2,10010,12478,14658,15388,602.78,9506.4,9590.7,12377,8677.4,4019.9,10344,15289,15822
8394.8,11069,10900,8546.8,9454.2,10169,9781.1,15142,15415,16309,14950,15774,9449.8,8092.5,10712,11616,11516,5481.2,10648,9172.1,8227.3,6644.8,11220,9822.2,12204,17412,11555,12076,10840,9552,8346.8,11357,8246.5,9472.3,9547.3,14808,12076,11353,19990,11856,13034,16567,14688,17430,14656,14240,16482,13667,14996,12666,15658,15244,13011,18712,15375,15397,12630,12640,14155,14321,12035,17706,18040,14012,9192.6,6366,16974,18804,21552,21584,23299,19337,15335,14106,12382,8346.2,13473,12898,14064,13133,16587,17233,18137,20967,20047,19708,23838,4911.3,13721,5570.5,7666,5840.7,1589.9,8071.1,11310,15986,17372,18357,11084,11145,10235,9956.4,8263.4,9615.4,10945,10742,10270,11951,11999,9909.3,11670,11731,11016,12052,10715,13353,12175,6211,7734.9,7685.9,8480.1,3598.7,9969.8,9616,9225.9,8038.1,6008,9102.3,9063.5,9477.2,6023.3,6227.4,8463.1,527.95,1889.7,1644,9063.9,9879.8,11464,11743,12258,11141,10530,12136,11133,11600,12118,13742,13304,12408,13699,15740,8088.4,9070.2,8043.7,10738,10992,11143,10586,8521.3,9174.4,11217,8376.4,7192.4,7053,5974,9196.7,10433,12631,14803,17049,1891.9,9074.9,9158.9,10811,6591.9,4755.3,8537.9,15500,15617,8900.2,9858.9,9579.9,8611.8,8695.4,9341,9562.4,16989,14195,16814,13620,17220,9605.9,9075.6,10209,9802.2,9873.5,7431.6,8906.9,10531,10564,8188,11058,9277.5,12898,17692,11949,12056,12019,9370.2,7865.3,10632,8149.5,9798.9,9641.8,13728,12066,11168,19447,12075,12699,17106,15294,17656,12726,13166,14437,12544,15659,14103,17326,14412,12416,19040,15763,16382,12620,12665,15026,14471,12369,16831,17929,11845,7625.8,8400.3,17864,18467,20228,21210,20729,17834,16789,15239,12981,8088.5,12601,13127,13008,12664,17469,16774,20351,20788,21046,20093,22198,2704.9,11850,3598.8,4277.8,4646,835.51,7818.4,10049,15044,18158,18042,12979,11630,10007,9866.9,9046.4,9462.8,10100,10875,11702,12513,11760,10295,11298,11992,12102,11402,11019,13370,11651,8027,7725,8626,7898.4,4242.1,11582,10922,11313,7584,7394.4,11029,9125.1,10011,6387,8841.5,9930.7,2076.3,4227.3,5246.5,12009,9493.1,11159,11166,9936.8,10771,11125,11773,11755,10127,13260,14667,12232,11683,11556,14226,7663.3,8635,7586.7,10668,10684,8968.3,10013,7788.6,9062.6,10883,6934.6,7402.5,5834,4738.7,9938.5,10065,12507,14688,15451,612.95,9516,9566.4,12372,8682.6,4023.7,10411,15288,15775
8384,11049,10898,8551.9,9471.5,10151,9790.8,15113,15398,16294,14938,15813,9453.5,8083.3,10711,11609,11509,5479.4,10653,9136.5,8239.7,6650.1,11221,9749.3,12182,17439,11583,12073,10794,9527.9,8345.6,11302,8246.7,9517,9532.1,14853,12037,11311,19981,11865,12991,16574,14682,17411,14654,14212,16434,13621,14975,12633,15580,15198,12967,18587,15376,15329,12619,12483,14167,14378,12041,17767,18070,13933,9202.6,6390.3,16993,18827,21564,21522,23334,19349,15294,14119,12414,8353.1,13468,12875,14064,13035,16538,17238,18131,20995,20071,19726,23830,4907.8,13737,5577,7646.9,5828.8,1579.7,8051.5,11327,15968,17309,18372,11064,11135,10198,9928.3,8253.7,9570.6,10928,10705,10254,11939,12000,9899.1,11657,11737,10969,12072,10751,13350,12119,6202.6,7747.5,7657.9,8498.5,3624.9,9979.2,9556.9,9212.7,8039.3,6039.8,9142.8,9091.5,9464.2,6035,6239.9,8444.2,529.95,1895,1647.6,9046.6,9884.1,11432,11715,12248,11104,10528,12103,11137,11577,12097,13735,13283,12433,13711,15677,8139.9,9060.7,8066.6,10716,10985,11108,10613,8496.9,9153.2,11252,8356,7161.4,7077.3,5925.5,9126.2,10528,12673,14859,17107,1903.6,8987,9101.5,10752,6617.7,4762.7,8559.7,15536,15634,8895.3,9825.4,9566.1,8598.9,8674.3,9338.2,9552.7,16975,14219,16777,13622,17219,9575.9,9094.6,10202,9800.1,9860.1,7395.8,8914.3,10473,10439,8150.7,10961,9323.7,12901,17711,11923,12085,11981,9395.3,7901.2,10715,8146.2,9820.6,9732,13734,12158,11143,19419,12087,12745,17099,15343,17628,12658,13047,14437,12558,15637,14045,17372,14389,12383,19055,15774,16393,12633,12791,14992,14418,12402,16809,17943,11887,7653.6,8398.2,17868,18458,20253,21223,20730,17866,16801,15203,12989,8099,12607,13118,12996,12646,17448,16768,20397,20860,21011,20095,22218,2720.4,11865,3595.6,4287.3,4647,849.59,7782.9,10084,15034,18176,18060,12914,11613,9987,9892.3,8956.6,9425.6,10075,10889,11670,12486,11736,10294,11316,11989,12007,11334,11038,13368,11636,8005.1,7694.2,8609.4,7872.1,4229.5,11588,10882,11362,7631.1,7368.9,11054,9159.3,10040,6404.8,8845.3,9919.5,2083,4211.1,5234.4,11989,9466.8,11162,11142,9908.4,10735,11121,11778,11730,10129,13254,14616,12226,11707,11539,14200,7674.2,8666.6,7574.8,10579,10629,8938,9961.9,7760.4,9016.4,10942,6905.5,7471.5,5810.6,4748.1,9949.7,10003,12459,14698,15393,612.94,9509.3,9542,12332,8681.4,4028,10414,15328,15848
8393.9,11097,10916,8566.1,9475.9,10215,9843.4,15119,15425,16249,14903,15739,9448.2,8078.1,10735,11655,11542,5469.7,10673,9201.1,8266.6,6667.8,11321,9801.9,12144,17436,11577,12108,10850,9559.6,8352.8,11323,8244.6,9557.1,9546.6,14862,12072,11380,19972,11875,13003,16541,14661,17431,14657,14257,16452,13664,14993,12672,15520,15239,12974,18548,15366,15439,12659,12483,14169,14372,12014,17741,18034,13951,9198.9,6355.8,16930,18828,21577,21548,23330,19325,15311,14176,12335,8301,13429,12892,14122,13089,16586,17178,18231,20976,20038,19734,23781,4878,13640,5546.8,7629,5808.6,1580.4,8054.4,11301,16004,17292,18376,11083,11138,10194,9983.5,8295.2,9559.7,10939,10694,10261,11931,12038,9972.6,11674,11739,10964,12057,10844,13355,12131,6203.2,7733.6,7677.6,8521.7,3617.1,10021,9626.8,9220,8052.3,5984.5,9125.5,9089.8,9449.6,6041.5,6233.6,8431.8,525.12,1894.1,1643,9054.5,9907.1,11435,11762,12299,11161,10566,12122,11163,11622,12126,13700,13254,12392,13724,15719,8134.3,9099.2,8055.3,10753,11029,11170,10626,8573.1,9132.2,11291,8382.2,7191,6994,5873.2,9127.7,10542,12590,14781,17046,1897.3,9018.7,9159.7,10792,6601.9,4746.1,8596.9,15527,15675,8899.2,9903.2,9617.7,8602.2,8689.1,9361.2,9578.7,16961,14184,16792,13615,17239,9577.4,9071.9,10231,9800.4,9869.6,7436.7,8936,10548,10490,8173.5,10948,9296.8,12888,17707,12003,12123,12100,9368,7877.2,10675,8188.4,9870.1,9742.4,13764,12085,11157,19421,12088,12690,17090,15314,17622,12667,13028,14444,12579,15673,14083,17344,14385,12378,19021,15783,16395,12688,12734,15048,14461,12392,16826,17983,11913,7680.5,8352.8,17851,18507,20285,21242,20733,17876,16737,15201,12953,8044.7,12594,13118,13156,12729,17489,16698,20389,20852,21011,20098,22244,2718.3,11906,3583.9,4267.9,4631,834.19,7776.4,10222,15055,18197,18038,12961,11624,10022,9857.4,8956.7,9451.2,10110,10845,11639,12541,11752,10327,11328,12004,11993,11285,10982,13379,11655,7958.5,7744,8597.9,7915.9,4229.9,11567,10919,11382,7683.4,7409.5,11037,9136.9,10032,6397,8872,9914.3,2087.9,4226.6,5277.5,12009,9511.8,11175,11168,9938,10771,11133,11791,11790,10113,13285,14644,12222,11719,11564,14222,7643.8,8761.5,7588.8,10642,10679,8979.5,9967,7777.2,9100,10868,6949.1,7411.3,5824.5,4721.1,9907.8,9958.7,12514,14729,15349,611.2,9545.1,9603.2,12373,8699,4034,10429,15300,15850
8387.7,11086,10916,8546.1,9475.1,10193,9812.5,15145,15449,16308,14909,15738,9444.6,8113.9,10751,11637,11561,5486.6,10732,9204.3,8288.6,6705.5,11297,9823.4,12124,17411,11556,12102,10839,9541.9,8351.6,11368,8221.5,9480.4,9471.5,14895,12067,11366,20008,11876,13085,16558,14677,17459,14670,14275,16470,13672,15012,12719,15594,15293,13019,18651,15336,15420,12682,12609,14193,14285,11990,17689,18030,13894,9202,6349.9,16918,18810,21507,21534,23309,19293,15307,14132,12330,8270.3,13364,12903,14137,13113,16558,17192,18272,20987,20040,19781,23724,4898.6,13644,5563.8,7621.3,5800.7,1570.6,8022,11285,16028,17360,18318,11097,11154,10236,9962.9,8313.8,9574.4,10968,10770,10299,11981,12007,9924.3,11601,11755,11008,12098,10891,13414,12147,6193.2,7776.4,7664.4,8503.9,3615.7,9970.6,9655.8,9228.3,8041.2,5972.1,9103.5,9071.2,9413.2,6012.6,6216.2,8432.9,532.99,1879.1,1648.1,9063.5,9916.2,11435,11741,12302,11122,10589,12170,11136,11644,12170,13705,13259,12378,13720,15767,8059.9,9053,8111,10747,11064,11147,10639,8427.2,9114.1,11230,8364.3,7144.2,6869.9,5936,9212.4,10569,12629,14796,17056,1898.6,9086.5,9204.6,10826,6597.9,4739.6,8556.5,15528,15599,8891.2,9856.8,9570.8,8602.2,8685.1,9351.3,9578,16972,14174,16825,13615,17219,9592.5,9083.4,10187,9826.4,9904.5,7442.9,8901.2,10536,10536,8201.7,11047,9287.4,12874,17680,11986,12038,12071,9386.3,7863.4,10634,8168.7,9805,9702.8,13770,12077,11165,19442,12093,12724,17096,15331,17620,12691,13142,14449,12595,15644,14124,17351,14375,12376,19045,15795,16410,12669,12680,15018,14466,12399,16789,17969,11848,7643.1,8358.9,17838,18464,20248,21179,20686,17829,16793,15211,12912,8030.1,12555,13152,13029,12785,17445,16679,20399,20846,21062,20020,22174,2726.4,11873,3564.3,4272.8,4672.5,840.17,7744.9,10148,15074,18174,17987,12954,11635,10029,9829.9,9011.5,9468.1,10097,10870,11664,12538,11774,10337,11285,12029,12064,11326,11064,13379,11638,7954.8,7739,8582.3,7907.6,4212.4,11546,10939,11344,7673.9,7388.4,11070,9117.6,10007,6386.2,8804.4,9908.6,2083.5,4235.8,5274.2,12004,9520.3,11096,11116,9929,10792,11152,11807,11810,10145,13295,14662,12212,11668,11546,14241,7630.3,8679,7600.5,10666,10720,8972.9,10029,7736.1,9025.8,10891,6928.2,7366.3,5782.7,4719.1,9974.5,10036,12549,14648,15363,605.19,9538.7,9591.4,12406,8642.6,4033.6,10394,15298,15843
8410.8,11111,10878,8602.9,9482.2,10196,9839,15169,15434,16315,14910,15760,9478.1,8033.5,10760,11663,11502,5498.3,10685,9156.7,8239,6685.1,11228,9780,12151,17384,11604,11994,10857,9517.6,8340.4,11335,8179.7,9486.2,9425.2,14901,12028,11380,19999,11915,13056,16593,14703,17471,14702,14286,16466,13632,15015,12727,15680,15272,13008,18714,15378,15386,12689,12515,14145,14400,11971,17693,18042,13749,9156.1,6358.2,16899,18786,21527,21538,23308,19263,15306,14108,12333,8294.7,13414,12919,14086,13145,16571,17118,18174,21010,20088,19817,23780,4886.9,13684,5545.7,7650.4,5768.3,1572.1,7972.4,11286,16026,17413,18322,11139,11188,10267,9981.4,8279.1,9595.7,10922,10716,10279,11955,12008,9890,11608,11721,11035,12089,10826,13367,12113,6180.4,7738.6,7669.8,8508.8,3625.7,9948.8,9572.5,9202.7,8017.8,5964.9,9108.4,9043.8,9420.8,6009.1,6197,8416,525.13,1891.7,1648.7,9038.7,9912.1,11420,11706,12298,11173,10580,12118,11129,11609,12143,13721,13289,12371,13674,15709,8116.9,9025,8060.5,10705,10998,11129,10613,8532.9,9110.8,11240,8367.9,7115.5,6981.7,5883.6,9183.9,10513,12602,14762,17061,1890.3,9009.6,9144,10812,6594.2,4740,8618.9,15531,15583,8901.9,9878.7,9615.4,8596.1,8698.2,9344.9,9585.7,16982,14223,16867,13630,17320,9573.6,9058,10216,9825.1,9913.6,7424.6,8915.7,10479,10483,8180.2,11068,9313,12934,17599,11984,12060,12032,9305.3,7829.6,10652,8060.3,9774.1,9656.5,13758,12166,11160,19461,12149,12776,17182,15375,17660,12738,13385,14472,12577,15626,14110,17357,14399,12387,19047,15812,16428,12619,12830,15131,14530,12349,16812,17901,11835,7593.9,8362.4,17798,18428,20217,21144,20680,17706,16753,15173,12940,8029.6,12520,13119,13090,12660,17319,16648,20359,20926,20920,20087,22139,2695,11797,3560.2,4273.5,4659,840.86,7734.9,10197,15062,18127,17954,12956,11724,10042,9884.8,8963.5,9476.3,10106,10909,11678,12558,11773,10269,11280,11967,12066,11380,11101,13383,11691,7939.2,7650.9,8560.4,7879.6,4212.9,11538,10904,11319,7658.1,7379.3,11022,9086.6,9973.3,6378.2,8800.5,9897,2076.8,4210.6,5264.4,11988,9511.6,11097,11092,9950.8,10781,11118,11772,11806,10167,13316,14682,12193,11597,11473,14238,7660.2,8679.4,7534.3,10668,10670,8981.3,10021,7776.5,8934.6,10915,6920.3,7356,5784.1,4691,9966.8,10035,12501,14616,15331,610.5,9524.3,9579.9,12386,8644.3,4006.5,10408,15280,15817
8395.3,11123,10941,8556.5,9463,10178,9821.7,15163,15455,16295,14950,15817,9453.5,8080.2,10805,11666,11538,5488,10775,9146,8313.7,6682.9,11298,9804.8,12154,17437,11571,12063,10887,9579.3,8371,11303,8222.8,9487.6,9429,14894,12032,11395,19945,11886,13007,16586,14726,17464,14701,14301,16469,13732,14995,12744,15633,15237,12985,18658,15391,15365,12638,12522,14119,14454,11933,17700,18042,13895,9166.2,6304.4,16969,18799,21496,21514,23348,19271,15389,14189,12381,8300.5,13428,12951,14131,13104,16652,17191,18260,20959,20036,19774,23763,4874.8,13727,5544.5,7613.6,5802.5,1584.7,8022.1,11338,16015,17424,18353,11066,11162,10258,9975.9,8242.6,9572.8,10938,10706,10291,11980,12033,9954.3,11748,11757,10941,11999,10805,13372,12130,6205.6,7767.8,7666.8,8524.3,3613.2,9971.6,9606.7,9239.5,8051,5942.7,9121.5,9087.5,9451.9,6040.4,6212.2,8438.7,523.24,1892.3,1653.3,9056.3,9946.7,11440,11695,12291,11156,10580,12147,11136,11634,12166,13704,13293,12363,13716,15746,8134.7,9029.2,8098,10749,11025,11135,10608,8521.3,9120,11236,8402.8,7124.7,7091,5879,9195,10509,12695,14818,17146,1892.2,8999.5,9150.3,10818,6618.7,4716,8547.3,15569,15596,8890.8,9918.8,9657,8588.2,8668.2,9345.9,9556.7,16995,14214,16850,13709,17261,9560.5,9062.2,10207,9815,9917.5,7416.8,8972.3,10482,10434,8149.9,11076,9333.7,12894,17660,11935,12039,12020,9361,7833.1,10662,8097.9,9803.3,9713.8,13717,12156,11156,19453,12118,12757,17158,15362,17654,12726,13150,14453,12575,15688,14076,17375,14408,12405,19029,15748,16422,12681,12696,15030,14473,12295,16745,17956,11891,7563.6,8352.2,17816,18437,20186,21139,20701,17720,16801,15239,12978,8022.6,12546,13139,12990,12665,17397,16695,20327,20906,20946,20070,22153,2698.7,11806,3549.2,4270.4,4622,837.53,7725.4,10172,15072,18148,17960,12931,11670,10035,9860.1,9010.1,9450.3,10078,10888,11667,12541,11756,10275,11300,12011,12023,11267,11017,13401,11703,7972.9,7682.1,8612.3,7875.9,4234,11556,10905,11349,7659.3,7365.6,11063,9116.2,9988.7,6367.1,8820.7,9882.4,2082.2,4230.4,5275,11983,9510.1,11122,11127,9926.5,10802,11093,11790,11731,10148,13295,14655,12193,11611,11484,14252,7629.5,8661.7,7570.4,10644,10678,8945.6,10030,7831.1,8972.2,10924,6909.7,7399.6,5796.4,4665.7,9912,10014,12529,14640,15345,617.24,9582.2,9591.6,12367,8649,3996.2,10358,15307,15769
8386.3,11082,10912,8553.9,9475.9,10205,9854.9,15157,15456,16289,15006,15861,9423,8105.7,10800,11664,11574,5494.8,10751,9269.4,8327.5,6709.7,11274,9825.5,12127,17428,11531,12036,10842,9554.4,8396.1,11345,8241.7,9514.4,9410.7,14871,12045,11425,19981,11852,13060,16601,14760,17486,14706,14376,16514,13771,15044,12775,15663,15267,12998,18702,15385,15410,12646,12488,14142,14358,11985,17723,18037,13791,9165.1,6366,16937,18800,21475,21514,23319,19274,15356,14179,12359,8324.4,13392,12948,14192,13113,16632,17210,18284,20991,20035,19790,23757,4899.9,13664,5527,7640.4,5785.9,1579.9,8047.4,11349,16050,17403,18328,11090,11156,10252,9992.3,8221,9643.7,10996,10734,10291,11954,12025,9971.8,11745,11709,10971,12024,10848,13412,12191,6231.4,7732.4,7680.4,8544.7,3638.6,9969.6,9629.5,9229.1,8105.7,6023.2,9085.7,9079.7,9421.3,6032.8,6196.1,8433.2,527.32,1883.5,1660.5,9061.3,9957.7,11429,11681,12326,11137,10615,12151,11147,11652,12176,13702,13275,12371,13678,15757,8113.8,9083.2,8068.7,10787,11022,11189,10658,8536.5,9127.8,11296,8395.5,7167.9,7005.8,5897.1,9247.6,10516,12675,14807,17133,1899.1,9077.2,9199.9,10811,6588.5,4723.6,8583.5,15538,15627,8891,9934.7,9645.1,8596.5,8686,9378.8,9569.3,17008,14206,16849,13686,17237,9571.4,9042.6,10197,9824.7,9925.6,7449,8943,10571,10557,8210.1,11079,9354.6,12875,17698,11928,12034,12055,9339.4,7864.7,10585,8139.7,9808.1,9684.4,13751,12075,11169,19451,12083,12726,17155,15372,17649,12699,13127,14487,12621,15728,14128,17368,14391,12422,19069,15773,16426,12627,12713,15013,14480,12312,16727,17968,11840,7635.7,8379.7,17818,18432,20173,21164,20727,17747,16821,15229,12944,8027.9,12585,13134,13012,12676,17469,16682,20373,20848,20958,20000,22135,2705.2,11832,3575.9,4277.3,4659,838.67,7749.2,10202,15111,18162,17972,12931,11646,10032,9859.9,9032,9464.8,10121,10873,11654,12517,11791,10331,11312,11986,12034,11324,10986,13418,11674,7961.3,7757.9,8572.2,7899.7,4225.5,11556,10938,11349,7619.4,7401.1,11032,9120.3,10027,6353.7,8804.5,9895,2071.1,4223.3,5276.9,12009,9553.5,11110,11109,9953.8,10777,11121,11826,11737,10186,13279,14664,12204,11641,11536,14241,7644.3,8684.4,7597.5,10662,10700,8993.3,10044,7791.5,8970.4,10908,6971.3,7391.7,5814.1,4690.3,9900.2,10009,12520,14623,15327,609.13,9512.3,9648.3,12418,8643.7,4023.3,10378,15289,15776
8403.6,11090,10944,8540.9,9495.1,10220,9855.4,15126,15413,16323,14909,15822,9443.9,8106.4,10759,11679,11587,5492.6,10747,9275.9,8310.6,6721.4,11278,9778.9,12137,17400,11543,12040,10852,9539.2,8335.1,11366,8224.6,9459.2,9436.5,14872,12045,11364,20015,11887,13085,16632,14713,17469,14707,14368,16514,13751,15060,12750,15618,15268,12986,18599,15367,15451,12696,12452,14157,14326,11960,17714,17977,13798,9164.8,6367.9,16883,18762,21554,21515,23326,19298,15330,14181,12333,8286.1,13413,12926,14191,13067,16563,17194,18267,20949,20080,19755,23777,4908.4,13759,5571.4,7644.7,5788.8,1582.1,8032.3,11346,16029,17338,18343,11105,11184,10230,9968,8298.2,9622.1,10981,10726,10267,11969,12002,9906.3,11676,11722,10971,12029,10763,13445,12166,6220.2,7672.2,7633.2,8472.4,3619.7,9947.3,9579.2,9227,7998.4,6004.9,9095.5,9059.7,9422.6,6033.4,6209.8,8420.9,530.76,1886.4,1645.1,9057.2,9971.4,11406,11672,12376,11183,10597,12174,11176,11653,12203,13726,13269,12377,13681,15767,8108.7,9071,8112.4,10799,11054,11202,10604,8493.2,9137.9,11226,8406.8,7166.6,6933.6,5887.7,9225.8,10567,12601,14806,17079,1912.3,9048.9,9182.2,10764,6568.6,4740.5,8614.4,15507,15560,8895.3,9909.3,9626,8599.4,8683,9384.2,9615.1,16995,14212,16836,13709,17261,9544.2,9084.8,10200,9838.4,9916.7,7473.9,8959.3,10585,10587,8226.2,11052,9291.7,12897,17664,11955,12058,12032,9393.8,7848.7,10588,8169.5,9726.4,9707.4,13719,12105,11104,19455,12060,12763,17142,15350,17624,12683,13152,14511,12634,15697,14162,17368,14419,12389,19112,15782,16428,12614,12702,14984,14472,12345,16756,17953,11844,7630.5,8365.5,17840,18467,20218,21196,20685,17803,16811,15222,12933,8053.4,12598,13154,13075,12713,17519,16704,20385,20808,21041,20026,22173,2714.8,11828,3584.2,4267.1,4648.7,830.07,7715.5,10164,15103,18151,18015,12910,11642,10013,9879.4,9090,9458.5,10103,10882,11693,12541,11711,10297,11268,11996,12017,11383,11060,13432,11716,7925.5,7726,8555.7,7887.3,4223,11548,10915,11357,7593.1,7394.2,10995,9137.2,10020,6372.2,8793.6,9906,2084.8,4232.8,5278.5,12003,9569.3,11157,11125,9920.4,10779,11141,11835,11773,10212,13298,14675,12223,11655,11538,14272,7627.9,8733.6,7530.5,10696,10773,8999.1,10033,7776.5,8965.9,10830,6949.6,7368.2,5837.1,4718.8,9968.5,10009,12490,14637,15399,596.7,9456,9553.9,12354,8654.9,4012.6,10391,15292,15737
8394.4,11101,10945,8549.6,9491.3,10239,9837.8,15147,15430,16266,14921,15801,9452.6,8051.3,10727,11649,11564,5486.1,10725,9289.9,8327.3,6756.6,11232,9829.4,12145,17418,11570,12054,10890,9571.7,8322.7,11364,8213.4,9498.8,9451.9,14812,11976,11363,19965,11907,13018,16637,14657,17471,14697,14352,16532,13718,15058,12764,15654,15293,12982,18626,15332,15406,12681,12652,14170,14352,12034,17713,18051,13851,9145.7,6375.5,16914,18790,21558,21556,23328,19302,15300,14124,12342,8318.5,13445,12925,14077,13155,16562,17187,18244,21022,20080,19752,23803,4888.4,13731,5556.5,7656.4,5774.6,1556.8,8075.1,11303,16012,17378,18330,11080,11188,10238,9989,8310.1,9599.2,10920,10702,10300,11967,12002,9873.5,11670,11796,10990,12061,10832,13428,12148,6169.4,7704.8,7661.5,8493.3,3605.9,9976.3,9603,9215.2,8033.8,5996.4,9114.1,9040.2,9423.1,6029.8,6216,8440.4,526.52,1891.3,1647.8,9096.3,9948.4,11425,11712,12354,11170,10633,12148,11138,11652,12181,13734,13278,12401,13689,15722,8080,9063.2,8056.7,10801,11059,11214,10653,8486.6,9179.3,11258,8381.7,7228.4,6979.8,5859.2,9185.9,10507,12575,14764,17132,1921.4,9010,9125.7,10836,6609.1,4717.8,8531.1,15490,15624,8913.1,9909.5,9630.2,8609.5,8687.3,9374.7,9614.4,16972,14199,16855,13643,17275,9572,9076,10212,9793.2,9898.6,7445.4,8913.2,10566,10580,8200.1,11079,9352.9,12937,17683,11951,12082,12115,9397.4,7839.3,10594,8167.6,9810,9675.8,13662,12079,11168,19475,12079,12725,17143,15348,17637,12706,13291,14497,12640,15699,14166,17364,14414,12382,19050,15759,16463,12657,12664,15051,14448,12311,16762,17929,11814,7599.8,8388.3,17833,18445,20214,21192,20700,17784,16764,15214,13000,8042.5,12587,13156,13013,12673,17489,16733,20402,20841,21037,20075,22161,2704.4,11860,3587.2,4298.4,4610.1,841.52,7786.7,10204,15079,18166,18018,12939,11692,10024,9894.4,9050.5,9470,10113,10885,11680,12570,11738,10300,11346,11993,12009,11294,11049,13415,11739,7970.6,7717.5,8557.1,7876.6,4235.3,11555,10892,11344,7686.4,7371.1,11092,9127,10009,6360.7,8821.1,9886.4,2073.9,4211.1,5265.2,12012,9541.7,11124,11133,9999.6,10786,11145,11808,11782,10164,13326,14664,12227,11661,11535,14263,7633.5,8678.6,7588.8,10670,10738,9009.6,10056,7750.3,8902.6,10889,6945.4,7342.3,5790.9,4705.8,9955.4,10030,12514,14622,15400,594.52,9531.5,9601.8,12378,8686,4016.1,10398,15258,15743
