14220,11343,13368,13108,12929,12544,11939,8363.9,9674.5,11501,6777.1,7017.5,12283,4590.2,2203,8296.7,12528,12543,13940,13561,13150,13252,11349,11260,5070.7,10773,5959.1,13464,12079,9644.8,11424,13550,6901,6259,8514.9,9388.3,3043.3,6459,9727.9,9514,12348,12090,11768,10200,10340,11339,11335,11650,12677,10633,11859,11414,10896,11112,10760,7419.3,9033.8,10110,6267.9,6798.4,10686,4646.7,1401.6,7758.6,10789,10876,11715,11490,11155,11875,8916.9,10729,4173.8,10443,5821.7,13050,11748,9334,10617,12242,6726.5,5113,6955.6,8721.3,2715.1,4252,8504.2,7990.2,10902,10683,10273,9515,9110.9,10263,11019,11240,11179,9417.8,5663.5,9064.2,10702,10369,8996.9,7150.9,10849,9036.9,5469.7,8912.5,10176,10334,8481.6,7203.9
14131,11310,13337,13074,12903,12525,11932,8354.7,9679.9,11444,6737.4,6997.1,12226,4578.6,2200.4,8272.8,12527,12556,13931,13536,13121,13226,11254,11193,5008.1,10756,5876.4,13404,12045,9605.9,11390,13483,6841.1,6252,8487.1,9330.6,3086.9,6461.9,9682,9429.8,12309,12064,11725,10240,10310,11275,11267,11560,12595,10605,11844,11377,10812,11079,10724,7374.6,9006.5,10080,6228.8,6765.5,10665,4600.1,1394.6,7703,10776,10884,11732,11462,11155,11867,8819.8,10645,4129,10430,5762.9,13016,11728,9307.1,10571,12175,6687.3,5059.3,6914.7,8652.9,2701.3,4254.3,8491.2,7920.7,10904,10620,10263,9458.3,9075.2,10193,10978,11176,11066,9375.2,5647,9016.1,10621,10413,9016.3,7120.3,10764,9025,5447.9,8879.9,10172,10288,8464.4,7171.4
14105,11283,13334,13042,12860,12463,11896,8332.9,9645.4,11439,6738,6971,12198,4580.7,2198.4,8261,12478,12475,13886,13502,13121,13172,11204,11173,5042.7,10696,5916.6,13412,12032,9623.2,11368,13506,6853.1,6235.2,8508,9321.8,3065.1,6444.4,9649.8,9399.9,12311,12061,11707,10230,10354,11239,11276,11492,12556,10573,11817,11353,10860,11048,10705,7397.7,8990,10041,6230,6740.2,10632,4615.7,1394.1,7704.3,10740,10850,11686,11453,11134,11816,8796.8,10677,4155.2,10369,5775.7,12993,11716,9309.8,10568,12212,6700.8,5085.8,6931.3,8672.9,2695.3,4251,8486.7,7917.8,10860,10616,10258,9451.2,9059.4,10205,10967,11134,11084,9367.7,5617.1,8995.9,10622,10337,9008.6,7119.7,10725,9001.5,5480.1,8859.9,10085,10236,8465.1,7126.4
14056,11294,13333,13052,12824,12452,11884,8297.7,9644.3,11426,6726.3,6980.7,12248,4572.6,2200.5,8284.5,12495,12496,13874,13510,13120,13189,11233,11180,5000.2,10714,5871.9,13379,12020,9620.4,11389,13483,6859.5,6192.4,8502.4,9328.9,3042.6,6446.5,9664.2,9453,12288,12044,11735,10197,10256,11268,11247,11487,12523,10544,11809,11337,10775,11024,10693,7336.9,8964,10039,6199.3,6740.6,10590,4592.2,1400.7,7693.6,10742,10867,11650,11436,11136,11836,8794.8,10686,4138.1,10387,5750.5,12975,11675,9308.5,10583,12207,6687.3,5085.2,6938.2,8675.7,2668.7,4252.2,8477.9,7932.8,10873,10580,10236,9425.3,9040.2,10150,10964,11134,11063,9381.6,5667.9,9009.7,10650,10268,8946.5,7120.7,10738,9012.4,5500.4,8834.7,10059,10211,8417,7135.3
14124,11351,13365,13132,12875,12506,11933,8353.9,9700.8,11475,6726,7016.3,12311,4571,2199.4,8334.3,12525,12549,13933,13579,13160,13243,11282,11214,5046.9,10789,5925.1,13431,12060,9683.4,11449,13533,6888.2,6218.5,8525.2,9380.4,3055.1,6459.2,9720,9464.3,12335,12100,11794,10256,10325,11363,11327,11533,12579,10626,11845,11387,10800,11069,10736,7391.5,8997.8,10129,6206.2,6786,10651,4611.2,1397.1,7760.9,10780,10882,11693,11482,11172,11872,8845.6,10723,4168.9,10458,5764.4,13034,11733,9365.6,10631,12267,6736.8,5085.6,6944.6,8718.7,2686.1,4284.7,8510.4,7962.3,10878,10633,10300,9501,9074.2,10284,11037,11165,11144,9395,5648.5,9050.2,10697,10384,9005.5,7134.4,10809,9045.4,5533.3,8887.1,10125,10260,8444.7,7168.8
14113,11285,13347,13091,12874,12493,11900,8346.3,9672.5,11486,6755.7,6997.4,12258,4572.3,2203.9,8292.7,12473,12468,13860,13504,13124,13191,11211,11183,5022.2,10737,5920,13380,12025,9655.9,11417,13491,6861,6240.1,8494.3,9337.8,3064.2,6440.6,9653.9,9424,12265,12045,11730,10222,10301,11328,11233,11457,12570,10599,11841,11342,10791,11059,10698,7373.5,8966.3,10063,6202.6,6760.9,10595,4586.7,1389.6,7711.1,10751,10830,11624,11421,11114,11796,8781.1,10680,4143.1,10412,5749.3,13030,11721,9317.3,10567,12221,6699.9,5067.5,6958.3,8681,2673.2,4241.6,8454.6,7929.9,10867,10603,10277,9448.4,9055.6,10214,10970,11116,11089,9352.9,5599.9,9030.2,10754,10382,9002.7,7125.4,10785,9013.8,5498.2,8877.3,10018,10254,8437.5,7140.6
14179,11344,13383,13125,12902,12519,11922,8370.6,9690.2,11523,6738.5,7020.1,12324,4577.6,2198,8349.4,12492,12468,13881,13558,13169,13222,11238,11226,5066.6,10757,5975.8,13451,12073,9671.8,11428,13533,6903.6,6236.6,8506.8,9363.4,3045.6,6454.5,9695.8,9461.8,12277,12084,11782,10239,10352,11383,11363,11498,12617,10610,11870,11370,10795,11092,10723,7393.7,9011.5,10111,6231.7,6791.4,10645,4625.1,1395.3,7754.6,10756,10846,11657,11462,11168,11829,8810.5,10729,4165.6,10424,5783.2,13066,11749,9333.6,10590,12244,6710.7,5057,6954.9,8727,2696.1,4262.1,8494.1,7958.2,10866,10644,10301,9513.6,9106.8,10242,11022,11151,11118,9431.1,5698.5,9050.3,10708,10400,9021,7132.5,10819,9024.7,5476.2,8898.3,10232,10283,8493.9,7164.2
14164,11348,13394,13109,12884,12498,11917,8410.9,9704.7,11519,6765.2,7028.2,12324,4564.1,2209,8363.1,12500,12495,13903,13564,13186,13225,11285,11266,5062.7,10748,5981.4,13453,12065,9678.4,11425,13555,6908.5,6219.1,8519.7,9396.1,3043.8,6463,9722.9,9489.7,12295,12054,11751,10264,10303,11362,11354,11545,12632,10584,11870,11364,10883,11046,10738,7408.5,8985.4,10114,6246.7,6825.4,10642,4638.3,1406.9,7756.8,10767,10857,11677,11477,11190,11830,8853.3,10761,4186.3,10440,5814,13070,11725,9359.2,10614,12285,6752.7,5098.9,6975.7,8762.7,2690.4,4282.4,8524,7974.1,10847,10625,10323,9516,9085.8,10243,11044,11191,11213,9458.8,5704.9,9088.7,10736,10416,9015.9,7153.4,10837,9047.6,5475.4,8925.6,10211,10302,8506,7182.7
14166,11343,13398,13080,12905,12496,11931,8372.2,9701.1,11497,6776.7,7017.3,12246,4556.6,2203.1,8302.7,12498,12486,13881,13518,13129,13188,11281,11236,5092.6,10763,5925.9,13451,12069,9645.2,11390,13529,6907.3,6208.8,8543.3,9375.6,3043.6,6465.5,9715.4,9488.3,12313,12070,11750,10244,10292,11365,11404,11545,12626,10564,11855,11348,10896,11036,10725,7384.7,8985.4,10117,6254.2,6820,10622,4619.4,1408.2,7695.4,10766,10862,11654,11443,11169,11805,8849.8,10731,4191.5,10424,5829.4,13071,11741,9321.6,10604,12256,6763.4,5090.4,6975.5,8735.7,2686,4257.1,8496.8,7967.3,10871,10620,10258,9442.7,9099,10271,11005,11172,11179,9449.3,5732.6,9073.7,10764,10339,9007.6,7156.8,10853,9057.4,5460.9,8888.1,10202,10227,8459.1,7169.9
14178,11303,13417,13111,12901,12523,11942,8350,9657.9,11518,6793.3,7034.5,12274,4626.5,2208,8334.2,12521,12508,13896,13543,13193,13238,11331,11258,5063.8,10799,5912.7,13499,12093,9671.1,11409,13532,6870.8,6257.6,8536.8,9411.4,3087.6,6483,9751.4,9566,12302,12105,11783,10229,10342,11385,11429,11626,12646,10533,11906,11380,10897,11061,10743,7391.4,9002.7,10148,6303.1,6839.9,10651,4661.2,1411.7,7732.8,10788,10863,11673,11489,11220,11877,8915.1,10767,4147.2,10472,5827.3,13078,11759,9351.5,10608,12288,6703.5,5078.9,6973.9,8771.8,2702.5,4284.9,8526.7,7982.9,10895,10663,10329,9471.7,9074.8,10304,11022,11238,11248,9451.3,5680.5,9093,10672,10344,9035.9,7175,10868,9029.2,5455.9,8928.9,10106,10257,8492.5,7203.3
14157,11349,13404,13120,12886,12536,11939,8380.2,9701.8,11496,6766.7,7012.3,12315,4566.4,2210.6,8376.6,12546,12547,13953,13551,13168,13253,11347,11278,5060.8,10806,5926.7,13466,12112,9677.6,11439,13572,6915.5,6208.6,8510.4,9414.6,3057.4,6496.6,9760.2,9542.5,12339,12069,11789,10205,10366,11387,11378,11573,12641,10590,11881,11388,10827,11073,10756,7420.4,9034.1,10140,6258.1,6811.2,10660,4639.7,1398.1,7768.4,10790,10868,11705,11506,11202,11866,8923.2,10801,4167.8,10454,5808.3,13056,11781,9346.6,10645,12299,6734.5,5107.4,6955,8783.8,2672.3,4277.8,8557,8003.2,10901,10649,10308,9513.5,9149.9,10271,11027,11213,11183,9420.8,5649.4,9109.1,10734,10381,9008.3,7157.3,10858,9013.1,5417.1,8971.2,10201,10288,8483.4,7175.5
14131,11358,13399,13167,12915,12539,11958,8382.8,9637.5,11529,6707,6993.8,12329,4538.7,2203.2,8369.5,12565,12540,13963,13558,13149,13228,11331,11241,5028.4,10787,5964.5,13487,12076,9687.5,11456,13588,6959,6202.1,8523.4,9396.4,3030.8,6474.8,9758.7,9534.2,12335,12094,11803,10271,10320,11369,11388,11514,12603,10623,11880,11400,10850,11108,10777,7370.5,9011.9,10141,6176.5,6801.5,10664,4577.7,1400.4,7750.8,10814,10891,11715,11488,11153,11885,8910,10753,4154.1,10445,5796.1,13063,11774,9361.5,10637,12303,6771.9,5090.6,6956.6,8763.5,2683.8,4271.6,8522,8007.6,10892,10657,10311,9525.5,9032.6,10275,11009,11200,11032,9393.2,5715.2,9106.5,10799,10368,8994.8,7154.6,10774,9029.2,5504.7,8939.4,10349,10250,8446.9,7188.7
14174,11367,13416,13187,12968,12582,11981,8399.7,9651.4,11476,6693.5,6989.9,12268,4503.6,2200.8,8342.6,12581,12544,13973,13528,13116,13165,11304,11178,5038.6,10821,5964.5,13500,12118,9659.1,11424,13526,6953.7,6239.9,8537.9,9348.3,2992.3,6483.4,9736.7,9470.7,12356,12132,11825,10231,10284,11343,11241,11518,12645,10643,11917,11422,10896,11155,10793,7394.1,8991.8,10115,6217.6,6793.1,10667,4579.7,1394.3,7762.9,10827,10884,11744,11485,11139,11839,8902.3,10688,4166.5,10521,5816.7,13072,11799,9358.6,10615,12244,6803.8,5106.9,6956,8709,2673.1,4293.9,8510.9,7965.5,10962,10647,10324,9495.6,9056.3,10276,10985,11165,11051,9378.1,5710.4,9078.6,10841,10400,8990.9,7177.8,10803,9014,5534.3,8937.8,10312,10307,8449.7,7195.6
14103,11334,13366,13149,12858,12513,11955,8333.4,9614.6,11421,6667.8,6937.7,12251,4481.4,2191.6,8336.9,12545,12543,13942,13502,13078,13172,11316,11226,5016.6,10757,5902.6,13398,12070,9636.2,11387,13497,6899.2,6180.9,8512.6,9356,2988.9,6471.5,9733.5,9496.5,12337,12073,11815,10196,10286,11326,11277,11562,12598,10568,11887,11391,10760,11082,10759,7345.9,8951.8,10073,6194.4,6742.1,10641,4533.9,1384.2,7781.7,10793,10873,11711,11475,11107,11859,8902.2,10669,4138.3,10508,5797.2,13011,11733,9328.8,10589,12180,6749,5064.8,6953.2,8688.8,2650.8,4263.9,8527.9,7977.2,10856,10587,10280,9451.8,9085.3,10219,10967,11185,10999,9375.9,5725.4,9072.9,10794,10340,8949.9,7135.6,10755,8989,5554.6,8900.8,10284,10255,8418.6,7183
14167,11378,13413,13218,12961,12606,12000,8354.3,9646.5,11495,6706.7,6998.8,12318,4534.9,2212.7,8381.1,12584,12582,13984,13545,13140,13263,11427,11256,5010.9,10807,5892.7,13494,12091,9685.6,11449,13579,6904.2,6229.3,8536.7,9399.3,3032.9,6495.2,9775.6,9545.9,12373,12134,11851,10198,10332,11409,11317,11670,12642,10609,11916,11444,10859,11120,10779,7349.3,8967.7,10127,6177.3,6794.8,10704,4566.1,1408.4,7857.2,10828,10932,11743,11518,11170,11936,8992.4,10727,4156.5,10488,5780.1,13071,11785,9382,10640,12257,6756.9,5086.8,6986.9,8743.9,2703.6,4312.1,8555,8004.7,10948,10661,10347,9515.3,9081.6,10262,10981,11276,11083,9430.3,5669.1,9104.5,10695,10386,8985.3,7142.2,10815,9031.4,5499.4,8957.7,10352,10278,8497,7194.6
14110,11358,13380,13177,12908,12529,11959,8337.3,9665.8,11475,6714.4,6982.4,12298,4504.4,2200.7,8363.6,12518,12561,13921,13541,13101,13258,11393,11245,5009.4,10790,5892.8,13466,12095,9688.8,11434,13528,6891.6,6203.6,8504.8,9375.3,3004,6457.6,9757.4,9549.3,12323,12094,11782,10185,10317,11352,11315,11661,12601,10587,11876,11413,10780,11109,10752,7359.9,9008,10092,6203.7,6784.1,10661,4581.7,1396.3,7791.2,10800,10926,11710,11494,11166,11928,8953.4,10718,4141.4,10470,5772.3,13045,11763,9360.4,10622,12247,6762.6,5085.2,6965.6,8714.9,2679.3,4288.7,8535.6,7984,10946,10611,10340,9505.6,9066,10249,10985,11267,11074,9425.9,5744.1,9062.3,10683,10417,8972.6,7137.1,10760,9016.8,5484.6,8915.8,10350,10242,8440,7184.3
14167,11336,13383,13182,12939,12561,11967,8345.1,9656.6,11490,6701.3,6997.3,12277,4532,2200,8379.4,12546,12566,13948,13548,13118,13262,11393,11213,5004.7,10788,5907.2,13469,12079,9668.5,11433,13521,6917.7,6228.7,8507.3,9382.7,3030.6,6466,9751,9539.2,12299,12076,11813,10236,10331,11335,11251,11622,12624,10602,11880,11400,10827,11110,10742,7367.6,8998.6,10092,6202.1,6789,10616,4602,1395,7786.9,10803,10907,11725,11482,11166,11906,8933.3,10704,4142.7,10481,5814.4,13054,11755,9351,10611,12222,6750.4,5088.6,6964.9,8706.9,2691.4,4287.2,8505,7980.5,10899,10646,10297,9523,9098.9,10231,10951,11246,11099,9394.6,5696.9,9102.8,10727,10406,9004.9,7149,10788,9026.1,5546.2,8932.4,10205,10267,8458.3,7189.3
14100,11289,13377,13125,12887,12518,11926,8347.3,9664.2,11442,6698.5,7000.2,12243,4525.3,2200.5,8340.1,12516,12532,13911,13546,13116,13223,11320,11183,5007.1,10761,5907.3,13422,12045,9629.8,11406,13502,6882.6,6197.5,8483.6,9342.5,3006.3,6456.2,9705.6,9487.1,12313,12049,11764,10175,10270,11332,11291,11532,12583,10603,11853,11384,10759,11082,10727,7356.8,8995,10085,6199,6781.2,10599,4563.7,1386.3,7730.2,10783,10899,11683,11460,11132,11855,8855.6,10700,4140,10459,5793.3,13010,11716,9306.4,10611,12226,6736,5062.3,6923.4,8687,2682.8,4257.8,8489,7953.4,10890,10623,10287,9480.2,9041.6,10250,10973,11163,11078,9357,5665.7,9032.1,10684,10361,8969.6,7113.1,10790,8983.6,5517.8,8858.2,10185,10260,8413.7,7142.5
14196,11319,13421,13174,12948,12549,11964,8353.3,9659.2,11473,6729.5,7010.3,12264,4574.5,2206.6,8354.7,12547,12564,13940,13537,13137,13235,11331,11187,5008.4,10784,5950.5,13455,12073,9653.6,11447,13519,6879.1,6232.9,8515,9365.5,3039.5,6454.5,9719.1,9525.3,12304,12075,11773,10212,10307,11358,11279,11567,12645,10578,11898,11406,10861,11129,10752,7371.1,9039.4,10083,6263,6780.5,10636,4605.3,1399.6,7748.5,10821,10925,11718,11488,11178,11883,8904,10707,4157,10482,5817.1,13049,11744,9338.7,10618,12207,6738.9,5089.6,6938.9,8705.2,2702.1,4270.3,8500.1,7977.1,10915,10638,10315,9457.6,9073.3,10213,10996,11188,11119,9363.1,5662.1,9051.5,10673,10336,8991.3,7155.6,10792,9025.2,5493.6,8911.4,10130,10292,8443.5,7207.9
14116,11317,13374,13115,12868,12527,11944,8345.8,9676.4,11495,6725.4,7000.3,12255,4554.1,2194.9,8345.7,12532,12558,13923,13540,13123,13239,11322,11229,5006.3,10783,5904.1,13436,12084,9638.7,11429,13523,6872.2,6200.3,8492.3,9370.5,3085.5,6457.4,9726.5,9506.6,12326,12082,11801,10235,10300,11353,11312,11553,12584,10592,11863,11383,10782,11093,10746,7359,9024.7,10112,6209.6,6774.7,10626,4576.5,1395,7739.8,10798,10892,11709,11473,11143,11875,8867.6,10698,4113.8,10450,5771.6,13025,11754,9301.4,10603,12240,6716,5072.3,6936,8709,2694.5,4267.2,8511.6,7977.4,10892,10634,10288,9525.1,9086.6,10282,11004,11179,11127,9403.8,5656.4,9019.4,10639,10365,9001.4,7114.9,10826,9041.7,5467.8,8874.4,10172,10277,8469.6,7155.5
14113,11327,13359,13124,12893,12536,11953,8325.8,9662.8,11478,6725.3,6992.7,12273,4538.9,2199.8,8358.3,12542,12554,13925,13529,13121,13227,11342,11211,5003.8,10780,5877.7,13425,12062,9626.9,11408,13507,6859.3,6217.8,8501.1,9377.3,3045.2,6463.5,9735.1,9531.1,12287,12065,11796,10219,10325,11356,11289,11551,12560,10569,11850,11375,10781,11083,10742,7340,8982.8,10101,6180.3,6753.7,10603,4587,1384.1,7740.2,10796,10903,11699,11444,11116,11854,8882.4,10701,4131.5,10434,5770.7,13027,11752,9304.3,10590,12222,6716.7,5075.8,6928.2,8701.8,2693.5,4274.8,8512.6,7963.6,10969,10640,10328,9471.3,9092.3,10259,11013,11183,11115,9403.9,5661.1,9043.7,10641,10412,8983.2,7107.3,10807,9007.4,5489.5,8871.5,10068,10255,8429.5,7181.4
14141,11355,13384,13132,12880,12542,11964,8343.6,9677.4,11495,6724.2,7002.6,12270,4518.5,2197.1,8382.1,12548,12556,13942,13544,13137,13223,11323,11196,5009.8,10794,5909.2,13434,12074,9619.8,11416,13499,6895.7,6242.3,8490.4,9362.7,3037.8,6471.7,9740.6,9493.2,12355,12119,11797,10237,10358,11340,11261,11528,12593,10613,11848,11385,10827,11103,10758,7360,9014.9,10082,6191.6,6755.6,10581,4573.3,1387.9,7747.8,10806,10884,11691,11458,11111,11826,8871.9,10688,4141.2,10476,5811.1,13039,11738,9311.3,10593,12190,6725.1,5063.5,6934.8,8697,2667.8,4277.3,8511.3,7967.5,10923,10669,10308,9495,9050.3,10252,10972,11164,11074,9407.3,5659.1,9071.9,10684,10447,8999.6,7127.4,10813,9056.5,5518.6,8906.3,10215,10267,8454.2,7176.3
14075,11274,13342,13063,12862,12495,11915,8334.4,9627,11444,6707.3,6969.4,12204,4522.3,2192.7,8322,12519,12531,13919,13515,13110,13177,11230,11150,5017.1,10762,5930.7,13394,11999,9582.4,11366,13453,6863.2,6174.2,8490.6,9325.8,3038,6454.6,9680.8,9440.8,12321,12071,11757,10193,10316,11298,11227,11469,12520,10596,11814,11326,10765,11045,10709,7352.5,8952.5,10041,6177.8,6731.1,10580,4575,1394.4,7717.4,10757,10848,11660,11415,11085,11798,8825.7,10644,4110.9,10395,5767.9,13001,11684,9269.3,10557,12154,6716.5,5060.8,6910.4,8666.8,2648.7,4252.8,8475.5,7938,10874,10604,10290,9411.2,9037.9,10234,10942,11133,11044,9332.1,5684.9,8997.8,10547,10290,8976.8,7086,10740,8955.2,5452.3,8847.6,10084,10279,8432.5,7097.1
14132,11328,13394,13109,12934,12577,11953,8374,9657.8,11483,6723.3,6997.4,12264,4574.5,2219.8,8324.2,12547,12531,13977,13531,13137,13199,11292,11168,5015.5,10785,5946.1,13445,12079,9627.2,11401,13526,6887.6,6225.1,8515.2,9362.1,3071.4,6464.7,9706.5,9469.3,12383,12119,11807,10218,10330,11305,11267,11523,12612,10633,11864,11364,10863,11083,10747,7366.2,9008.6,10096,6205.6,6777,10621,4600.6,1399,7742.6,10815,10881,11720,11452,11127,11814,8852.9,10690,4152.6,10439,5780.9,13044,11766,9321.6,10603,12221,6734.1,5090.5,6916.9,8698.7,2671.8,4269,8483.7,7943.4,11021,10615,10325,9473.2,9066.6,10275,10992,11156,11125,9377.7,5662.2,9050.5,10562,10362,9001.4,7114,10812,9019.6,5489.5,8894.4,10113,10304,8461.3,7187.7
14090,11343,13367,13087,12870,12556,11907,8334.3,9671.4,11450,6719.4,6989.9,12248,4541.8,2210.2,8296.9,12505,12490,13956,13524,13106,13158,11210,11176,5027.6,10745,5885.3,13435,12079,9642.6,11379,13457,6874.2,6185.4,8512.1,9320,3054.1,6455.2,9665,9426.4,12293,12073,11735,10213,10285,11285,11227,11443,12565,10573,11857,11324,10816,11099,10716,7347.7,9027.9,10065,6230.2,6746,10596,4599.8,1389.7,7689.4,10773,10874,11717,11436,11100,11777,8783.2,10672,4139,10411,5760,13021,11748,9298.2,10553,12193,6729.3,5063,6940.6,8667.1,2687.2,4252.3,8477.1,7921.8,10953,10617,10260,9440.5,9050.2,10192,10953,11098,11116,9379.8,5643.3,9040.5,10607,10312,8976.7,7089,10802,9004.2,5427.5,8876.2,10088,10248,8456.8,7128
14080,11284,13349,13071,12835,12518,11916,8328.3,9638.3,11475,6718.2,6991,12265,4539,2202.5,8315.2,12519,12533,13935,13526,13111,13188,11265,11200,5022.8,10732,5892.1,13407,12019,9636.3,11384,13490,6837.1,6205.9,8485,9341.1,3031.6,6464.4,9696.8,9458.1,12291,12037,11746,10209,10300,11311,11322,11459,12550,10565,11838,11322,10803,11070,10714,7329.4,9007.7,10046,6201.5,6747.2,10620,4587.1,1389.7,7691.4,10760,10864,11713,11433,11118,11810,8811.4,10695,4116.5,10407,5732.1,13007,11714,9291.6,10562,12208,6692.5,5046.6,6943.6,8692,2718.6,4270.2,8480,7937.5,10864,10616,10258,9486.1,9084.6,10194,10977,11134,11064,9385.7,5597.8,9036.7,10689,10371,8978.4,7088.9,10745,9019.1,5459.4,8868.5,9974.7,10250,8422.9,7129.3
14143,11342,13381,13121,12914,12542,11942,8356.1,9649.7,11498,6730.8,7007.7,12276,4517.3,2209.9,8360,12539,12522,13958,13551,13132,13199,11296,11206,5020.8,10797,5923.4,13446,12038,9649.1,11408,13524,6896.9,6236.8,8547.1,9377.6,3021.2,6471.1,9698,9478.2,12365,12079,11781,10229,10322,11348,11345,11521,12580,10588,11855,11366,10869,11087,10743,7371.1,9014.1,10095,6221.5,6767.1,10635,4565.7,1392.1,7727.8,10786,10867,11697,11455,11149,11824,8844.3,10705,4132.3,10455,5783.3,13038,11723,9325.7,10591,12198,6707.1,5076.6,6966.3,8708.7,2698.3,4276.4,8495.8,7936.7,10897,10637,10325,9499,9062.2,10217,10991,11156,11115,9408.9,5694.6,9046.1,10676,10397,8991.5,7111.4,10815,9043.1,5479.3,8877.5,10106,10297,8439.8,7172.2
14110,11301,13375,13102,12865,12518,11929,8348.6,9656.8,11460,6747,6993.5,12263,4526.1,2198.4,8338.6,12521,12501,13901,13517,13102,13188,11263,11216,5022.7,10783,5918.5,13422,12061,9636.8,11417,13519,6905.1,6199.9,8509.2,9347.3,3027,6459.2,9673,9477.4,12330,12083,11773,10214,10292,11319,11297,11506,12566,10578,11854,11360,10793,11093,10709,7370.2,8993.4,10093,6207.5,6761.8,10600,4581.1,1396.4,7724.2,10758,10859,11681,11456,11152,11832,8850.3,10692,4147.3,10427,5792.6,13037,11747,9327,10597,12212,6708.5,5075.8,6927.5,8698.1,2674.1,4257.8,8497.9,7958.2,10871,10618,10275,9475.7,9066.6,10223,10981,11133,11091,9358.2,5643.9,9040.1,10719,10337,8999.4,7127.2,10785,9022.1,5513.2,8879.2,10153,10267,8434.1,7179.5
14130,11336,13382,13130,12891,12538,11942,8343.8,9680.6,11471,6743.5,7020.9,12277,4539.7,2206.2,8363.5,12523,12549,13935,13548,13128,13225,11298,11200,5035.2,10778,5944.3,13442,12061,9660.2,11420,13512,6913,6229,8516.5,9359.5,3036.7,6460.6,9708.7,9478.1,12375,12071,11740,10236,10313,11307,11312,11549,12595,10587,11843,11360,10788,11055,10733,7379.2,8988.9,10096,6244.3,6778.8,10631,4590.6,1396.4,7736.9,10781,10857,11676,11456,11147,11846,8859.5,10698,4157,10419,5783.9,13027,11717,9345.3,10592,12211,6740.4,5091.7,6947.7,8702,2687.7,4267.1,8489.4,7943.4,10858,10641,10282,9504.4,9090.6,10245,10988,11167,11102,9383.7,5673.4,9062.3,10742,10355,8994.4,7117.7,10822,9034.8,5494.1,8908.5,10159,10287,8448.2,7191
14084,11298,13361,13069,12874,12485,11895,8330.7,9701.2,11467,6709.9,7005.5,12206,4519.8,2200,8290.8,12485,12490,13892,13520,13128,13191,11221,11163,5002.8,10740,5886.4,13425,12074,9622,11395,13490,6851.1,6232.2,8507.4,9332.5,3039.7,6435.7,9675.3,9439.1,12339,12049,11728,10209,10286,11306,11294,11478,12559,10566,11835,11324,10782,11045,10703,7353,8981.4,10063,6212.9,6771.3,10602,4600.1,1392,7720.1,10762,10851,11664,11435,11126,11823,8817.7,10675,4143.7,10420,5731.5,13009,11717,9316.5,10585,12224,6671.6,5092.1,6939.3,8688.9,2680.3,4259.5,8476.5,7932.7,10863,10630,10273,9455.9,9076,10225,10990,11105,11119,9383,5708.8,9037.5,10539,10359,9005.7,7143.5,10854,9020.3,5456.7,8868.6,10116,10295,8453.5,7186.5
14097,11329,13347,13057,12882,12458,11907,8349.7,9671.1,11462,6724.3,6991.8,12240,4533.1,2204.5,8304.5,12483,12478,13896,13507,13128,13193,11250,11195,5032.9,10725,5897.3,13420,12062,9623,11386,13464,6878.9,6194.9,8505,9348.5,3044.8,6434.8,9689.8,9470.9,12279,12038,11685,10271,10331,11293,11272,11486,12562,10615,11831,11330,10831,11053,10709,7375.1,9049.1,10085,6222.7,6768.8,10616,4602.6,1389.2,7704.6,10753,10836,11653,11439,11140,11828,8826.1,10695,4127.6,10413,5734.7,13033,11735,9305.6,10571,12205,6714.4,5048.2,6920.8,8703,2707.6,4259.5,8490.2,7936.3,10865,10625,10242,9468.1,9044.2,10201,10967,11133,11138,9383.3,5624.6,9025.6,10610,10359,8980.9,7135.7,10796,9025,5467.1,8878.1,10063,10304,8472.2,7182.6
14100,11311,13351,13072,12886,12493,11925,8360.3,9656.5,11465,6753.5,7003.9,12250,4567.6,2201.1,8296.8,12503,12500,13894,13534,13164,13212,11265,11202,5012.3,10753,5889.4,13409,12029,9627.4,11401,13501,6893,6195.5,8529.1,9360.9,3051.2,6432.8,9681.1,9486.1,12259,12078,11749,10231,10298,11354,11292,11549,12560,10577,11846,11337,10811,11065,10708,7368.5,8986.8,10108,6257.7,6788.1,10648,4598.1,1394.5,7731.1,10745,10865,11658,11454,11156,11854,8863.8,10706,4137.8,10415,5742,13006,11715,9281.5,10584,12231,6679.8,5045.7,6926.9,8715,2695.3,4261,8500.1,7957.3,10851,10628,10282,9456.7,9074.4,10253,10956,11179,11084,9384.9,5641.2,9018.6,10628,10338,8993.4,7162.8,10802,9009.9,5483.7,8864.8,10109,10267,8431.5,7189.2
14128,11324,13378,13088,12888,12521,11922,8364.4,9684.4,11467,6751.9,7014.9,12248,4551.3,2203.2,8300.4,12497,12495,13888,13521,13125,13190,11231,11237,5018,10747,5893.8,13457,12074,9629.5,11403,13506,6869.8,6225.5,8493.4,9352.7,3058.5,6454.7,9663.9,9469.4,12298,12061,11749,10228,10287,11324,11321,11515,12610,10580,11875,11361,10845,11095,10738,7366.3,9019.9,10116,6223.1,6798.5,10640,4587,1389.3,7740.4,10759,10846,11657,11461,11153,11834,8839.9,10707,4135,10418,5768.7,13020,11735,9313.4,10585,12223,6726.6,5083.3,6907.4,8706.1,2677.2,4262.7,8500.7,7950.2,10899,10635,10267,9458.1,9099.3,10224,10984,11144,11113,9408.6,5657.5,9042.2,10691,10363,8987.6,7163.3,10804,9031.8,5532.5,8871.9,10158,10277,8446.7,7185.1
14172,11342,13400,13130,12949,12529,11948,8357.1,9681.8,11484,6757.5,7039,12254,4573.4,2199.9,8313.2,12518,12491,13880,13529,13145,13210,11265,11229,5033,10782,5918.2,13438,12085,9643.4,11422,13553,6862.4,6219.2,8511.8,9365.3,3078,6464.6,9710.5,9477.4,12360,12104,11760,10230,10344,11336,11347,11537,12627,10574,11874,11394,10844,11078,10748,7391.5,9013.2,10132,6221.7,6790.3,10663,4623.8,1397,7751.1,10778,10876,11683,11478,11180,11863,8857.7,10718,4156.6,10443,5764.8,13047,11732,9354.5,10603,12238,6718.1,5094.6,6948.3,8707.5,2696.7,4268.8,8519,7951.3,10918,10657,10305,9502.6,9065.1,10276,10981,11157,11165,9446,5662.8,9058.2,10648,10395,9007.2,7152.2,10825,9064.2,5451.9,8905,10059,10269,8476.5,7207.9
14136,11313,13375,13097,12907,12523,11929,8352.3,9689.6,11524,6770.2,7012.4,12273,4574.9,2193.8,8312.5,12496,12483,13879,13536,13144,13210,11273,11207,5012.7,10787,5911.4,13440,12058,9633.7,11397,13489,6862.9,6231.6,8524.2,9356.6,3068.4,6456.2,9714.3,9472.9,12298,12092,11783,10253,10346,11373,11322,11542,12595,10597,11850,11355,10800,11064,10730,7372.5,9014.2,10107,6243,6785.3,10639,4600.7,1397.4,7740.7,10774,10869,11686,11464,11160,11859,8843.7,10690,4154.2,10445,5798.8,13034,11735,9310.4,10606,12237,6698.4,5075.6,6921,8698.2,2675.2,4263.5,8507.6,7949.1,10825,10630,10343,9510.8,9101.2,10250,10955,11173,11122,9367.5,5655.6,9049.4,10637,10366,8991.1,7140.8,10790,9013.2,5488.3,8851.4,10059,10207,8465.3,7180.7
14118,11295,13362,13074,12907,12501,11929,8324.1,9652.1,11485,6729.7,6984.9,12221,4552.9,2195,8293,12506,12502,13901,13519,13114,13202,11259,11193,5012.5,10761,5896.3,13405,12061,9626.3,11409,13515,6851.6,6221.3,8473.6,9352.1,3054.4,6437.7,9698.6,9467.8,12304,12040,11760,10274,10324,11328,11300,11519,12579,10589,11845,11361,10793,11056,10713,7360.5,8980,10105,6202.2,6760.3,10609,4604.2,1393.3,7718.8,10770,10876,11650,11450,11130,11844,8844.7,10717,4159.3,10426,5764,13008,11719,9316.6,10594,12231,6683.3,5047.2,6882.1,8693.2,2680.1,4251.6,8484.4,7943.7,10878,10628,10297,9519.4,9095.8,10242,10972,11164,11134,9382.2,5640.7,9029.2,10629,10352,8964.4,7125.4,10826,9035.2,5474.6,8853.5,10092,10268,8445,7154.8
14174,11318,13398,13120,12949,12514,11951,8354.7,9664.9,11536,6747.5,7029.1,12269,4594.6,2209.5,8354.6,12542,12557,13940,13539,13151,13245,11344,11247,5047.2,10795,5939.3,13446,12059,9671.1,11428,13579,6895.9,6241.8,8510.7,9393.1,3064.5,6464.6,9748.4,9528.3,12314,12091,11806,10220,10321,11406,11356,11620,12644,10588,11877,11409,10828,11085,10753,7385.3,8997.1,10149,6255,6800.4,10672,4630.6,1397.2,7782,10805,10900,11693,11498,11176,11886,8897.4,10737,4160.6,10472,5794.4,13067,11740,9350.9,10636,12267,6733.1,5087,6937.7,8731,2689.4,4276.5,8526,7975.8,10915,10665,10287,9517.3,9092.5,10298,11065,11225,11140,9376.9,5636.2,9053,10679,10365,8982.9,7146.2,10869,9063.5,5519.2,8925.7,10144,10329,8479.3,7173.6
14181,11343,13414,13153,12916,12530,11947,8362.4,9686.9,11504,6746.6,7035.5,12281,4595.8,2204.7,8356.1,12526,12537,13922,13550,13158,13266,11352,11253,5042.2,10783,5889.7,13473,12093,9661.9,11424,13534,6899.1,6237,8523.3,9403.3,3069.5,6462.9,9753.3,9535.1,12324,12089,11790,10228,10293,11369,11294,11631,12660,10621,11894,11403,10825,11092,10760,7396.6,9005.5,10105,6265.5,6801.1,10678,4613.1,1402.7,7779.7,10797,10890,11690,11474,11176,11913,8918.1,10728,4183.1,10479,5794.9,13069,11739,9362,10618,12262,6747.9,5109.9,6955.9,8726.4,2688.7,4274.5,8536.9,7988.7,10891,10664,10313,9464.3,9094.1,10252,11007,11248,11166,9433.6,5684.8,9076.2,10732,10369,9021.7,7168.4,10872,9027.9,5493.1,8931.6,10175,10301,8486.6,7202.8
14161,11347,13387,13144,12924,12533,11931,8371.5,9721.1,11500,6757.1,7034.6,12308,4573.9,2203.1,8349.2,12521,12520,13931,13567,13162,13254,11319,11239,5038.9,10769,5908.9,13461,12090,9656.9,11443,13544,6884.7,6222.8,8508.7,9390.3,3061.8,6460,9738,9507.9,12315,12085,11795,10223,10311,11339,11347,11582,12620,10584,11871,11381,10833,11083,10737,7395,9020.3,10116,6246.9,6806.3,10663,4628.6,1401.9,7737.7,10783,10874,11693,11468,11178,11884,8900.8,10735,4161.6,10435,5779.7,13051,11773,9346.8,10617,12264,6717.8,5100.8,6954.1,8726.9,2680.9,4265.6,8511.3,7986.3,10906,10642,10294,9484.3,9128.4,10249,11016,11222,11155,9406.7,5670.3,9065.5,10632,10381,9027.6,7145.1,10857,9046.2,5484.7,8911.7,10122,10280,8489.8,7189.1
14188,11325,13389,13114,12931,12517,11935,8391.5,9715.9,11507,6805.1,7041.7,12286,4604,2194.3,8320,12516,12511,13883,13542,13159,13215,11262,11228,5047.9,10789,5929.7,13460,12043,9689,11445,13509,6874,6219.8,8523.5,9369.5,3068.7,6464.4,9718.3,9490.1,12328,12081,11755,10261,10332,11353,11304,11531,12652,10614,11893,11397,10791,11106,10741,7409,9068.3,10134,6290.5,6836.5,10657,4640.6,1409.4,7716.3,10779,10848,11685,11457,11192,11847,8841.3,10735,4162.5,10436,5808.1,13053,11746,9373.9,10602,12234,6745.9,5095.3,6967.3,8730.9,2691.8,4269.3,8489.4,7968.4,10865,10641,10289,9502.4,9120.2,10299,11003,11196,11165,9423.7,5646.6,9068.2,10723,10416,9052,7160.5,10871,9036.9,5474.4,8928.5,10116,10304,8531,7184.9
14164,11289,13392,13110,12906,12507,11919,8356,9698.2,11473,6749.2,7021,12260,4591.7,2198.7,8288.6,12495,12481,13901,13511,13142,13202,11226,11190,5038.8,10758,5903.9,13437,12085,9673.2,11406,13468,6862.7,6218,8509,9355.2,3064.6,6451.3,9688,9448.9,12273,12064,11780,10255,10271,11303,11301,11522,12605,10580,11879,11361,10822,11068,10717,7383.5,8968.6,10108,6235.4,6821.2,10638,4602.5,1408.1,7710,10758,10838,11654,11446,11183,11846,8821.8,10711,4167.8,10422,5776.8,13032,11765,9346.7,10602,12240,6701.5,5076.1,6939.2,8716.9,2688.7,4275.8,8477.1,7948.3,10850,10638,10257,9477.6,9033.3,10201,10964,11163,11177,9411.2,5572.9,9055.7,10668,10402,9024.5,7149.7,10850,9040.9,5449.6,8882.5,10134,10293,8495.9,7184
14206,11350,13400,13136,12962,12548,11961,8372.8,9696.3,11522,6756.3,7034.6,12326,4578.6,2210.7,8346.2,12553,12535,13968,13558,13191,13255,11335,11243,5067.2,10795,5971.6,13482,12088,9703.7,11437,13545,6915.7,6234,8511.7,9413.8,3060.7,6482.8,9759,9524.4,12329,12100,11809,10278,10346,11382,11352,11606,12664,10614,11899,11399,10894,11104,10769,7395.6,9007.2,10174,6266.9,6836,10712,4612.8,1403.1,7773.5,10805,10872,11721,11494,11219,11894,8898.2,10749,4184.1,10457,5808.3,13101,11786,9380.9,10631,12275,6743.9,5098.8,6944.8,8745.8,2672.9,4275.4,8520.1,7986.3,10913,10667,10339,9512.3,9102.3,10267,11048,11234,11203,9447.8,5672,9078.4,10726,10383,9033.9,7147.3,10921,9071.8,5517.8,8930.6,10123,10263,8492.6,7188.3
14157,11365,13393,13110,12929,12566,11945,8371.6,9703.7,11508,6730.8,7006.6,12319,4555.4,2206.5,8356,12534,12522,13951,13560,13158,13246,11312,11254,5021.4,10833,5892.7,13461,12072,9655.5,11410,13524,6913.1,6202.3,8508,9380.6,3065.7,6465.8,9754.1,9488.5,12327,12087,11824,10251,10333,11379,11337,11597,12639,10623,11875,11380,10889,11107,10760,7392.8,9023.7,10141,6233.6,6818.3,10678,4602.4,1390.9,7767.1,10782,10865,11714,11488,11171,11879,8889.1,10743,4143.5,10478,5782.7,13054,11759,9362,10604,12256,6736.8,5094.6,6998.8,8738.7,2689.9,4257,8524.8,7976,10918,10664,10347,9524.4,9133.2,10281,11017,11232,11204,9432.8,5635.6,9080.3,10733,10407,9004.8,7153.4,10864,9059.4,5511.7,8932.1,10265,10259,8474.4,7187.8
14134,11332,13381,13124,12919,12516,11938,8326.3,9633.8,11467,6740.7,7007.8,12319,4598,2209.6,8368.9,12517,12542,13951,13551,13130,13251,11330,11238,4998,10764,5881.7,13421,12065,9651.5,11412,13565,6872.9,6245.5,8504.8,9385.6,3082.5,6477.7,9750.7,9489.8,12293,12080,11797,10214,10326,11333,11328,11598,12593,10586,11859,11367,10813,11063,10739,7365.2,9001,10088,6221,6755.3,10666,4614.6,1398.3,7764.4,10792,10894,11710,11487,11146,11877,8904.6,10727,4146.5,10452,5748.3,13019,11739,9321.1,10583,12251,6690.6,5072,6945.7,8714.4,2725.1,4269,8524,7972.7,10887,10630,10324,9515.7,9070,10236,10980,11235,11133,9395.6,5694.6,9057.4,10715,10409,9012.2,7130.9,10842,9034.6,5516.8,8905.2,10133,10272,8502.6,7179.3
14126,11329,13372,13125,12889,12541,11933,8327.1,9672.3,11464,6738.3,6998.7,12284,4594.1,2201.6,8326.7,12521,12531,13926,13531,13114,13236,11305,11218,5023.6,10787,5879.8,13398,12076,9642.1,11400,13546,6886.6,6230.7,8520.4,9378.1,3053.7,6446.2,9753.1,9492.4,12322,12044,11764,10225,10333,11358,11352,11598,12575,10562,11862,11360,10814,11092,10741,7378.6,9008.1,10081,6212.2,6774.4,10622,4619.4,1400.6,7724.3,10790,10883,11701,11461,11120,11850,8878.9,10705,4162.8,10437,5786.9,13010,11734,9316.4,10582,12252,6694.5,5073,6940.1,8711.1,2696,4268.5,8511.6,7968.3,10883,10631,10322,9488.1,9066.8,10269,10988,11212,11149,9418.5,5614.4,9087.6,10659,10394,9022.5,7122.7,10793,9035.6,5434.8,8911.2,10072,10250,8493.7,7167
14133,11321,13372,13133,12872,12518,11929,8337.9,9650.4,11480,6718,6982.5,12257,4579.7,2197.2,8329.7,12516,12536,13934,13551,13122,13228,11298,11212,5023.9,10766,5889.2,13424,12065,9627,11402,13527,6874.4,6203.4,8505,9360.2,3070.6,6446.2,9717.7,9477.6,12315,12051,11777,10240,10306,11320,11295,11554,12579,10579,11851,11366,10804,11070,10735,7371.5,9020.5,10092,6221.4,6763.3,10608,4621.9,1399.5,7733.9,10781,10893,11677,11458,11126,11850,8880.6,10703,4138.2,10453,5758.8,13026,11738,9308,10578,12244,6699.9,5077.4,6941.2,8716.5,2703.4,4261.1,8496.9,7959.4,10903,10622,10300,9501,9055.2,10230,10989,11188,11111,9407.8,5675.2,9056.4,10627,10371,8996.4,7126.8,10776,9011.4,5464.4,8908.2,10079,10231,8475.3,7161.8
14189,11349,13388,13173,12926,12580,11956,8376.4,9724.8,11484,6761.7,7009.4,12295,4602.5,2203.4,8368.5,12530,12557,13966,13576,13162,13250,11355,11224,5057.1,10788,5938.3,13456,12081,9676.6,11412,13554,6893,6232.6,8529.8,9380.1,3066.7,6476.9,9741,9510.7,12325,12079,11791,10257,10302,11344,11309,11572,12627,10619,11868,11402,10821,11111,10750,7403.1,9009.9,10125,6242.7,6789.4,10631,4632.7,1407.1,7759,10789,10885,11713,11487,11170,11877,8888.7,10712,4185.7,10463,5807.9,13052,11761,9367.1,10616,12261,6730.8,5089.9,6980.3,8726.3,2675.8,4279.7,8529.7,7980.7,10899,10634,10327,9455.2,9043,10224,10997,11203,11108,9408.8,5681,9077.4,10771,10369,9017.3,7153.2,10802,9016.7,5501.2,8901.4,10164,10315,8456.8,7198.2
14145,11340,13384,13139,12922,12532,11939,8385.1,9662.5,11498,6758.6,6994.7,12262,4539.6,2205.6,8332.1,12518,12514,13945,13535,13128,13228,11293,11207,5055.5,10788,5925.8,13494,12089,9677.4,11421,13504,6928.9,6210.1,8515.7,9361.2,3040.8,6471.3,9719.6,9477,12340,12084,11776,10249,10335,11328,11285,11525,12611,10578,11883,11388,10812,11119,10749,7382.8,8996.3,10112,6227.8,6786.5,10636,4585.7,1394.5,7745,10764,10866,11692,11472,11166,11847,8837.6,10692,4178.2,10482,5819,13057,11767,9354.3,10594,12227,6731.2,5088.6,6953.5,8698.3,2670.3,4267,8493.4,7939.1,10874,10652,10306,9460.4,9117.5,10244,11013,11150,11110,9400.9,5651.4,9063.5,10799,10378,9001.6,7147,10775,9025.1,5525.1,8924.2,10235,10297,8441.4,7182.8
14152,11340,13399,13163,12927,12576,11954,8348.7,9658.1,11477,6708.1,7011.5,12271,4570.4,2213.2,8336.9,12528,12536,13949,13543,13122,13222,11314,11214,5039.5,10790,5923.6,13482,12095,9675.6,11435,13539,6889.4,6235.5,8542.9,9361.6,3051,6484.2,9715,9486.9,12345,12104,11791,10187,10336,11313,11364,11528,12601,10569,11885,11398,10843,11077,10756,7387.9,9005.5,10120,6211.6,6798.5,10635,4606.3,1404.9,7759.8,10792,10877,11712,11457,11158,11858,8851.2,10708,4164.6,10473,5775.5,13074,11766,9359.7,10607,12244,6738.2,5081.6,6953.6,8696.8,2682.7,4277,8502.7,7942.6,10957,10646,10338,9410.3,9038.8,10248,11004,11154,11102,9417,5668.5,9072.2,10795,10369,8970.5,7168.4,10811,9038.2,5492.1,8938,10194,10278,8448.4,7197.9
14135,11364,13390,13134,12891,12561,11958,8358.1,9696.8,11497,6755.7,7006.7,12284,4579.1,2207.2,8346.6,12561,12567,13962,13552,13126,13199,11319,11209,5074.9,10815,5950.6,13433,12087,9667.5,11430,13525,6916.8,6238.2,8521.8,9353.4,3050.9,6477.1,9728.2,9479.2,12362,12097,11806,10239,10334,11373,11324,11527,12611,10604,11877,11370,10802,11102,10755,7371.5,9025.6,10111,6252.6,6779.6,10636,4602,1397.3,7734.8,10805,10897,11713,11467,11124,11832,8843.5,10715,4171.3,10454,5845.9,13046,11771,9355.9,10625,12252,6756.2,5091.3,6967.7,8703.8,2671.4,4273.8,8501.3,7929.2,10927,10623,10325,9463.2,9037.9,10248,11011,11137,11081,9378.9,5616.3,9077.2,10754,10377,8985,7142.4,10794,9008.2,5499.8,8934.2,10253,10252,8442.9,7183.3
14121,11305,13369,13106,12860,12531,11941,8338.4,9662.2,11476,6727.5,6986.7,12268,4562.4,2205.2,8316.3,12525,12551,13951,13569,13138,13225,11287,11219,5030.5,10780,5909.9,13415,12075,9665.1,11424,13526,6881.8,6206.9,8504.6,9368.1,3040.5,6471.6,9707.7,9468.1,12308,12069,11760,10221,10301,11343,11304,11520,12582,10614,11852,11348,10809,11066,10740,7362.2,8985.3,10075,6226.8,6751.1,10613,4601.8,1393.5,7744.1,10787,10885,11703,11459,11116,11844,8851.2,10734,4146,10430,5778.1,13039,11751,9345.1,10613,12269,6710.8,5066.2,7000,8701.3,2678.8,4272.4,8493.8,7949.8,10846,10588,10295,9465.6,9083.3,10228,10987,11159,11056,9380.7,5663.5,9045.4,10654,10360,9004.5,7114.9,10775,8994.8,5524.4,8904.9,10243,10250,8471.8,7165.8
14159,11330,13378,13139,12909,12526,11960,8370.1,9677.4,11480,6745.6,7018.5,12289,4594.1,2198.1,8365.1,12548,12578,13934,13553,13158,13234,11325,11239,5053.7,10789,5929.2,13460,12071,9669.7,11444,13582,6893.4,6242.2,8519.3,9388.9,3061.8,6463.2,9746.4,9507.4,12290,12093,11798,10233,10305,11344,11346,11567,12591,10602,11858,11373,10796,11083,10753,7381.9,8997.2,10115,6241.4,6796.3,10635,4614.9,1400.4,7774.6,10792,10878,11711,11469,11145,11855,8875.4,10725,4176.4,10447,5817.1,13046,11737,9361,10620,12287,6720.9,5097.2,6950.1,8725.4,2708.6,4286.1,8509.4,7965.2,10839,10626,10287,9517.4,9067.7,10259,11020,11179,11088,9412.4,5653.3,9064.9,10756,10387,9015.9,7134,10761,9002.1,5502.7,8900.4,10169,10287,8477.1,7186.6
14156,11335,13372,13145,12882,12497,11934,8373.4,9683.9,11444,6758.5,7015.2,12250,4588.2,2194.2,8330.4,12513,12520,13899,13528,13119,13222,11294,11222,5025.9,10783,5902.1,13435,12067,9657.2,11423,13543,6895.5,6194.3,8521.8,9376.6,3059.7,6455.7,9727.5,9491.8,12264,12067,11721,10217,10312,11338,11316,11577,12608,10601,11862,11392,10788,11081,10743,7387.6,9008.1,10080,6225.2,6776.8,10605,4602.3,1395,7741.1,10775,10874,11675,11436,11137,11859,8854.7,10721,4154.7,10421,5783.6,13057,11756,9338,10608,12262,6708.8,5102.8,6952.8,8713.6,2701.5,4266.5,8507.5,7953.5,10882,10614,10255,9455.5,9092.4,10196,10999,11179,11113,9406.4,5641.3,9077,10666,10400,9020.9,7146.3,10800,9023.5,5521.9,8888,10229,10285,8448.7,7196.3
14140,11325,13369,13151,12902,12544,11937,8359.8,9695,11475,6723.9,7016.5,12263,4576.3,2204.6,8340.5,12513,12516,13913,13539,13125,13231,11291,11235,5022.7,10759,5914.2,13426,12062,9641.4,11420,13560,6878.8,6235.9,8516.1,9368.2,3058,6459.5,9715.6,9481.8,12381,12069,11749,10223,10316,11338,11324,11547,12596,10604,11849,11380,10800,11090,10726,7375.1,9036.2,10143,6233.2,6787.5,10609,4620.1,1396.8,7743.2,10774,10879,11676,11449,11133,11847,8865.2,10708,4162.9,10417,5782,12998,11722,9315,10596,12246,6719.2,5074.1,6961,8710.2,2702.1,4279.6,8510.7,7963.5,10875,10606,10290,9472.6,9097.4,10246,10977,11165,11109,9421.6,5660.6,9064.5,10668,10374,9008.6,7146.4,10756,9045.6,5489.4,8933.6,10145,10259,8467.4,7191.5
14122,11342,13379,13126,12898,12516,11926,8361.8,9703.2,11485,6731.5,7002.1,12236,4557.3,2196,8314.6,12511,12490,13876,13527,13124,13196,11275,11206,5034.4,10764,5913.4,13394,12074,9651.6,11417,13542,6884.6,6206.9,8507.8,9342.4,3050.2,6455.1,9709.9,9464.9,12277,12070,11749,10250,10278,11368,11298,11497,12614,10592,11863,11379,10814,11084,10734,7356.4,9013.8,10094,6202.7,6775.9,10584,4582.4,1389.4,7735.8,10767,10873,11663,11442,11124,11833,8832.3,10689,4151.6,10429,5803.1,13018,11741,9325.4,10580,12230,6731.3,5055.9,7005.5,8690.7,2662.3,4268.7,8508.7,7944.3,10909,10595,10276,9506.8,9054.3,10224,10969,11136,11112,9411.5,5654.9,9070.2,10634,10390,8990.9,7144.2,10775,9014.6,5441.6,8923.6,10196,10244,8460.5,7193.6
14113,11317,13364,13110,12873,12466,11901,8346.3,9680,11454,6734.5,6994.4,12239,4548.6,2204.4,8296,12495,12491,13862,13518,13104,13202,11236,11183,5015.8,10711,5898.3,13394,12026,9603.3,11378,13488,6870.7,6210.1,8513.3,9327.8,3052.3,6451.9,9695.7,9439.1,12301,12059,11708,10227,10293,11307,11278,11469,12578,10573,11846,11375,10796,11054,10711,7360.7,8985.3,10047,6208.9,6756.4,10572,4591.7,1393.8,7702,10740,10852,11618,11429,11125,11825,8810.4,10662,4150.7,10402,5781.2,13007,11709,9291.9,10568,12224,6709.9,5062.1,6974.7,8672.5,2690,4251,8490.8,7934.6,10824,10578,10253,9467.3,8999,10136,10948,11118,11059,9344.9,5710.1,9028.7,10629,10395,8992.5,7122.6,10758,8998.2,5449.4,8871.2,10063,10253,8469.1,7171.2
14152,11335,13391,13149,12887,12505,11930,8374.6,9653.5,11468,6727.2,7011.3,12253,4553.5,2205,8336.8,12505,12518,13890,13539,13140,13222,11277,11195,5057.5,10715,5950.1,13434,12062,9651.3,11426,13521,6911.1,6228.5,8516.3,9345.7,3057.1,6475.6,9723.5,9473.5,12297,12051,11744,10237,10276,11323,11309,11522,12617,10604,11859,11403,10817,11103,10728,7376.4,8967.3,10101,6233.8,6784.5,10613,4590.7,1398.5,7760.7,10771,10867,11650,11459,11155,11869,8853.8,10692,4162.1,10432,5798.3,13031,11734,9309.9,10606,12250,6740.8,5060.8,6963.5,8699.7,2671.6,4277.1,8519.2,7954.3,10888,10621,10250,9458.7,9027.8,10239,10984,11147,11093,9389.2,5675.1,9055.7,10739,10342,8998.2,7143.8,10796,9014.4,5487,8903,10153,10262,8446.3,7184.9
14128,11330,13363,13116,12903,12514,11903,8360,9688.4,11416,6752.3,7002.1,12239,4553.9,2200.2,8283.9,12470,12496,13839,13516,13134,13205,11230,11160,5041.9,10726,5931.4,13387,12047,9600,11347,13454,6899.4,6211.4,8495.9,9329.2,3063.8,6461.9,9698.9,9440.2,12279,12050,11700,10251,10300,11266,11226,11476,12598,10579,11846,11386,10739,11051,10707,7371.8,8988.2,10046,6203.1,6762.2,10608,4582.7,1386.4,7731.8,10741,10839,11627,11437,11128,11846,8788.9,10664,4165.8,10406,5809.8,12975,11722,9270.9,10562,12167,6740.3,5046.5,6979.9,8667.6,2673.1,4250.4,8499.7,7907.1,10851,10585,10234,9411.5,9017.2,10209,10913,11118,11124,9383.9,5638.2,9017,10776,10387,9011.8,7125.9,10765,8994.9,5454.9,8878,10192,10301,8447.6,7163.6
14164,11348,13403,13160,12937,12541,11934,8343.4,9726,11517,6753.4,7022.2,12327,4579.5,2211.8,8354,12538,12558,13930,13576,13165,13256,11314,11232,5044.4,10760,5898.3,13434,12063,9652,11428,13529,6896.4,6213.4,8525.8,9388.3,3055.1,6467,9752.8,9520.4,12302,12075,11780,10231,10303,11362,11348,11542,12610,10564,11886,11404,10803,11117,10748,7367.4,8989.2,10121,6225.1,6807.7,10662,4604.2,1394,7777.2,10785,10893,11676,11503,11190,11905,8859.8,10711,4184.3,10454,5831.7,13030,11735,9342.5,10605,12234,6719.4,5069.6,6938.6,8706.3,2691.9,4273.2,8511.5,7961.7,10868,10619,10272,9453.9,9076,10277,11007,11181,11097,9452.6,5712.7,9071.9,10672,10398,9001.2,7144.7,10800,9024.1,5429.4,8939.5,10146,10286,8469,7202
14125,11312,13374,13102,12922,12507,11909,8370,9714.1,11443,6738.5,7012.2,12287,4552.6,2195,8345.6,12518,12519,13902,13549,13147,13232,11290,11215,5017.5,10734,5918.9,13415,12070,9663.2,11437,13548,6886,6225.2,8508.3,9388.4,3059.6,6481.4,9711.7,9489,12319,12082,11745,10218,10301,11323,11366,11538,12612,10562,11872,11388,10850,11079,10729,7391.4,9017.4,10110,6206.7,6807.8,10655,4578,1388.7,7746.4,10767,10884,11671,11475,11175,11856,8838.2,10707,4136.7,10421,5786,13027,11714,9342.8,10604,12271,6729.3,5073.1,6978.7,8716,2677.7,4255.6,8500.2,7959.1,10881,10639,10267,9545.1,9073,10265,11039,11181,11158,9382.8,5661.9,9071.8,10572,10383,9016.2,7141.5,10808,9052.7,5468.6,8921.8,10176,10237,8466.4,7161.9
14123,11290,13354,13091,12836,12503,11923,8327.2,9665.6,11496,6738.7,6994.1,12223,4571,2206.9,8310.3,12500,12509,13868,13508,13108,13199,11266,11214,5020.5,10727,5884.9,13407,12043,9651.2,11413,13522,6848.6,6208.9,8481,9356.2,3069.3,6450.2,9699.6,9496.9,12262,12060,11707,10206,10282,11301,11347,11525,12594,10558,11855,11360,10785,11070,10722,7356.7,9030.9,10084,6215.9,6773.2,10595,4587.9,1397.2,7732.9,10761,10868,11651,11444,11148,11852,8831.8,10701,4152.3,10417,5796,13027,11723,9327.5,10595,12229,6716.4,5072.5,6945.2,8713.7,2688,4269.6,8502.4,7951.4,10817,10594,10275,9478.8,9091,10235,11010,11160,11109,9392.7,5661.2,9030.1,10741,10369,8999.4,7141.1,10813,9025.8,5473.6,8876.7,10210,10250,8442.3,7172.1
14139,11314,13374,13123,12835,12532,11918,8330.6,9604.8,11477,6706.5,6967,12255,4517.8,2197.4,8336.6,12506,12514,13883,13504,13104,13199,11300,11196,5032.8,10774,5908.9,13436,12028,9601.3,11382,13474,6868.2,6216,8494.2,9328.6,3017.6,6458.4,9689.8,9465.8,12320,12081,11743,10182,10292,11284,11262,11555,12583,10574,11859,11386,10766,11089,10719,7371.3,8970.2,10078,6185.6,6755.9,10603,4597.3,1396,7723.3,10776,10882,11675,11461,11113,11852,8852.5,10662,4144.1,10436,5749,13038,11745,9301,10567,12197,6720.1,5092.7,6931.3,8703.2,2698.3,4279.3,8514.5,7927.7,10908,10634,10285,9477.4,9077.3,10210,10967,11192,11144,9389.4,5641.2,9039.2,10653,10381,8979.8,7114.7,10820,9052.1,5511.7,8870.5,10217,10247,8445.7,7120.6
14072,11294,13346,13098,12849,12471,11921,8314.9,9658.2,11457,6697.7,6976.5,12241,4534.7,2188.6,8307.4,12525,12536,13917,13517,13098,13202,11307,11202,5024.3,10761,5913.6,13397,12046,9602.6,11367,13493,6874.3,6208.7,8493.6,9346.7,3024.5,6457.6,9695.8,9459.1,12332,12061,11775,10213,10285,11308,11292,11532,12550,10581,11827,11352,10763,11047,10717,7345.8,8988.5,10079,6206.1,6742.6,10598,4575.5,1392.2,7719.5,10772,10878,11697,11467,11115,11834,8863,10709,4132.4,10405,5753.8,12972,11686,9282.6,10572,12215,6691.2,5056.5,6921.2,8698.5,2676.1,4260.5,8484.7,7950.2,10882,10607,10263,9437.4,9077.8,10256,10975,11197,11067,9360.5,5739.8,9040.6,10738,10326,8951.6,7107,10733,8980.6,5496.3,8845.8,10198,10237,8424.7,7122
14103,11328,13368,13102,12900,12524,11949,8342.6,9662.1,11485,6725.5,6996.1,12232,4565.9,2201.7,8310,12563,12544,13965,13529,13136,13211,11305,11227,5015.9,10791,5926.8,13448,12084,9657.6,11430,13548,6858.7,6203.9,8534.4,9376,3054.9,6467.6,9710.8,9496.7,12348,12086,11818,10191,10330,11352,11311,11544,12570,10601,11851,11363,10808,11063,10744,7370.9,9018.3,10122,6210.2,6776.8,10618,4613.1,1401.4,7738,10790,10899,11723,11480,11139,11852,8880,10718,4132.4,10443,5778.4,13043,11730,9328.9,10622,12246,6704.7,5069.4,6930.8,8717.7,2705.5,4276.3,8496.4,7970.5,10901,10642,10316,9475.5,9052.3,10283,11018,11166,11049,9382.8,5648.2,9029.7,10655,10338,8971.8,7127.7,10780,9025.9,5489.3,8888.8,10183,10285,8477.8,7150.3
14083,11306,13349,13069,12882,12477,11930,8343.7,9698,11482,6737.4,6989.3,12253,4571.4,2191.5,8306.4,12535,12535,13950,13531,13130,13207,11304,11222,5051.1,10780,5895.7,13393,12055,9650.8,11417,13526,6889.9,6174.9,8517.6,9377.6,3045.3,6462.7,9706.9,9499.8,12296,12061,11829,10220,10283,11347,11306,11546,12598,10592,11853,11347,10809,11062,10738,7364.7,8994.2,10087,6250.7,6759.5,10633,4601.1,1392.7,7699.5,10783,10873,11722,11455,11145,11836,8863,10731,4169,10461,5774.7,13006,11744,9333.3,10610,12233,6724.5,5066.3,6913.4,8719.7,2663.2,4251.1,8490.7,7973.6,10927,10630,10346,9455,9066.8,10225,11028,11184,11075,9390.2,5653.8,9038.8,10581,10341,8973.4,7097.8,10750,9016.4,5483,8857.9,10129,10258,8458,7112.8
14097,11327,13363,13096,12839,12544,11944,8328.6,9647,11487,6739.4,6981.8,12236,4575.3,2203.2,8310.3,12537,12524,13942,13501,13120,13201,11292,11204,4998.4,10760,5911.4,13423,12060,9631.3,11417,13502,6844.3,6226.5,8518.5,9368.7,3045.7,6475.6,9716.1,9493.9,12299,12061,11797,10242,10326,11332,11277,11533,12564,10579,11864,11358,10802,11084,10727,7364.3,8999.5,10110,6240,6780.4,10653,4595.8,1391.2,7737.6,10799,10898,11726,11465,11149,11859,8875.4,10699,4122.6,10440,5799.2,13040,11732,9344.1,10631,12217,6717.7,5083.6,6932.3,8693.3,2676.8,4279.4,8505.6,7958,10867,10641,10344,9441.2,9078.6,10249,10985,11184,11101,9394.3,5655.7,9063.2,10619,10402,8982.9,7140.6,10782,9001.3,5465.6,8888.3,10081,10246,8444.4,7175.3
14116,11310,13377,13126,12900,12546,11946,8334.9,9649.6,11451,6744.5,6993.9,12250,4555.7,2206.6,8310.4,12524,12522,13929,13529,13117,13199,11281,11200,5001.3,10772,5893.9,13402,12047,9617.2,11390,13496,6851.5,6214.6,8485.1,9338.7,3050.7,6459.4,9691.2,9478.2,12312,12046,11738,10239,10308,11274,11264,11530,12583,10590,11849,11368,10798,11084,10727,7369.7,8979.9,10077,6218.2,6743.6,10613,4613.4,1401.7,7746.2,10794,10895,11717,11460,11115,11841,8851.5,10675,4133.2,10424,5751.5,13013,11710,9303.7,10580,12205,6677,5076.3,6946.5,8689.9,2680.8,4271,8489,7942.6,10896,10644,10281,9484,9060.5,10235,10947,11157,11092,9377.8,5653,9050.3,10700,10394,8981.6,7114.2,10764,8999.6,5475.2,8885.5,10080,10332,8464.5,7133.2
14130,11280,13355,13110,12871,12475,11902,8332,9607.8,11430,6695.2,6981,12237,4525.2,2199.7,8332.7,12490,12521,13906,13527,13114,13221,11286,11183,5026.1,10745,5922.9,13423,12024,9620,11388,13476,6870.2,6195.3,8484.5,9332.5,3028.6,6441.8,9685.5,9467.9,12270,12019,11702,10197,10258,11278,11272,11514,12564,10553,11837,11364,10829,11051,10717,7356.5,8971.7,10069,6212.9,6739.5,10632,4585.5,1392.9,7736.6,10757,10870,11665,11451,11129,11863,8867.8,10673,4144.9,10421,5753.3,12985,11687,9304.8,10561,12172,6721.2,5033.2,6927,8685.8,2679.8,4260.1,8497.2,7964.6,10864,10598,10224,9440.4,9066.6,10178,10947,11181,11062,9333,5663.7,9001.7,10655,10298,8985.4,7099.3,10771,8972.6,5461.6,8846.3,10161,10249,8415.6,7143.4
14098,11292,13362,13140,12874,12492,11934,8324.6,9644.5,11470,6716,7001.1,12238,4555.3,2202.8,8332.6,12505,12542,13909,13521,13108,13216,11317,11185,5007.1,10752,5926.5,13434,12015,9608.1,11395,13510,6894.7,6210.7,8496.7,9328.5,3019.8,6454.8,9724.8,9476.1,12273,12061,11745,10176,10277,11312,11260,11550,12558,10543,11854,11368,10778,11065,10739,7342.2,8965.3,10074,6184.4,6759.9,10603,4596.8,1393.6,7759.2,10772,10870,11648,11451,11137,11863,8869.6,10676,4158.3,10448,5778.7,13037,11715,9296.8,10573,12197,6710.1,5068,6918.8,8667.4,2658.2,4261,8517.2,7962.5,10866,10600,10266,9404,9052.5,10218,10957,11169,11047,9345.9,5712.2,9044.1,10770,10315,8967.2,7127.9,10795,9014.5,5491.7,8883.7,10217,10285,8438.3,7176.4
14100,11310,13378,13135,12879,12532,11929,8323.8,9647.7,11436,6674.9,6979,12236,4518.6,2193.8,8319.5,12502,12501,13881,13517,13105,13222,11272,11172,5005.5,10747,5871.6,13414,12037,9585.5,11385,13521,6851.1,6206.3,8456.5,9324.2,3007.9,6443.4,9682.1,9453.7,12329,12075,11732,10165,10290,11297,11294,11520,12547,10580,11847,11358,10783,11038,10724,7333.8,8966.6,10068,6196.2,6754,10570,4561.6,1393.7,7721.3,10757,10855,11641,11432,11101,11820,8854.8,10658,4104,10421,5725.9,13011,11721,9264.4,10553,12209,6664.7,5073,6918.7,8651.9,2655,4249.3,8481.3,7945.1,10885,10619,10238,9497,9059.3,10237,10975,11149,11116,9350.3,5718,9015.9,10568,10374,8973.9,7110.1,10845,8998.7,5495.1,8864.8,10065,10297,8430.1,7143.5
14129,11311,13366,13111,12945,12505,11928,8359,9667,11491,6710.5,6986.9,12274,4525.1,2210.7,8359.7,12521,12531,13930,13564,13142,13227,11299,11195,4992.1,10749,5882.7,13416,12038,9662.9,11425,13519,6880.2,6195,8498.7,9360.7,3028.2,6451.3,9708,9487.3,12331,12092,11747,10226,10288,11368,11289,11529,12573,10574,11849,11370,10840,11065,10722,7361.5,9027.7,10084,6163.6,6767,10612,4598.3,1395.6,7745.1,10780,10869,11663,11451,11137,11853,8887.8,10703,4136.1,10410,5722.4,13015,11739,9322.5,10609,12270,6714.1,5071.8,6940.2,8721.7,2709.6,4261.2,8491,7982.6,10867,10637,10284,9515.6,9098.3,10243,10979,11185,11072,9361.1,5605.6,9033.7,10675,10389,8987.3,7131.5,10773,8985.1,5457.8,8892.8,10087,10230,8436.5,7205.2
14152,11329,13386,13109,12948,12529,11922,8344.6,9627.7,11447,6740.1,6995,12251,4568.8,2201.9,8324,12506,12514,13904,13548,13158,13217,11295,11178,5020.5,10775,5891.2,13448,12090,9649.7,11403,13467,6895.8,6229,8533.7,9344.3,3036.8,6457.9,9726.6,9483.4,12334,12076,11750,10245,10328,11291,11300,11571,12614,10566,11858,11376,10862,11081,10738,7383.1,9010.2,10063,6213.6,6781.8,10639,4612,1404.3,7761.2,10783,10848,11684,11446,11162,11843,8895.6,10690,4143.4,10451,5764.5,13039,11753,9314,10581,12213,6714.4,5095.1,6958.6,8709.6,2700.5,4283.9,8510,7971.7,10862,10627,10279,9479.4,9021.4,10223,10953,11192,11101,9377.7,5679.7,9040.6,10680,10390,9006.2,7146.8,10792,8999.3,5524.3,8909.2,10116,10303,8449.7,7212.1
14130,11296,13362,13122,12864,12504,11884,8313.8,9606.2,11441,6685.2,7000.5,12286,4526.8,2185.5,8259.9,12468,12503,13861,13538,13110,13223,11268,11218,5010.6,10708,5902.4,13409,12034,9618.1,11398,13516,6850.6,6195.8,8474.3,9353.9,3012,6435.8,9671.3,9468.1,12309,12053,11691,10199,10314,11274,11329,11545,12584,10606,11824,11374,10775,11075,10708,7339.4,8990.5,10025,6199.8,6759.1,10626,4559.7,1401.2,7770.1,10751,10859,11646,11445,11137,11862,8851.1,10705,4142.3,10408,5698.7,12979,11736,9300.8,10595,12229,6679.9,5075,6909.6,8709.5,2702.6,4250.8,8493.9,7960.7,10860,10573,10236,9427,9015.8,10161,11010,11212,11102,9396.6,5664.5,9012,10577,10311,8961.1,7098.5,10771,9000.8,5498.8,8848.5,10052,10254,8462.9,7150
14109,11338,13357,13137,12881,12515,11940,8355,9661.4,11442,6705.3,7001.9,12299,4519.1,2205.9,8348.9,12538,12535,13925,13562,13141,13231,11323,11204,5024.1,10746,5953.3,13419,12042,9659.9,11410,13529,6916.4,6200.2,8499.8,9368.5,3031.2,6463.9,9715.8,9491.6,12317,12104,11828,10233,10277,11340,11316,11553,12595,10616,11835,11379,10778,11085,10744,7377.8,9010.1,10118,6213,6787.4,10672,4593.3,1397.5,7788.8,10795,10888,11690,11484,11167,11882,8892.6,10703,4157.6,10446,5840.1,13023,11728,9337.6,10612,12226,6733.1,5085.9,6958.5,8717.2,2701.8,4284.1,8512,7978.9,10866,10628,10323,9472.3,9059.5,10249,11005,11196,11139,9413.8,5692.1,9071.3,10720,10391,8979.9,7136.7,10806,9005.8,5516.4,8901.6,10307,10318,8480.8,7171.5
14165,11360,13383,13126,12953,12532,11958,8343.4,9665.9,11478,6736.2,6992.5,12327,4518.6,2205.4,8349.9,12553,12504,13987,13547,13132,13216,11316,11198,5028,10805,5946.6,13464,12109,9658.8,11399,13518,6914.8,6239.1,8518.2,9373.5,3031,6461.9,9713.2,9485.7,12371,12151,11817,10243,10338,11359,11287,11598,12623,10626,11863,11376,10885,11089,10765,7383.9,8985.9,10107,6186.8,6776.6,10668,4591.1,1395.7,7764,10833,10865,11741,11495,11152,11829,8905.2,10693,4153.3,10495,5783.7,13042,11770,9337.1,10576,12240,6736.4,5095.5,6923.1,8723.4,2693.1,4272.2,8502.3,7990.4,10936,10690,10345,9509.3,9119.8,10332,10959,11216,11198,9403.5,5670.5,9079.9,10769,10371,8985.3,7159.8,10856,8992.8,5468.8,8921,10227,10302,8472.3,7251.6
14121,11320,13365,13089,12874,12536,11941,8349.5,9679.3,11458,6729.1,7005.7,12273,4552.9,2205,8333.4,12530,12494,13948,13539,13139,13183,11271,11203,5033.6,10762,5916.9,13433,12053,9628.8,11388,13472,6889.4,6204,8498.2,9362.6,3027,6447,9696.1,9475.4,12355,12078,11788,10253,10327,11342,11274,11539,12564,10610,11844,11355,10787,11093,10731,7360.5,8983.9,10083,6204.8,6768.1,10603,4584.8,1393.2,7716.1,10785,10864,11678,11456,11129,11809,8843,10692,4153.8,10443,5773.7,12997,11718,9314.9,10573,12230,6741,5067.8,6954.5,8706,2671.8,4261.8,8488.9,7945.7,10888,10645,10298,9473.5,9066.6,10225,10958,11168,11088,9359.8,5663.6,9044.1,10693,10386,9000.9,7123.6,10757,8978.2,5501.7,8895.6,10237,10270,8454.6,7141
14156,11328,13411,13147,12900,12572,11956,8350.7,9698.5,11496,6740.1,7025.3,12298,4557.9,2214.1,8345.3,12531,12532,13938,13569,13152,13232,11301,11219,5033.5,10797,5917.1,13452,12064,9640.9,11403,13517,6883.5,6253.2,8539.1,9376.3,3034.8,6468.8,9722.8,9469.2,12325,12090,11790,10223,10310,11317,11293,11574,12581,10589,11855,11368,10751,11072,10734,7348.8,8967.6,10100,6190.1,6798.3,10621,4570.5,1399.3,7750.3,10774,10866,11659,11452,11137,11841,8866.7,10715,4138.1,10446,5796.8,13005,11758,9318.1,10565,12229,6730.7,5087.6,6991,8706.8,2686.1,4276.3,8511.5,7965.2,10907,10644,10294,9496.5,9069.4,10260,10984,11198,11119,9388,5672.7,9099.5,10784,10422,9022.9,7150.1,10848,9035,5443.1,8924,10255,10253,8482.3,7167
14196,11345,13424,13169,12972,12577,11954,8379.3,9690.4,11457,6756,7033.1,12307,4535.2,2211.7,8348.8,12532,12507,13955,13564,13172,13232,11311,11212,5062.2,10789,5921.7,13481,12085,9673.7,11425,13510,6906.3,6251.6,8490.3,9351.5,3056.7,6468,9693.7,9479.6,12384,12066,11774,10233,10353,11343,11287,11569,12632,10613,11883,11406,10885,11119,10743,7377.5,8996.7,10098,6229.1,6803.8,10653,4602.6,1402.9,7747.8,10770,10840,11679,11465,11171,11843,8878.4,10681,4175.5,10455,5808,13064,11776,9338.5,10596,12218,6736,5104.8,6973.4,8695.8,2703.2,4279.8,8493.9,7976.3,10886,10613,10281,9486.1,9031,10239,10998,11189,11121,9435.3,5721.6,9092.1,10749,10376,8983.9,7157.3,10828,9020.5,5495.2,8918.9,10099,10246,8470.7,7238
14141,11356,13384,13107,12946,12566,11940,8385.2,9667.8,11469,6761.3,7033.7,12325,4535.7,2202.9,8340.7,12518,12520,13963,13573,13161,13212,11294,11186,5029.8,10766,5941.9,13428,12060,9649.9,11401,13483,6933.5,6211.1,8490.7,9347.2,3054.3,6434.1,9693.4,9456.5,12363,12116,11788,10235,10344,11338,11246,11527,12608,10585,11869,11346,10860,11064,10724,7369.9,9000.6,10079,6216.6,6767.8,10647,4569.8,1391.9,7704.2,10754,10845,11685,11448,11144,11823,8849.9,10680,4147.4,10409,5803.2,13023,11708,9327.9,10598,12227,6764.8,5090.9,6958.4,8690,2655.9,4266.8,8471.1,7961.5,10901,10594,10260,9496.5,9062.4,10209,10955,11176,11069,9395.8,5642.6,9072.4,10711,10327,8965.1,7106.7,10757,9019.6,5503.4,8885.1,10220,10243,8444.3,7139.6
14151,11345,13371,13089,12938,12582,11939,8356.5,9707.3,11470,6750,7024.8,12283,4547.7,2196.3,8294,12523,12504,13959,13531,13140,13173,11248,11171,5030.2,10739,5931.8,13425,12043,9615.7,11355,13460,6902.6,6199.6,8502.8,9333.6,3030.1,6448.3,9677.7,9432.7,12329,12121,11787,10219,10320,11277,11296,11524,12586,10604,11840,11350,10810,11076,10726,7376.9,9003.7,10093,6211.1,6774.4,10633,4590.8,1406.3,7712.1,10763,10856,11692,11439,11135,11784,8836.6,10666,4154.9,10427,5805.1,13023,11750,9306.8,10550,12181,6714.6,5076.9,6955.2,8661.2,2683.9,4264.4,8479.9,7940.7,10894,10621,10283,9480.5,9093.1,10234,10933,11138,11112,9384.9,5683.1,9037.5,10768,10409,8999.7,7100.2,10752,8970.1,5514.4,8892.4,10213,10271,8427.1,7070.1
14097,11334,13348,13025,12895,12505,11920,8348,9677.9,11450,6743.6,6993,12220,4552.9,2194.3,8257,12512,12464,13936,13492,13100,13134,11206,11152,5019.5,10698,5893.2,13388,12041,9576.3,11331,13439,6861.4,6201.6,8508.4,9329.5,3024.3,6437.2,9667.6,9422,12321,12064,11787,10244,10306,11313,11237,11500,12550,10585,11840,11312,10820,11029,10708,7360.9,8946.5,10083,6194,6754.4,10612,4596.8,1391.4,7671.3,10753,10842,11685,11425,11093,11740,8791.4,10648,4135.7,10404,5792.9,12973,11710,9260.2,10537,12172,6708.7,5058.6,6940.9,8646,2684.9,4238,8455.4,7929.7,10878,10613,10313,9438.6,9035.8,10218,10942,11085,11097,9379.7,5623.4,9024.1,10654,10365,8987,7087.4,10674,8973.5,5439.5,8877.9,10102,10247,8426.1,7042
14113,11344,13368,13045,12860,12490,11935,8348.3,9693.1,11480,6742.5,6982,12233,4529.6,2210.7,8321.2,12534,12505,13939,13494,13098,13175,11264,11210,5035.8,10770,5911.4,13422,12069,9613.3,11370,13485,6880.3,6196.7,8512.4,9352.6,3029.6,6468.1,9703.7,9443.1,12336,12086,11783,10288,10322,11320,11273,11545,12568,10591,11852,11319,10833,11042,10729,7380.8,9000.1,10077,6237.1,6760.9,10604,4596.4,1399.8,7706.9,10778,10857,11719,11447,11094,11800,8822.3,10696,4129.8,10449,5791.5,13003,11749,9302.8,10552,12213,6719.3,5069.8,6939.9,8697.4,2690.2,4274.9,8498.3,7932.5,10907,10629,10318,9523.6,9047.4,10242,10957,11147,11081,9387,5660.7,9048.4,10736,10372,9037.5,7097.3,10791,9033.9,5479.7,8874.8,10291,10283,8458.5,7065.8
14098,11358,13351,13057,12839,12484,11941,8368.8,9680.6,11497,6745.4,6962.5,12268,4552.9,2200.6,8320.3,12536,12518,13913,13519,13109,13200,11299,11214,5018.5,10790,5946,13436,12063,9638.8,11404,13538,6858.5,6208.4,8521.6,9369.4,3039.6,6462.6,9720.3,9491.5,12308,12114,11794,10265,10339,11382,11254,11572,12583,10560,11853,11344,10876,11036,10727,7393.1,9010.8,10088,6251.3,6766.5,10652,4612.2,1389.5,7728.9,10779,10859,11715,11468,11132,11828,8892.2,10691,4132.2,10431,5796.9,13030,11749,9325.9,10578,12224,6733,5066,6993.8,8710.6,2687.4,4272.7,8504.6,7971.2,10860,10650,10333,9494.7,9114,10272,10987,11194,11094,9421.5,5682,9080.5,10714,10373,9011.9,7129.8,10771,9007.4,5491.1,8915.4,10219,10265,8466.3,7153.8
14083,11315,13344,13066,12804,12461,11924,8318.4,9680.4,11454,6729.9,6935.3,12193,4614.1,2192.5,8223.8,12492,12452,13885,13474,13091,13172,11234,11166,4962.5,10756,5873.1,13441,12063,9648,11369,13481,6837.8,6243.2,8504.9,9329.5,3061.2,6440.2,9659.7,9418.4,12269,12057,11767,10237,10302,11330,11251,11573,12577,10588,11858,11334,10815,11025,10706,7356.7,8982.7,10113,6229.5,6764.8,10647,4631,1404.6,7678.3,10765,10822,11703,11453,11155,11792,8836.6,10654,4130,10418,5778.6,13034,11742,9320.8,10562,12193,6711.8,5099.1,6962.4,8677.7,2686.9,4272,8483.6,7924.8,10849,10637,10313,9503.2,9129.8,10268,10923,11150,11097,9411.5,5647.9,9054.9,10744,10365,8983.9,7124.9,10728,9005.9,5509.3,8899.9,10118,10241,8485.9,7117
14025,11243,13338,13038,12842,12492,11892,8349.9,9711.7,11440,6743.7,6990.4,12224,4532.2,2212.4,8334.7,12514,12504,13909,13504,13153,13214,11285,11172,5017.3,10756,5894.1,13360,11981,9635.3,11422,13571,6860,6231.7,8528.5,9362.3,3048.1,6472.8,9715.5,9460.1,12285,12063,11820,10147,10259,11364,11311,11537,12577,10518,11846,11336,10821,11098,10706,7374.4,8947.5,10068,6239.3,6803.7,10619,4597.9,1392.5,7700.2,10769,10833,11669,11455,11153,11812,8817.3,10680,4152.1,10414,5744.4,12993,11664,9296.9,10613,12296,6667.6,5117.5,6981.6,8715.5,2652.6,4283,8489.6,7934.3,10875,10642,10340,9442.1,9125.5,10298,11018,11171,11101,9360.4,5647.5,9027.5,10499,10388,9009.4,7125.3,10815,8956.1,5407.6,8869.9,9963.6,10280,8448.4,7147
14134,11371,13343,13097,12891,12523,11955,8355.5,9672.4,11502,6770.1,6988.2,12218,4545.1,2195.7,8289.8,12529,12520,13945,13519,13103,13167,11257,11175,5031.1,10780,5926.4,13443,12070,9653.7,11380,13463,6907.5,6237.5,8537.5,9329.5,3030.1,6473.6,9695.9,9437.2,12364,12119,11778,10272,10326,11377,11279,11506,12587,10645,11847,11362,10846,11092,10752,7383.9,9026.3,10122,6251.4,6762.2,10647,4614.2,1388.4,7693.4,10797,10860,11724,11442,11112,11799,8844.6,10682,4161.9,10435,5798.3,13043,11752,9348.4,10599,12194,6753.2,5118,6956.5,8687.4,2702.6,4271.1,8473.4,7931.8,10971,10637,10279,9517.9,9122.3,10217,10975,11091,11074,9444.5,5727,9069.1,10851,10354,8970,7167.8,10779,9060.5,5529,8923.9,10255,10260,8430.3,7240.6
14167,11387,13388,13087,12927,12562,11974,8381.3,9696.5,11465,6771.2,6982,12172,4539.2,2200,8259.8,12547,12512,13916,13470,13077,13118,11232,11160,5057.1,10808,5948.9,13478,12113,9637.6,11381,13456,6888.9,6248.4,8532.2,9326.2,3039,6461.8,9675.2,9433.1,12367,12130,11780,10279,10346,11354,11274,11479,12642,10645,11877,11356,10889,11098,10766,7388.9,9014.5,10119,6249.3,6781,10631,4599.2,1397.3,7691.5,10811,10883,11738,11458,11125,11771,8829.6,10677,4170.1,10476,5775.6,13082,11800,9344.6,10587,12182,6765.5,5095,6993.1,8656.8,2679.7,4268.4,8481.5,7919.8,10961,10633,10321,9515.9,9084.3,10286,10969,11069,11109,9390,5671,9080.8,10655,10398,9006.1,7149.3,10822,9058.4,5502.4,8932.6,10161,10278,8467.3,7229.6
14158,11350,13377,13091,12888,12538,11964,8388.1,9680.5,11477,6775.5,6995.1,12228,4566.1,2195.6,8292.1,12542,12534,13957,13498,13122,13167,11251,11189,5037.2,10800,5931.3,13483,12098,9672.6,11411,13498,6930,6238.3,8503.9,9345.9,3038.3,6465.9,9688.7,9466.9,12346,12080,11797,10240,10331,11382,11229,11490,12611,10646,11855,11365,10846,11086,10757,7386.4,9025.4,10103,6220.5,6783.6,10641,4591.2,1391.6,7707.9,10804,10872,11730,11476,11137,11806,8830.7,10676,4160.6,10436,5820.4,13055,11770,9350,10603,12203,6758.9,5082.5,6943.6,8680.7,2680.7,4255.5,8486.6,7940,10934,10632,10322,9500,9071.1,10256,10951,11078,11077,9406.1,5695.2,9051.1,10646,10325,8996,7146,10785,9036.9,5500.6,8885,10262,10264,8446.2,7222
14180,11369,13388,13133,12910,12532,11964,8395.3,9703.1,11511,6718.9,7030.9,12291,4512.6,2207.3,8343,12560,12555,13961,13565,13164,13222,11326,11223,5051,10813,5967.3,13506,12128,9693.3,11450,13525,6962.9,6250.4,8513.9,9379.8,3003.1,6472.9,9747.8,9519.8,12386,12098,11805,10285,10346,11389,11314,11552,12642,10646,11878,11395,10868,11124,10765,7394.2,9012.2,10134,6226.6,6802.9,10661,4619,1392.1,7769.8,10814,10889,11746,11508,11176,11854,8881.7,10709,4156.7,10495,5800,13110,11793,9366,10637,12229,6777,5099.3,6931,8721.5,2677.6,4274.7,8517.6,7974.8,10984,10664,10339,9543.4,9091.6,10252,11022,11147,11128,9450.9,5734.3,9080.9,10859,10366,9005.9,7175.8,10887,9069.1,5517.2,8931,10247,10280,8453.2,7279.8
14214,11365,13424,13159,12984,12609,11971,8371.7,9701.4,11511,6741.8,7044.6,12299,4545,2203.8,8318,12546,12527,13938,13543,13147,13202,11308,11212,5051.6,10814,5936.7,13508,12097,9684,11441,13524,6914.1,6253,8499,9363.1,3046.6,6439.9,9712.7,9484.8,12368,12131,11791,10236,10399,11356,11293,11590,12672,10581,11895,11413,10904,11120,10758,7372,9012.6,10110,6239,6785.6,10637,4607.4,1395.4,7729.9,10808,10885,11716,11499,11160,11837,8893.1,10700,4160.5,10487,5808.1,13132,11790,9379.4,10621,12195,6751.4,5095.4,6945,8700.1,2698.7,4275.6,8488.7,7976.6,10954,10672,10285,9507,9119,10288,11002,11169,11161,9399.1,5670.1,9072.7,10716,10395,8979.9,7135.9,10897,9051.6,5520.8,8944.7,10043,10252,8450.3,7237.7
14167,11347,13413,13157,12927,12591,11949,8380.5,9672.4,11522,6741,7038.5,12304,4582.7,2208.4,8377.9,12534,12520,13930,13562,13174,13230,11334,11256,5038.6,10777,5899.4,13479,12084,9706.8,11451,13539,6918.6,6256.7,8533.3,9393.5,3069.1,6465.8,9736,9549.7,12302,12086,11771,10260,10368,11372,11359,11606,12639,10607,11883,11399,10847,11078,10749,7372.8,9004.1,10113,6228,6807.4,10657,4588.4,1397.2,7760.2,10784,10888,11714,11474,11169,11855,8865,10737,4155.5,10482,5800,13084,11759,9369.3,10614,12253,6736.4,5081.8,6937.3,8736.3,2688,4264.2,8493.8,7981.9,10898,10643,10302,9496.3,9077.1,10287,11038,11220,11162,9408.2,5707.1,9044.7,10682,10381,9001.9,7105.3,10842,9046.4,5501.9,8907,10195,10256,8455.7,7108.9
14248,11385,13447,13221,12966,12615,11995,8428.6,9697.6,11562,6749.2,7060,12389,4555.9,2206,8419.9,12581,12573,14002,13623,13200,13291,11423,11286,5074.8,10839,6042.4,13544,12139,9729.9,11468,13599,6984.1,6258.8,8536.4,9437.7,3048.3,6477.7,9791.8,9588,12378,12139,11824,10310,10381,11398,11396,11670,12722,10652,11929,11453,10923,11120,10794,7423.7,9029.1,10141,6256.3,6825.9,10729,4605.9,1394.1,7797.2,10820,10893,11758,11518,11209,11916,8937.2,10761,4181.3,10498,5893.5,13151,11816,9410.5,10631,12274,6806.1,5119.3,6945.5,8775.3,2667.5,4275.8,8538.7,8011.8,10919,10714,10344,9573.4,9124.1,10292,11043,11312,11124,9431.7,5687.6,9138.5,10793,10406,9017.4,7156,10855,9039.5,5520.3,8955.5,10293,10286,8460.8,7218.2
14196,11375,13435,13161,13017,12591,11985,8404.4,9677.9,11495,6715.6,7023.9,12320,4497.6,2204.3,8349.4,12550,12543,13947,13553,13138,13191,11302,11227,5064.2,10821,6008.3,13524,12116,9688.5,11429,13578,7010.3,6229.5,8507.3,9363.1,3013.9,6466.6,9719.5,9474.6,12353,12103,11802,10260,10368,11388,11328,11568,12686,10616,11909,11418,10930,11140,10771,7407.8,9028.4,10100,6233.7,6798.9,10663,4608.5,1394,7734.6,10805,10862,11725,11484,11174,11848,8857.2,10719,4174.1,10482,5881.3,13130,11806,9362.9,10610,12248,6810.7,5105.7,6947,8709.4,2655.1,4274.1,8502.8,7963,10938,10676,10331,9496.7,9127.5,10283,11016,11216,11120,9416.7,5643.3,9086.9,10875,10377,9010.6,7132.7,10854,9065.2,5521.8,8910.6,10326,10289,8436,7170.4
14216,11357,13426,13159,13026,12565,11985,8390.9,9658.5,11504,6740,7010.7,12312,4509.6,2204.4,8348.7,12566,12576,13945,13550,13143,13220,11344,11241,5066.2,10820,5969.9,13517,12120,9695.4,11449,13557,6957.5,6235.2,8525.3,9393.5,3037.6,6472.2,9741.6,9507.7,12357,12117,11852,10205,10331,11360,11337,11643,12686,10605,11933,11445,10960,11144,10805,7423.1,9024.6,10143,6255.3,6830.6,10728,4641.1,1404,7760.7,10843,10927,11742,11523,11211,11885,8912.8,10727,4171.2,10521,5860.6,13117,11774,9385.4,10623,12257,6792.9,5110.9,6937.4,8734.7,2688.6,4277.3,8523.4,7969.4,10964,10666,10347,9494.7,9110.3,10285,10996,11273,11089,9420.6,5676.3,9086.3,10761,10418,8996.1,7187.1,10839,9039.6,5551.8,8947.3,10250,10264,8462,7200.5
14182,11341,13432,13165,13029,12581,11993,8388.8,9697.2,11510,6754.9,7022.2,12325,4572.7,2211.2,8382.4,12574,12581,13990,13580,13157,13252,11411,11235,5059.5,10825,5947.5,13498,12124,9665.7,11436,13571,6925.2,6257.4,8537.4,9387.1,3063.4,6476.8,9758.9,9520.2,12343,12107,11841,10266,10344,11399,11348,11671,12669,10637,11911,11419,10948,11139,10811,7399.9,9030.5,10130,6233.6,6796.3,10700,4609,1402.8,7787.7,10849,10914,11772,11510,11188,11893,8958.1,10733,4187.7,10534,5860,13094,11791,9365.3,10638,12243,6770.8,5104,6942.2,8734,2696.8,4277.1,8528.1,7982,10936,10689,10308,9508.6,9150.2,10282,10979,11272,11150,9409.6,5697.5,9099.8,10713,10406,9024.3,7188.3,10850,9047.9,5538,8953.8,10273,10352,8478.2,7305.4
14173,11341,13414,13173,12900,12549,11975,8366.7,9658.3,11550,6743,7020.5,12298,4551.7,2204.2,8390.7,12547,12556,13922,13561,13151,13266,11363,11241,5052.8,10804,5925.9,13453,12084,9673.3,11442,13561,6895,6251.7,8541.3,9385.3,3051.3,6481.9,9749.7,9528.2,12328,12122,11795,10232,10366,11365,11371,11610,12646,10637,11892,11410,10775,11098,10765,7379.8,9032.9,10134,6229.8,6810,10650,4570.1,1408.9,7810.8,10832,10926,11736,11471,11166,11894,8926,10741,4143,10490,5815.9,13081,11771,9346.6,10634,12247,6730.6,5099.7,6927.5,8737.7,2686.5,4297.6,8525.6,7988.8,10899,10662,10332,9499.8,9090.2,10293,11013,11242,11154,9451.1,5669.6,9055,10734,10391,9021,7161.1,10883,9046,5515.9,8915.5,10210,10356,8503,7197.2
14168,11344,13403,13189,12942,12549,11956,8386.9,9700.6,11520,6755.7,7033.6,12351,4550.6,2212.4,8395.6,12551,12578,13974,13587,13168,13267,11383,11240,5060.3,10774,5950.9,13466,12063,9699.4,11465,13561,6919.8,6254.4,8508,9394.5,3038.7,6461.9,9743.5,9542.8,12343,12099,11796,10230,10348,11380,11355,11623,12630,10610,11875,11421,10861,11105,10761,7392.8,8992.1,10112,6220.1,6810.1,10675,4603,1390.4,7808.3,10805,10914,11714,11500,11175,11912,8923.3,10745,4171.8,10477,5844.6,13049,11757,9358.1,10641,12258,6784.6,5102.4,6932.9,8740.9,2693.3,4274.3,8521.4,7987.8,10912,10663,10307,9501,9071.6,10271,11006,11261,11116,9403.1,5686.7,9088.3,10660,10418,9008.6,7149.1,10843,9066.2,5459.3,8917.9,10286,10280,8462.2,7199
14146,11317,13385,13122,12926,12531,11931,8355.1,9672.1,11442,6728.9,7010.2,12272,4499.1,2198.2,8361.2,12505,12516,13909,13535,13107,13225,11299,11222,5029.7,10756,5933.3,13457,12064,9649.6,11415,13525,6918.6,6209.5,8522.2,9363.1,2996.3,6459.2,9709.4,9483.8,12329,12068,11752,10222,10329,11322,11315,11577,12607,10603,11868,11384,10836,11089,10737,7379.7,8975.6,10071,6239.1,6790.2,10650,4610.7,1387.7,7763.4,10774,10869,11674,11460,11151,11872,8896,10718,4145.2,10458,5773.2,13054,11751,9347.5,10620,12233,6755.2,5116.8,6924.8,8715.4,2695.4,4274.7,8508.6,7977.7,10879,10616,10259,9522.7,9085.2,10228,11016,11210,11128,9398.9,5634,9067.9,10641,10377,9001.9,7157.7,10836,9035.6,5513.6,8915.7,10210,10293,8465.4,7195.9
14159,11326,13381,13145,12942,12523,11940,8363.1,9664.7,11483,6739.1,7011.4,12320,4537.4,2203.6,8393.2,12531,12539,13924,13572,13171,13265,11337,11257,5027.6,10780,5892.8,13467,12068,9680,11442,13584,6894.6,6227.4,8563.5,9409.2,3047.3,6478.3,9742.3,9519.3,12356,12096,11782,10199,10309,11338,11337,11617,12644,10594,11873,11415,10864,11112,10743,7362.5,9006.9,10101,6201.2,6781.5,10670,4590.1,1397.2,7791.5,10775,10878,11707,11487,11174,11919,8899.7,10723,4168.5,10458,5785.6,13074,11750,9367.8,10635,12282,6732,5094.9,6937.6,8729.6,2682.3,4287.7,8540.4,7972.1,10906,10633,10304,9497.3,9078.1,10255,11026,11228,11126,9416.3,5651.5,9081.3,10752,10402,9013.2,7174.4,10816,9054.1,5475.2,8930.8,10201,10267,8458.2,7201.1
14116,11325,13384,13138,12880,12521,11917,8336.9,9648.4,11481,6735.7,7002.8,12255,4564.6,2198.6,8313.3,12497,12523,13889,13541,13153,13229,11289,11186,5000.5,10765,5897.8,13447,12059,9636.7,11408,13485,6848,6252.4,8510.7,9346.7,3047.8,6469.2,9725,9467,12293,12041,11747,10174,10241,11294,11301,11568,12589,10569,11863,11382,10779,11075,10715,7385.7,8971.5,10068,6241.4,6786.9,10652,4624.4,1407.1,7763.5,10769,10865,11668,11472,11176,11880,8877,10678,4127.1,10428,5773.7,13023,11732,9326.5,10599,12212,6723.2,5096.7,6942.7,8701.2,2684.1,4289,8512.6,7953.3,10904,10617,10246,9451.8,9027.3,10211,11022,11165,11161,9398.2,5667.6,9059.2,10695,10342,8998.2,7190.6,10823,9030.2,5500.1,8897.2,10121,10273,8472.7,7339.6
14174,11333,13401,13154,12904,12548,11920,8383.5,9684.7,11496,6759.1,7032.2,12288,4567.3,2222.4,8349.4,12495,12539,13903,13546,13153,13256,11313,11219,5043.4,10766,5927.1,13487,12084,9653.4,11425,13522,6903.1,6243.2,8504.7,9370.5,3026,6486.5,9715.3,9498.1,12301,12062,11722,10214,10356,11325,11318,11570,12631,10629,11862,11403,10805,11096,10729,7390.3,8999,10098,6229.4,6794.2,10647,4600.4,1390.1,7779.5,10769,10870,11661,11473,11192,11898,8884,10720,4142.3,10431,5790,13058,11755,9323,10630,12218,6741.2,5097.9,6952.6,8713.8,2680,4273,8516.5,7966.4,10904,10614,10251,9501.9,9017.3,10217,11010,11188,11141,9407.4,5635.4,9059.9,10736,10411,9010.3,7149,10838,9060.4,5537.7,8888,10297,10295,8475.7,7204.3
14165,11331,13408,13185,12939,12558,11935,8297.8,9658.2,11490,6743.5,6996.4,12329,4608.3,2210,8372,12522,12555,13956,13583,13185,13296,11351,11273,5002.9,10800,5938.2,13496,12113,9671.5,11464,13543,6876.8,6236.3,8491.5,9397.3,3087.8,6451.6,9728.2,9570.5,12335,12051,11771,10226,10298,11326,11345,11596,12640,10602,11886,11427,10788,11099,10741,7351.7,8964.2,10086,6197,6764.6,10666,4585.1,1401.3,7768.3,10779,10906,11702,11495,11215,11931,8903,10764,4129,10462,5786.4,13089,11757,9352.3,10632,12259,6683.7,5043.2,6946.9,8744.9,2729.6,4248.7,8511.7,7986.7,10884,10644,10294,9482.6,9025.4,10196,11016,11238,11182,9421,5657.7,9056.8,10737,10352,9012.4,7109.5,10871,9064.7,5473.7,8897.3,10261,10248,8452.6,7093.1
14068,11195,13282,13017,12785,12351,11859,8288.3,9573.4,11444,6696.5,6955.5,12234,4615.1,2193.2,8283.2,12474,12526,13879,13509,13136,13239,11246,11224,5052.3,10638,5870.6,13326,11969,9635.6,11394,13505,6827.7,6171.1,8491.6,9367.3,3082.5,6445.6,9684.4,9489.7,12180,11965,11677,10158,10265,11232,11313,11484,12499,10531,11787,11321,10811,10944,10677,7335.4,8964.3,10046,6177.8,6728.5,10620,4612.5,1401.6,7670,10745,10875,11650,11445,11165,11890,8828.9,10741,4147.5,10346,5685.3,12961,11611,9319,10581,12255,6660.3,5042.6,6890.1,8720.8,2719.2,4236.2,8479.2,7965.9,10801,10555,10219,9374.1,9039.4,10107,10973,11184,10973,9349.3,5703.3,8955.1,10564,10234,8949,7085.6,10674,8986.5,5464.9,8794.6,10092,10172,8429.7,7091.9
14136,11385,13322,13065,12865,12546,11912,8376.6,9728.1,11474,6773.2,7016.3,12227,4583.7,2207.9,8296.4,12485,12479,13890,13518,13124,13160,11212,11187,5047,10741,6004.6,13454,12068,9623.3,11371,13496,6901.8,6234.3,8518,9337.4,3056.5,6456.4,9696.9,9422,12366,12106,11715,10224,10305,11303,11281,11443,12572,10615,11801,11325,10779,11086,10691,7381,9012.8,10080,6258.9,6779.5,10590,4610.1,1399.3,7699.5,10727,10818,11655,11434,11128,11772,8777.7,10683,4166.9,10384,5869.5,13041,11760,9298,10568,12191,6764.8,5090.8,6952.9,8693.1,2651.8,4262.6,8500.3,7921.3,10904,10629,10268,9438.2,9095,10252,10992,11070,11161,9419.3,5651.8,9059.8,10789,10348,9000.9,7143.8,10812,9062.1,5488.5,8908.4,10172,10265,8463.5,7191
14127,11305,13386,13120,12866,12459,11945,8327.4,9599.8,11477,6695.3,6952.3,12265,4541,2192.6,8329,12538,12563,13939,13579,13143,13230,11326,11247,5057.5,10818,5949.2,13436,12051,9661.7,11451,13546,6899.6,6213.5,8476.7,9383,3038.1,6457.8,9720.8,9534.3,12306,12061,11809,10230,10353,11380,11307,11519,12610,10592,11887,11390,10871,11072,10770,7361.6,8987.3,10133,6222.3,6778.1,10670,4592.6,1393.3,7747.7,10820,10903,11720,11518,11177,11867,8875.6,10755,4158.5,10472,5773.5,13048,11729,9352,10639,12269,6730.3,5067.7,6930.1,8739.9,2674.3,4276,8525.8,7999,10887,10648,10320,9468.3,9054.5,10255,11041,11170,11060,9427.1,5705.2,9058.3,10676,10313,8962.8,7114.1,10806,9018.7,5496.5,8893.7,10258,10214,8424.9,7144.3
14174,11340,13382,13119,12957,12521,11935,8377.2,9670.1,11465,6735.5,7003.9,12279,4509.4,2203.3,8364.2,12540,12538,13933,13537,13132,13215,11311,11237,5069,10754,5944.3,13448,12075,9660,11436,13536,6941.2,6212.7,8505.1,9389.3,3021.9,6473,9712.8,9517.3,12316,12101,11789,10244,10310,11323,11347,11522,12629,10625,11865,11374,10889,11094,10748,7393.2,9010.5,10072,6201.1,6764.6,10656,4583.9,1386.5,7753.5,10788,10886,11706,11475,11137,11861,8892.3,10721,4189,10444,5817.7,13058,11752,9325.4,10611,12239,6760.7,5064.8,6931.7,8724.6,2661.4,4267.7,8493.9,7980,10979,10663,10316,9461.3,9091.6,10264,11029,11162,11093,9366.3,5714,9032.1,10680,10385,8962.8,7117.5,10790,9048.2,5495.6,8883.4,10245,10260,8409.1,7163.6
14080,11269,13370,13102,12837,12478,11893,8338.7,9639.6,11447,6712,7000.5,12248,4567.4,2202.5,8312.8,12506,12502,13899,13504,13139,13201,11280,11174,4988.6,10719,5889.4,13420,12026,9639.1,11400,13500,6880.8,6193.8,8477,9334.7,3021.4,6453.2,9703.2,9477.6,12264,11979,11716,10218,10253,11299,11301,11519,12539,10555,11839,11358,10716,11050,10706,7341.1,8904.4,10078,6168.7,6763.6,10573,4590.9,1397.1,7734.7,10758,10879,11654,11417,11135,11842,8848.1,10688,4122.4,10414,5734,12996,11703,9322.7,10603,12216,6709.4,5065.9,6932,8683.7,2684.2,4248.7,8489.3,7943.6,10806,10549,10270,9499.7,8965.6,10167,10973,11187,11086,9337.6,5636.4,9032.5,10768,10369,9006.2,7134.2,10745,8940.7,5494.1,8878.2,10043,10280,8451.1,7145.6
14132,11277,13373,13129,12817,12511,11923,8342.8,9578.6,11462,6725.9,6989.7,12248,4593.4,2188.6,8294.1,12525,12520,13878,13516,13113,13210,11308,11171,5061.3,10723,5930.7,13407,12036,9643.4,11411,13505,6888.4,6225.5,8507.2,9335.4,3009.8,6428.8,9717.6,9496.6,12312,12071,11698,10172,10276,11268,11261,11538,12599,10568,11857,11391,10768,11030,10717,7364.1,8995,10051,6215.3,6789.6,10600,4614,1398.5,7711.1,10788,10892,11652,11446,11133,11834,8860.2,10694,4163.7,10440,5760.2,13032,11711,9316.5,10591,12254,6729.7,5139.6,6929.1,8696.4,2674.5,4252.7,8492.9,7973.8,10897,10583,10234,9419.2,9062.1,10217,11003,11191,10970,9319.4,5673.7,9009.9,10660,10331,8969.5,7140,10731,8951.4,5470.6,8876.5,10126,10214,8457.8,7162.4
14044,11273,13301,13048,12760,12418,11884,8285.1,9574,11399,6731,6966.7,12165,4598.2,2187.3,8273.3,12478,12518,13862,13481,13085,13214,11278,11175,5006.8,10714,5845.1,13346,11990,9619.3,11389,13451,6835,6198.5,8490.2,9351.1,3034.8,6431.1,9700.8,9491,12220,12000,11699,10180,10238,11236,11271,11482,12517,10532,11797,11304,10648,10988,10687,7310.4,8947.7,10030,6203.1,6733.6,10520,4569.2,1393.8,7687,10758,10870,11635,11410,11096,11828,8836.2,10686,4141.7,10413,5740.9,12934,11664,9290,10586,12240,6677.4,5088.1,6935.8,8697.8,2640.3,4242.5,8485,7963.2,10820,10539,10264,9326.3,8970.3,10165,10997,11156,10969,9296.4,5620.2,8972.7,10584,10302,8967.9,7126.6,10710,8897.5,5438.1,8832.8,10031,10188,8420,7150.1
14045,11267,13268,13018,12751,12448,11873,8310.8,9623.6,11420,6698.4,6956.4,12132,4567.8,2195.5,8240.8,12457,12455,13817,13436,13035,13113,11194,11170,5000.7,10670,5892.2,13319,12006,9575.6,11356,13457,6820.9,6193.5,8493.3,9336.9,3017,6441.2,9690.8,9435,12229,12026,11724,10167,10173,11256,11251,11439,12491,10510,11777,11283,10672,11005,10666,7325.4,8976.2,10037,6207.1,6711.4,10518,4577.1,1395.3,7643.9,10697,10817,11595,11383,11043,11752,8759.5,10675,4129.3,10370,5766.2,12921,11649,9281.9,10552,12194,6659,5062.1,6934,8674.9,2645.9,4250,8459.9,7906.7,10854,10553,10233,9362.8,9013.3,10171,10918,11083,11037,9340.3,5673.4,8996.5,10699,10324,8949.4,7110.2,10698,8954.8,5448.5,8861,10141,10261,8400.6,7137.8
14072,11277,13298,13031,12825,12460,11870,8343.3,9636.8,11444,6730.8,6963,12168,4577.2,2188.1,8232.4,12461,12456,13824,13455,13072,13124,11219,11189,5072,10698,5896,13323,12012,9581.3,11328,13458,6852.9,6219.9,8467.1,9325.3,3051.7,6448.4,9685.6,9446.9,12226,12003,11661,10167,10273,11246,11277,11455,12531,10523,11801,11301,10723,11036,10674,7367.3,8959.4,10068,6214.2,6753.2,10528,4614,1399.9,7675.4,10725,10839,11589,11373,11054,11747,8794.8,10678,4169.1,10367,5798.6,12964,11694,9278.9,10532,12174,6708.3,5043.4,6942.9,8682.2,2670.1,4261.4,8477.3,7931.3,10863,10580,10241,9432.9,9020.1,10181,10948,11094,11053,9311.5,5640.2,9011.3,10637,10351,8995.5,7113.1,10696,9009.1,5465.6,8852.4,10106,10244,8452,7148.8
14085,11296,13330,13058,12831,12481,11883,8333.4,9666.4,11449,6746.5,6959.3,12194,4580.1,2196.9,8278.8,12473,12502,13862,13491,13108,13154,11246,11181,5030.5,10719,5898.8,13375,12033,9585.5,11336,13484,6844.3,6203.3,8497.6,9332.2,3054.2,6459.2,9706.3,9440.7,12256,11968,11687,10212,10336,11281,11289,11449,12533,10558,11822,11350,10772,11063,10696,7356.6,9018.4,10042,6226.1,6745,10545,4602.2,1398.6,7725.1,10743,10853,11624,11404,11087,11797,8785.4,10688,4137.4,10378,5767.8,12962,11701,9275.1,10543,12187,6706.3,5041.7,6930.4,8655.6,2703.6,4259.4,8490.2,7914.8,10808,10547,10227,9432,8999,10124,10980,11103,11075,9411.5,5613.1,9025,10703,10334,8986.1,7126.4,10772,8997,5484.1,8857.8,10184,10263,8463.7,7147.8
14124,11335,13399,13141,12918,12537,11948,8360,9696.8,11501,6697.8,6997.8,12276,4549.3,2200.6,8351.1,12519,12544,13921,13542,13149,13233,11288,11225,5003,10793,5930.6,13451,12068,9656.5,11428,13551,6866.6,6212.7,8534,9378.1,3058,6472,9716.2,9488.7,12343,12090,11792,10220,10352,11373,11350,11531,12594,10597,11865,11401,10834,11126,10747,7377.6,9019.3,10130,6221.1,6797.2,10642,4589.4,1390.9,7766.8,10766,10877,11682,11485,11168,11873,8864.8,10735,4138,10449,5766.2,13040,11757,9323.6,10593,12257,6713.1,5078.1,6941.9,8728.7,2714.7,4271.4,8520.6,7956.9,10879,10631,10307,9532.1,9109.1,10252,11004,11173,11174,9429.2,5644.5,9049.2,10651,10393,9001.7,7161.7,10829,9043.6,5494.4,8885.9,10181,10347,8494.7,7174.3
14206,11345,13415,13168,12954,12580,11973,8373.2,9679.9,11526,6728.3,7041.7,12331,4552.5,2217.8,8392,12547,12535,13940,13555,13139,13253,11297,11278,5050.7,10827,5920.1,13481,12099,9684.4,11447,13555,6898.5,6257.2,8557.1,9381.6,3085.9,6488,9741.7,9496.4,12357,12152,11826,10250,10346,11421,11332,11526,12651,10646,11905,11408,10896,11138,10756,7426.4,9064.3,10154,6284.3,6847.1,10687,4626.5,1406.5,7763.4,10798,10894,11720,11506,11195,11912,8872.5,10747,4188.1,10460,5780.6,13082,11767,9362.9,10629,12251,6763.5,5098,6988,8750.8,2737.9,4279.7,8547,7964.1,10924,10696,10325,9542.1,9160.8,10310,10982,11184,11211,9403.8,5658,9087,10603,10391,9039,7166,10875,9064.5,5439.8,8908.7,10001,10306,8515.3,7186.7
14267,11393,13465,13232,13002,12609,12003,8407.5,9728.3,11527,6773.9,7037.2,12352,4516.5,2203.1,8387.7,12571,12561,13971,13581,13152,13243,11324,11257,5078.4,10843,5931.1,13532,12146,9690.8,11471,13567,6960.8,6166.5,8532.8,9373.7,3050.4,6483.1,9731.4,9483.8,12404,12172,11846,10245,10341,11407,11348,11572,12721,10629,11968,11452,10945,11168,10810,7443.9,9058.4,10138,6278.5,6819.5,10715,4626.3,1391,7777.5,10839,10925,11763,11520,11206,11911,8908.7,10734,4186.9,10531,5833.8,13148,11827,9371.6,10659,12271,6798.2,5078.5,6967.3,8739.5,2654.2,4261.8,8524.3,7980.4,11000,10717,10348,9506.7,9178.9,10345,11001,11228,11192,9510.7,5757.4,9117.8,10740,10397,8990.5,7131.3,10910,9122.8,5524.5,8963.4,10153,10264,8445.8,7160.6
14037,11379,13412,13167,12970,12540,11968,8355.3,9775.2,11484,6719,7032.6,12328,4553.9,2213.6,8438.3,12577,12549,14007,13604,13188,13256,11332,11220,4944.1,10826,5898,13456,12083,9680.7,11452,13570,6907.6,6183.5,8501.2,9393,3096.7,6498.8,9752.4,9530.2,12359,12107,11876,10336,10333,11401,11368,11528,12552,10562,11889,11369,10836,11082,10773,7339.3,8990.7,10184,6170.9,6796.3,10675,4593.8,1391.7,7823.3,10823,10901,11761,11540,11214,11911,8889.7,10731,4120.4,10465,5772.2,13059,11759,9372.1,10624,12267,6707.3,5020.8,6944.2,8732.3,2650.2,4309.4,8544.9,7973.1,10894,10677,10389,9511.9,9107.1,10300,11043,11183,11166,9457.7,5688.2,9123.1,10754,10458,9024.7,7128.3,10834,9054.1,5531.8,8952.8,10259,10255,8454.5,7181.9
14164,11314,13365,13132,12833,12569,11907,8421,9673.6,11468,6713.2,7004.5,12264,4523.6,2217.2,8356.1,12484,12506,13881,13526,13128,13203,11242,11186,5014.2,10693,5935.9,13415,12042,9634.8,11388,13498,6917.2,6143.7,8511.6,9368.8,3019.1,6429.3,9705.4,9458.3,12308,12063,11736,10240,10260,11308,11220,11455,12585,10571,11850,11344,10685,11114,10660,7367.8,9018.4,10041,6196.2,6767.5,10535,4542.2,1385,7715.1,10679,10843,11561,11352,11112,11848,8787.4,10679,4149,10357,5834.3,12990,11731,9301.3,10549,12195,6789.5,5027.8,6973.9,8694.1,2719.5,4247.8,8491.9,7882.8,10878,10521,10302,9463.7,8977.7,10059,10897,11182,11017,9417,5607,9020.4,10657,10398,9026.3,7105.2,10715,9003.4,5441.1,8831.5,10202,10272,8455,7113.9
14123,11274,13342,13044,12930,12472,11893,8343,9695.1,11418,6770.7,6985.7,12162,4533.7,2195.4,8218.8,12500,12491,13915,13481,13093,13117,11229,11132,5072.6,10716,5886.8,13371,12022,9574.6,11330,13451,6908,6178.1,8494.6,9281.3,3026.3,6447.2,9659.8,9383.3,12287,12028,11699,10213,10265,11238,11254,11468,12576,10592,11814,11329,10864,11023,10707,7375.1,9007.1,10025,6215.3,6719.8,10565,4616,1388.8,7602.3,10744,10828,11653,11396,11029,11715,8800.1,10613,4174.9,10396,5745.4,12968,11697,9238.7,10528,12156,6702.1,5102.4,6919.5,8625.1,2656.2,4223.5,8418.5,7897.7,10862,10611,10195,9435.8,9062,10247,10912,11066,11122,9313.4,5634.6,8983.6,10647,10366,8958.1,7093.4,10770,8977,5447.8,8837.7,10044,10260,8414.4,7132.6
14082,11323,13329,13059,12866,12468,11915,8345.4,9641.8,11488,6717.4,6967.9,12265,4579.6,2193.3,8330.6,12529,12503,13954,13514,13110,13198,11306,11222,5016,10752,5890.3,13395,12062,9640.7,11411,13533,6846.3,6170.8,8525.2,9394.9,3083.3,6458.2,9735.6,9490.3,12254,12045,11818,10192,10329,11376,11305,11538,12549,10547,11837,11336,10819,11051,10741,7375.2,9000,10164,6214.8,6754.7,10630,4579.9,1393.6,7742.1,10793,10854,11720,11464,11143,11834,8886.8,10736,4140.6,10433,5773.2,12970,11703,9316.2,10588,12248,6720.7,5049.7,6948.7,8725,2751.1,4259.4,8531.4,7966.7,10895,10649,10361,9545.8,9111.1,10247,11002,11167,11140,9423.9,5675,9052.5,10621,10332,9004.8,7107.6,10805,9038.8,5516.3,8893.2,10105,10274,8501.7,7169.6
14147,11398,13361,13155,12923,12560,11974,8325.8,9638.3,11512,6669.2,6994.8,12326,4556.6,2215.4,8404.1,12548,12566,13948,13552,13130,13236,11279,11278,5017.2,10793,5915.1,13491,12096,9682.6,11469,13563,6855.5,6265.2,8538.4,9419.6,3097.4,6494.6,9765,9542.9,12344,12143,11838,10161,10350,11418,11356,11449,12582,10625,11858,11392,10883,11146,10759,7329.6,9027,10108,6224.9,6805,10654,4564,1403.8,7796.6,10809,10888,11729,11537,11185,11879,8851.5,10784,4144,10489,5779,13072,11774,9355.4,10638,12294,6741.5,5069.5,6953.2,8775.2,2664.4,4299.7,8558,8015.5,10968,10682,10305,9454.3,9148,10321,11051,11101,11132,9471.9,5716.7,9089.4,10693,10280,9004.5,7164.7,10818,9089.1,5518.5,8945,10154,10224,8456.3,7186.6
14146,11356,13418,13113,12836,12536,11938,8332.7,9625.2,11474,6730.5,6992.8,12252,4529.9,2205.3,8372.1,12505,12465,13870,13546,13086,13193,11287,11274,4999.5,10830,5987.2,13507,12109,9648.6,11439,13510,6933.9,6216.8,8471.3,9361.3,3021.6,6455.3,9710,9557.5,12404,12139,11744,10200,10329,11345,11349,11470,12631,10637,11925,11399,10783,11190,10769,7373.8,9052.6,10113,6258.6,6844.1,10640,4632.4,1392.7,7782.3,10800,10925,11717,11496,11160,11875,8857,10749,4127.1,10470,5836.4,13070,11779,9336.1,10628,12232,6786.5,5097.6,6967,8749,2638.1,4275.1,8547.1,7992.6,10936,10701,10343,9493.3,9095.2,10290,11037,11170,11203,9420.2,5656.3,9103.7,10780,10394,8977.3,7151.4,10827,9001.8,5458.1,8946.3,10182,10291,8427.5,7143.2
14100,11299,13374,13110,12921,12497,11936,8371.1,9637.4,11457,6726,6984.9,12277,4527.7,2195.9,8339.2,12541,12542,13922,13504,13129,13196,11313,11193,5039.8,10765,5894.6,13405,12049,9649.2,11411,13513,6894.1,6225.1,8530.7,9355.5,3017,6474.3,9718.2,9466.6,12285,12052,11798,10232,10320,11337,11289,11539,12585,10565,11864,11375,10844,11060,10740,7395.7,8954.2,10086,6204.4,6766.4,10636,4582.2,1389.3,7747.3,10796,10878,11694,11456,11138,11832,8871.8,10704,4161.5,10466,5781.6,13021,11724,9332,10615,12230,6755.7,5078.4,6942,8702.3,2710.1,4267.5,8509.6,7958.6,10898,10597,10303,9501.7,9045.6,10216,10992,11176,11032,9344.6,5668.1,9032.7,10686,10372,8999.2,7148.1,10755,8998.5,5508.9,8884,10184,10281,8459.3,7173.8
14196,11358,13432,13212,13019,12629,11967,8392.4,9698.1,11459,6713.9,7021.6,12314,4502.7,2208.1,8377,12539,12568,13950,13564,13155,13263,11327,11214,5037,10797,5911.1,13479,12100,9647,11417,13532,6937.6,6224.6,8515.1,9360,3024.4,6459.9,9726.1,9490.8,12418,12131,11779,10240,10335,11346,11314,11626,12643,10607,11883,11419,10912,11141,10738,7411.1,9018.7,10056,6219.9,6779.2,10660,4591.7,1393.6,7801.9,10776,10891,11683,11486,11174,11921,8910,10695,4156.3,10453,5785.9,13091,11768,9329.1,10591,12197,6759.3,5085.3,6948.2,8713.4,2673.9,4273.9,8518.7,7981.3,10933,10629,10251,9462.4,9084.7,10232,10970,11250,11170,9456.4,5681.6,9070.3,10669,10406,9006,7165.5,10848,9057.9,5503.7,8908.8,10173,10314,8459.7,7203
14097,11335,13357,13118,12827,12506,11931,8317,9699.4,11504,6746.7,6996.3,12213,4579.4,2200,8265.2,12490,12488,13891,13527,13117,13191,11245,11172,5013.9,10772,5901.1,13420,12064,9643.7,11394,13488,6827.3,6186,8506.3,9330.6,3027.6,6449,9663.9,9434.5,12255,12049,11761,10204,10272,11341,11274,11517,12558,10590,11850,11384,10683,11053,10745,7319.5,9014.4,10136,6203.2,6750.9,10569,4595.6,1398.5,7659.8,10767,10864,11691,11433,11096,11799,8813.4,10668,4144.1,10433,5740.6,12983,11748,9320.5,10583,12257,6650.4,5073.9,6938.9,8660.4,2650.1,4255.1,8446.2,7901.6,10878,10608,10312,9487.9,9100.9,10282,10948,11150,11114,9407.7,5691,9029.5,10716,10335,8960.7,7106.7,10778,9012.8,5492.7,8861.1,10170,10229,8420.2,7162.9
14102,11280,13323,13037,12856,12424,11888,8362.4,9650.3,11443,6726.1,6980.6,12239,4517.1,2197.3,8312.6,12489,12491,13884,13525,13124,13165,11272,11227,5060.7,10722,6023.5,13399,12009,9646.2,11400,13510,6943.3,6178.3,8471.3,9363.9,3005.9,6456.6,9704.6,9485.1,12270,12028,11707,10237,10303,11274,11303,11436,12560,10581,11821,11309,10779,11015,10694,7346.6,8980.2,10069,6196.3,6763.2,10611,4571,1394.6,7688.7,10741,10845,11653,11429,11131,11785,8825.2,10714,4168.2,10384,5855.9,13008,11702,9315.3,10597,12208,6781.9,5061.8,6920,8718.8,2660.2,4251.1,8494.8,7968.6,10815,10600,10291,9432.4,8988.6,10205,11015,11111,11022,9305.8,5658.2,9039.5,10723,10357,8952.7,7082.4,10749,8978,5457.2,8884.9,10244,10210,8423.6,7114.4
14141,11276,13356,13071,12866,12465,11906,8354.3,9645.5,11486,6773.5,7025.6,12301,4563.1,2197.9,8348.8,12533,12515,13905,13536,13157,13232,11329,11209,5060.9,10701,5940.1,13422,12009,9666.8,11416,13550,6907.5,6225,8504.8,9373.8,3023.2,6462.1,9738.9,9507.1,12277,12030,11727,10261,10305,11300,11294,11582,12650,10583,11845,11361,10838,11037,10728,7398.4,8958.2,10072,6245,6801.8,10679,4617.3,1395.1,7752.5,10786,10857,11676,11461,11177,11851,8863,10727,4180.6,10397,5845.7,13066,11716,9348.2,10627,12265,6758.1,5088.7,6952,8726.1,2719.4,4262.2,8505.1,7967.5,10862,10610,10271,9507.1,9035.1,10181,11041,11212,11001,9296,5637.7,9031,10764,10363,8995.6,7134.7,10751,8980.5,5496.4,8871.6,10269,10272,8486.1,7168.2
14141,11299,13358,13085,12884,12497,11911,8373.9,9656.7,11462,6734.1,6991.5,12267,4513.8,2197.3,8293.1,12495,12510,13897,13516,13135,13212,11289,11210,5040.7,10713,5912.5,13413,12046,9645,11393,13485,6896.8,6220.8,8512.3,9354.6,3025.1,6446.2,9682.6,9481.8,12276,12058,11705,10208,10312,11264,11296,11583,12606,10560,11844,11370,10827,11046,10701,7383.2,8993.6,10025,6197,6774.6,10636,4584.5,1386.7,7727.7,10766,10856,11666,11426,11147,11838,8860.4,10684,4129.5,10420,5775.6,13022,11702,9331.7,10578,12203,6726.5,5089.3,6945.5,8688.6,2689.1,4240.4,8469.8,7958.8,10861,10602,10228,9437.3,9018.1,10172,10965,11186,11032,9361.5,5673.8,9024.6,10636,10357,9016.3,7133.7,10761,8979.4,5472.3,8878.7,10204,10264,8441.3,7167.6
14147,11337,13368,13094,12900,12562,11937,8367.9,9668,11480,6752.2,6996.5,12267,4596,2208,8290.3,12522,12552,13941,13544,13147,13225,11262,11205,5041.1,10778,5902.8,13458,12088,9622.3,11399,13524,6873.3,6290.8,8541.8,9356.9,3066,6454.2,9699,9433.6,12396,12099,11762,10193,10321,11313,11289,11607,12614,10634,11853,11390,10910,11093,10739,7411.5,9000.4,10069,6234.9,6766.4,10663,4621.2,1407.2,7730.9,10765,10866,11691,11464,11149,11875,8885.7,10688,4139.6,10470,5745.9,13040,11750,9320.9,10576,12206,6711.8,5141.8,6937.1,8695.1,2708.2,4273.6,8500.6,7952.8,10924,10627,10241,9494.8,9129.7,10214,10962,11221,11152,9412.1,5610.9,9050.7,10700,10406,9006.3,7177,10833,9058.8,5496.2,8902.2,10132,10324,8456,7214.5
14098,11318,13371,13120,12956,12530,11934,8264.5,9691.5,11439,6745.8,6989.5,12154,4627.2,2192.8,8216.9,12484,12439,13871,13443,13070,13135,11200,11090,4966.1,10750,5806.3,13413,12055,9584.4,11310,13412,6756.7,6244,8516.5,9267.6,3095.9,6445.2,9635.3,9376.3,12279,12056,11728,10214,10292,11292,11254,11545,12535,10530,11828,11328,10775,10996,10703,7321.8,8946.3,10113,6231.7,6734.1,10586,4626.5,1410.7,7689,10774,10832,11677,11453,11120,11766,8805.7,10591,4124.5,10416,5718.6,13009,11720,9277.1,10512,12137,6611.4,5062.4,6928.1,8607.9,2709.2,4278.7,8459.9,7895.5,10817,10619,10249,9453.4,9080.6,10284,10881,11066,11214,9421.6,5677.2,9041.8,10659,10345,8998.9,7154,10838,9040,5517.6,8885.7,10074,10270,8529.8,7211.1
14194,11353,13417,13153,12940,12567,11961,8367,9700.1,11512,6758.9,7030.5,12301,4567.2,2205.2,8356.5,12535,12538,13946,13569,13159,13268,11335,11238,5049.3,10819,5928.1,13481,12103,9672.8,11439,13537,6900.2,6253.7,8516.3,9388.2,3062.3,6466.1,9737,9517.4,12352,12103,11798,10253,10343,11375,11331,11631,12665,10619,11895,11405,10865,11116,10765,7396.5,9035.3,10131,6256.7,6808.3,10672,4614.8,1398.4,7766.2,10804,10878,11713,11488,11179,11886,8902.8,10722,4163.6,10474,5798.7,13084,11776,9356.7,10617,12258,6724.5,5103.9,6959.2,8729.3,2690.7,4281.5,8514.7,7980.1,10919,10676,10315,9524.5,9108.1,10291,11015,11229,11179,9426.4,5659.5,9090.1,10679,10397,9013.8,7151.6,10877,9057.5,5489.4,8934.2,10155,10296,8484.5,7211.1
14193,11369,13406,13148,12947,12569,11958,8362.3,9669.7,11504,6712.9,7002.3,12290,4544.8,2196.6,8353.2,12531,12518,13924,13538,13118,13226,11305,11235,5040.1,10806,5951.7,13502,12117,9680.9,11435,13538,6901.6,6248,8505.8,9381.1,3055.1,6460.9,9722.2,9516,12359,12098,11751,10189,10335,11357,11330,11563,12652,10624,11900,11409,10871,11129,10776,7388.7,9026.6,10132,6224,6817.1,10673,4612.2,1398.6,7766.4,10819,10902,11739,11500,11182,11884,8898.6,10738,4152,10476,5817.8,13095,11781,9369.6,10614,12253,6757.3,5101,6957.4,8735.4,2694.8,4275.5,8520.3,7986,10941,10688,10310,9543.9,9127.3,10286,11009,11202,11173,9421.4,5668.4,9097.5,10719,10385,8994.6,7161.8,10862,9063.9,5506.7,8947,10213,10300,8479,7220.1
14142,11346,13369,13146,12933,12548,11955,8381.4,9699,11518,6752.8,7021.1,12307,4547.8,2213,8377.5,12547,12544,13944,13538,13151,13221,11339,11250,5054.7,10753,5905.4,13446,12084,9688.9,11440,13565,6924.4,6223.6,8584.6,9417.5,3074,6498.5,9791.7,9526.4,12276,12077,11843,10236,10348,11363,11351,11595,12645,10552,11870,11401,10869,11087,10744,7372.3,9019.8,10097,6244.9,6782.3,10642,4562.2,1398.2,7759.6,10786,10851,11694,11470,11166,11860,8882.6,10743,4163.4,10482,5830.4,13070,11754,9364.2,10621,12255,6775.1,5107.5,6937.6,8739.3,2694.2,4279.2,8526.3,7965.1,10906,10628,10297,9470,9094.4,10252,11029,11188,11093,9424.6,5666.3,9083.3,10774,10377,9050.8,7166.1,10841,9058,5526.5,8928.7,10249,10252,8476.7,7215.4
13992,11266,13353,13045,12811,12459,11913,8301.7,9633.2,11443,6677.5,6971.3,12210,4500.6,2186.8,8297.2,12511,12505,13892,13494,13097,13157,11200,11140,4942.2,10745,5807.4,13352,12023,9611.8,11370,13461,6801,6208.3,8470.7,9304.1,3026.2,6430.2,9662.6,9404.6,12311,12057,11713,10201,10278,11301,11264,11419,12460,10565,11828,11284,10715,11022,10690,7314.6,8953.3,10037,6154.9,6753.5,10561,4543.6,1384.1,7692.5,10775,10895,11665,11407,11078,11769,8786.3,10649,4091.6,10412,5698.9,12956,11700,9284.4,10555,12198,6669.4,5079.2,6937.1,8660.4,2663.3,4254.9,8451.4,7917.5,10854,10560,10252,9444.7,9028,10214,10939,11065,11048,9309.6,5597.5,8994.8,10512,10360,8950.6,7121.1,10729,8952.9,5449.6,8863.4,9907,10224,8440.7,7156.1
14079,11304,13324,13081,12856,12503,11914,8327.4,9655,11472,6751.8,7021.4,12243,4635.9,2202.3,8322.4,12508,12502,13893,13495,13098,13193,11283,11222,5000.4,10734,5903,13406,12043,9624.8,11384,13506,6865.1,6214.7,8498.1,9344.3,3066.7,6460.4,9713.3,9495,12287,12045,11726,10142,10287,11283,11321,11514,12563,10543,11811,11333,10746,11044,10720,7354.2,8989.1,10115,6218.7,6789,10596,4629,1408,7734.6,10784,10872,11697,11481,11129,11830,8833.5,10718,4152.3,10407,5819.8,13010,11679,9315.1,10586,12241,6723.4,5072.7,6951.6,8697.3,2699.7,4254,8507.6,7965,10874,10621,10280,9438,9108.7,10256,10973,11113,11063,9327.3,5660.2,9039.4,10761,10274,8986.6,7149.3,10745,8950.3,5482.5,8891.9,10297,10256,8467.5,7161.8
14152,11294,13389,13141,12921,12519,11956,8331.1,9674.1,11439,6788.9,7041,12225,4634.7,2209,8332.3,12541,12526,13914,13503,13098,13238,11366,11202,5036.9,10785,5957.4,13427,12041,9661.5,11388,13480,6911.7,6204.3,8510.7,9378.5,3072.9,6454.8,9739.8,9575.6,12275,12081,11790,10203,10248,11358,11240,11595,12658,10566,11894,11384,10704,11080,10758,7323.6,9052.4,10117,6273.7,6826.3,10585,4634.7,1404.4,7697.4,10795,10874,11649,11458,11140,11878,8883.2,10677,4160.8,10460,5794,13028,11675,9359.2,10607,12253,6728.3,5094.9,6953.8,8688.4,2669.7,4266.5,8491.6,7984.3,10858,10614,10312,9464.3,9069,10296,10961,11203,11056,9286.7,5638.3,9060.4,10715,10299,8988.6,7120.2,10794,8926.3,5483.7,8883.1,10214,10234,8473.4,7163.1
14039,11252,13254,12982,12782,12436,11841,8261.5,9621.8,11362,6736.3,6948.8,12079,4620.8,2204.8,8221.3,12435,12432,13804,13402,13008,13076,11187,11088,5000,10657,5883.5,13308,11956,9524.7,11289,13372,6802.9,6166.4,8491.1,9283.6,3067,6436.2,9669.4,9437.1,12238,11984,11637,10078,10189,11166,11164,11381,12497,10506,11774,11288,10624,10974,10652,7287.2,9010,9992.4,6224.9,6701.4,10471,4614.1,1400.3,7621.8,10693,10813,11569,11340,11019,11726,8749.8,10619,4136.8,10334,5764.9,12888,11655,9224.9,10510,12126,6659.7,5081.5,6936.4,8617.7,2674.8,4241.1,8448.5,7908.4,10811,10529,10149,9329,8963.5,10097,10909,11039,11081,9325.1,5584.9,8985.1,10577,10301,8967.8,7104.2,10707,8933.6,5453.9,8818.7,10095,10282,8470.4,7132.6
14050,11261,13275,13015,12732,12471,11844,8273.7,9645.9,11387,6736.8,6950.1,12083,4616.5,2203.4,8193.3,12427,12433,13827,13418,13023,13063,11172,11102,5017.7,10638,5852.7,13310,11981,9529.1,11298,13387,6829.8,6166,8474.4,9257.4,3041.8,6441.3,9635.4,9388.8,12233,11979,11638,10183,10225,11156,11235,11335,12483,10552,11770,11291,10655,11030,10647,7303.4,8980.1,10013,6195.7,6700.9,10468,4576.8,1402.9,7607.5,10691,10799,11573,11344,11004,11691,8721.9,10622,4122.6,10345,5763.5,12914,11668,9197.3,10499,12104,6650.2,5033.4,6920.8,8612.7,2664.6,4235.6,8446.7,7879.6,10779,10533,10174,9371.3,8944.1,10099,10921,10983,10991,9340,5648.4,8988.7,10666,10397,8978.3,7082.7,10706,8951,5457.7,8843.8,10111,10235,8438.1,7106.5
14140,11300,13352,13094,12843,12541,11897,8344.2,9690.6,11480,6767.2,6989.7,12183,4621.8,2198.6,8222.2,12474,12490,13889,13513,13077,13137,11213,11169,5065.3,10719,5929.2,13403,12023,9573.7,11353,13449,6869.2,6234.5,8496.1,9292,3050.2,6453.9,9678.4,9388.9,12290,11992,11674,10257,10312,11257,11242,11423,12555,10575,11802,11328,10752,11076,10682,7366.2,8978,10054,6250.2,6731.4,10558,4631.1,1399.7,7675.4,10726,10819,11639,11395,11049,11745,8774.3,10669,4152.6,10389,5764.9,12992,11739,9239.4,10537,12152,6704.8,5055.4,6940.2,8653.4,2678.5,4267.8,8487.5,7892.9,10837,10580,10239,9433.4,9017.1,10128,10949,11059,11090,9427.2,5665,9021.5,10749,10451,9022.1,7106,10759,9002.1,5439,8857,10123,10300,8459,7121.6
14228,11359,13413,13181,12908,12595,11938,8417.1,9717.2,11517,6805.7,7018.1,12245,4550.8,2194,8292.5,12505,12527,13911,13551,13120,13196,11270,11177,5071.2,10768,5999.3,13460,12094,9620.5,11408,13531,6937.4,6219.7,8519.7,9320.2,3003,6468.5,9717.2,9403.5,12292,12084,11761,10319,10320,11318,11268,11533,12642,10620,11881,11415,10824,11133,10734,7413.5,9078.2,10100,6277.9,6780.2,10613,4628.3,1386.6,7735.3,10751,10854,11658,11455,11137,11832,8851.8,10674,4182.3,10440,5826.7,13023,11783,9294.1,10587,12210,6749.5,5078.3,6932.3,8671.6,2656.7,4262.1,8496.7,7912.5,10876,10618,10295,9487.9,9043.7,10237,10959,11160,11142,9431,5660.4,9065,10812,10414,8991.6,7109.9,10836,9105.8,5485.7,8875.7,10143,10307,8411.7,7148.9
14092,11336,13361,13091,12910,12462,11912,8401.5,9658.1,11429,6698.3,6946.6,12273,4424.2,2194.4,8324.5,12509,12500,13930,13555,13137,13191,11251,11196,5039.4,10728,5936.4,13427,12035,9617.7,11391,13546,6933.7,6180.9,8480.4,9329,2957.2,6441,9685.9,9420.3,12369,12079,11726,10256,10301,11319,11365,11502,12551,10629,11835,11349,10926,11066,10721,7409.8,8945,10037,6170.9,6721.1,10600,4564.1,1380.3,7751.6,10766,10861,11673,11460,11130,11827,8825.3,10677,4134.2,10414,5773,13015,11735,9292.2,10585,12254,6766.2,5050,6915.6,8697.6,2629.1,4241.3,8477.3,7936.5,10919,10627,10270,9431.5,9018.8,10223,11004,11156,11071,9400,5730.6,9009.7,10677,10298,8916.2,7095.6,10762,9038.4,5540.7,8861.4,10161,10249,8382.1,7132.5
14087,11331,13343,13104,12917,12489,11941,8381.3,9651.4,11471,6700.1,7002.6,12301,4489.5,2201.5,8350.8,12534,12559,13964,13555,13169,13210,11313,11235,5013.5,10743,5924.6,13427,12023,9643,11409,13553,6914.6,6172.8,8486,9372.9,3000,6463.2,9726.5,9478.2,12322,12104,11799,10242,10313,11344,11294,11528,12570,10627,11828,11363,10870,11069,10739,7385.8,8955.8,10069,6208.6,6760,10665,4584,1387.6,7747.9,10764,10850,11678,11467,11138,11830,8844.4,10706,4161.8,10422,5788,13017,11720,9316.5,10598,12216,6760.5,5071.5,6932.4,8719.4,2691.8,4260.5,8505.8,7959.5,10891,10646,10287,9426.6,9081.5,10248,11015,11189,11083,9398.3,5687.4,9024.5,10731,10311,8987.4,7116.4,10763,9012.9,5473.8,8856.6,10218,10290,8443.5,7147
14153,11335,13378,13142,12952,12477,11953,8404.8,9656.6,11472,6737.3,7008,12359,4541.6,2207.3,8392.2,12548,12545,13941,13580,13193,13269,11385,11295,5056.4,10809,5976.7,13485,12065,9703,11467,13588,6958,6162.2,8509.7,9429.2,3036.8,6459.9,9747.7,9555.4,12310,12129,11812,10267,10327,11379,11357,11634,12629,10600,11860,11404,10905,11077,10753,7403,8976.7,10092,6209.5,6778.6,10703,4587.3,1391.2,7778.4,10782,10881,11718,11499,11204,11912,8922.4,10748,4171.9,10447,5815.1,13051,11732,9387.1,10649,12269,6777.6,5087.2,6928.8,8769,2668.8,4253.8,8531.1,8004.3,10898,10655,10329,9514.1,9099,10268,11016,11287,11120,9405.3,5704.1,9074.2,10740,10344,8992.1,7137.1,10811,9040.9,5572.9,8899.5,10246,10278,8430.4,7155.4
14228,11306,13423,13146,13023,12538,11951,8374.3,9654.7,11474,6739.8,7017.7,12337,4520.5,2201.1,8368.3,12535,12545,13936,13573,13183,13285,11369,11251,5113.2,10820,5997.7,13494,12109,9695,11449,13588,6960.8,6215.6,8531.7,9403.4,3027.2,6445.7,9716.4,9549.1,12323,12075,11805,10224,10330,11368,11310,11648,12669,10602,11892,11414,10903,11095,10760,7396.3,8968.3,10118,6240.5,6796.7,10681,4593.6,1387.4,7777.5,10789,10879,11708,11482,11199,11908,8950.2,10723,4210.5,10450,5830.9,13090,11757,9364.8,10633,12256,6762.7,5076.6,6939.3,8738,2670.3,4273.2,8513.4,8003.7,10871,10638,10335,9494,9059.9,10276,10988,11295,11130,9370.1,5683.3,9037.3,10789,10391,9006.1,7127.3,10803,9041.7,5512.7,8912.9,10342,10246,8438.4,7178.5
14190,11353,13402,13128,12928,12558,11949,8376.8,9645.2,11478,6717.5,6985.2,12291,4550.2,2176.6,8328,12546,12547,13955,13586,13168,13259,11326,11257,5085.8,10824,5998.5,13504,12093,9690.3,11451,13574,6969.5,6227.1,8482.1,9388.3,3007,6440.7,9676.7,9519.7,12397,12106,11788,10230,10336,11369,11384,11644,12642,10594,11892,11396,10876,11094,10775,7406.8,8994.6,10158,6239.4,6782.4,10716,4607.1,1380.7,7748,10806,10899,11759,11520,11205,11899,8910.8,10744,4191.5,10476,5879.7,13117,11764,9366.8,10631,12288,6788.8,5092,6925.4,8728.4,2666.9,4254.8,8513.1,7992.6,10937,10680,10362,9478.2,9146.3,10278,11054,11254,11125,9440.4,5684.1,9068.6,10732,10345,8963.3,7102.2,10818,9071.6,5488.7,8923,10355,10247,8433.3,7151.1
14210,11410,13440,13176,12976,12561,11972,8382.9,9707.8,11560,6745.5,7041.6,12398,4577.7,2221,8415.1,12563,12565,13982,13631,13237,13306,11361,11302,5071.3,10852,5950.2,13537,12145,9725.8,11490,13579,6964.2,6259.1,8522.3,9433.1,3077.1,6486.5,9759.4,9555.6,12361,12120,11865,10268,10392,11445,11383,11658,12689,10655,11928,11435,10931,11139,10790,7430.6,9003.9,10157,6217.5,6826.8,10748,4610.6,1402.8,7825.9,10810,10927,11763,11531,11250,11942,8944.7,10783,4188.8,10511,5832.3,13140,11805,9403.6,10654,12275,6780.8,5112.4,6974.8,8790,2709.4,4284.4,8563.1,8001.6,10957,10707,10376,9569.4,9155.5,10324,11063,11291,11203,9490.6,5699.7,9130.2,10821,10413,9037.9,7184.4,10852,9048.9,5468.4,8949.1,10284,10252,8478,7200.7
14212,11410,13436,13187,12941,12604,11982,8348.2,9730.7,11595,6767.6,7060.6,12397,4551,2232.3,8415.6,12569,12570,14007,13641,13228,13348,11372,11304,5020.7,10854,5892.9,13509,12116,9694.7,11505,13591,6857.4,6272.6,8564.4,9458,3080.1,6485.9,9795.3,9540,12377,12154,11900,10311,10420,11465,11369,11682,12668,10649,11903,11436,10884,11165,10792,7413.6,9094.3,10198,6242.5,6842.4,10735,4607.9,1404.1,7825.3,10817,10912,11752,11528,11206,11949,8942.8,10797,4145.5,10484,5739.5,13072,11802,9381.7,10648,12323,6698.9,5065.3,7002.7,8780,2728.1,4292.4,8561.7,7990.4,10956,10731,10377,9625.9,9141.7,10320,11059,11303,11265,9510.8,5661.6,9114.4,10654,10457,9060.5,7197.6,10930,9093.3,5487.6,8937.3,10069,10321,8519.1,7246.5
14194,11359,13452,13177,12981,12590,11993,8363.7,9708.8,11562,6793.9,7034.1,12390,4560.8,2210.4,8395.1,12558,12554,13984,13596,13187,13286,11395,11270,5001.8,10861,5861.5,13488,12127,9694.9,11458,13537,6801.1,6282.6,8571.6,9417.9,3067.5,6488.3,9757.5,9534.6,12364,12144,11849,10279,10404,11462,11357,11700,12658,10652,11919,11443,10920,11103,10796,7432.5,9044.3,10169,6277.7,6830.5,10760,4649.3,1416.9,7823.7,10833,10907,11756,11528,11218,11912,8961,10757,4120.7,10529,5738.9,13073,11816,9381.4,10641,12285,6646.1,5105.8,6980.8,8760.4,2762.8,4301.4,8549.7,8029.5,10906,10711,10345,9601.6,9134.5,10321,11020,11299,11214,9417.5,5657.4,9136,10559,10469,9053.9,7220.2,10920,9070.3,5458.3,8980.6,10139,10345,8530.7,7262.3
14106,11363,13456,13195,12894,12554,12029,8326.3,9713.8,11606,6689.7,7069.2,12390,4609.3,2212.5,8449.9,12616,12614,14019,13626,13208,13345,11358,11277,4904.6,10876,5825.6,13494,12130,9755.3,11535,13629,6791.6,6296.8,8499.8,9427.4,3175.3,6526.2,9754.6,9557.6,12325,12148,11918,10284,10365,11490,11432,11590,12614,10606,11957,11434,10882,11137,10835,7338.1,9010.1,10218,6219.1,6869.1,10743,4619.4,1410.5,7884.4,10915,10954,11835,11596,11302,12011,8942.4,10783,4074,10544,5688.2,13117,11812,9444.2,10712,12353,6602.6,5051.8,6991.3,8784.9,2727,4338.1,8536.5,8017.1,10934,10734,10385,9626.9,9162.8,10361,11075,11234,11221,9489.9,5700.7,9150,10533,10423,9045,7110.1,10952,9097.6,5473.1,8986.4,9836.7,10304,8539.7,7232
14084,11298,13326,13083,12876,12483,11905,8355.1,9649.9,11433,6705.2,6971.2,12229,4540.7,2196.8,8294.7,12508,12519,13904,13493,13107,13159,11249,11180,5044.1,10700,5917.8,13395,12027,9628.1,11380,13508,6904.4,6182.6,8509.9,9336.4,3029.1,6460,9695.6,9441.6,12276,12031,11732,10181,10280,11273,11280,11463,12543,10560,11817,11342,10807,11031,10703,7353.6,8960.2,10053,6178.4,6741.5,10593,4573,1393.8,7697.5,10755,10858,11669,11438,11116,11804,8822.2,10689,4157,10407,5786.1,13001,11698,9306.2,10573,12206,6749.7,5067.8,6922.1,8682,2669.1,4249.6,8484.1,7937.5,10877,10571,10249,9413.2,9053.8,10185,10967,11117,11008,9357.6,5689.4,9008.4,10730,10324,8972.1,7119.2,10718,8993.3,5514.6,8858,10246,10228,8421.3,7139.5
14169,11330,13388,13138,12905,12560,11938,8355.1,9716.5,11483,6800.1,7045.5,12264,4602.5,2217.1,8320.7,12509,12519,13928,13565,13160,13240,11312,11210,5029.9,10774,5921.9,13437,12052,9619.1,11395,13502,6893.9,6212.9,8515.7,9359.4,3055.5,6456.8,9721.3,9487.2,12337,12105,11799,10279,10305,11337,11298,11603,12628,10588,11853,11374,10783,11091,10717,7369,9031.4,10088,6270.5,6773.5,10613,4617.7,1400.2,7732.8,10742,10837,11639,11442,11135,11844,8851.8,10670,4164.1,10422,5795.1,13024,11741,9297.2,10580,12206,6696.8,5077.4,6948.7,8688.2,2675.4,4268.5,8494.5,7942.6,10860,10629,10292,9437.5,9049.1,10244,10970,11194,11166,9430.1,5650.4,9056.2,10696,10391,9018.3,7116.6,10832,9021.7,5454.5,8883.5,10132,10276,8464.3,7153.7
14137,11348,13380,13103,12895,12494,11946,8356.8,9715.2,11538,6806,7045.3,12339,4659.5,2205.4,8351.9,12543,12540,13968,13606,13208,13315,11372,11287,5040.6,10820,5956.8,13460,12065,9697.2,11468,13593,6889,6263.1,8518.1,9416.1,3088.5,6486.7,9748.8,9535.9,12293,12088,11831,10276,10354,11399,11382,11661,12637,10623,11870,11400,10846,11076,10791,7403.8,9012.1,10207,6269,6827.5,10726,4662.2,1401.7,7791.7,10828,10881,11767,11540,11234,11915,8916.6,10778,4178.3,10458,5800.4,13057,11737,9388.7,10668,12331,6695.1,5095.6,6961.3,8757.4,2705.2,4279.6,8539.7,8000.9,10886,10712,10374,9544.4,9149.3,10327,11092,11253,11169,9430.4,5692.8,9099.5,10744,10358,9015.9,7130.6,10845,9046.7,5479.3,8934,10182,10296,8491.3,7190
14179,11379,13417,13132,13004,12595,11967,8355.7,9683.4,11492,6727.8,7000.8,12259,4536.6,2190.5,8285,12533,12545,13939,13534,13122,13225,11285,11202,5051.2,10848,5893.8,13478,12114,9649.3,11411,13514,6851.6,6250.1,8500.9,9337.5,3029.8,6442.3,9678.6,9432.6,12398,12112,11758,10263,10387,11384,11263,11594,12614,10652,11888,11398,10871,11096,10779,7384.7,9035.5,10095,6215.7,6745.5,10634,4606.5,1392.7,7710,10803,10899,11710,11461,11128,11844,8874.6,10689,4129.1,10464,5736.2,13059,11784,9335.6,10581,12228,6680,5066.2,6969,8678,2693.5,4255.2,8471.8,7950.6,10910,10650,10274,9544.6,9109,10262,10974,11204,11164,9420,5615,9055.4,10543,10394,8979.5,7142.2,10847,9066,5453.8,8892.3,10092,10300,8471.1,7198.7
14150,11267,13386,13115,12855,12469,11930,8328.7,9629.1,11494,6717.7,6968.6,12299,4488.8,2195.9,8380.8,12528,12531,13940,13555,13153,13224,11334,11196,5019.9,10785,5897.1,13430,12047,9672.4,11431,13513,6839.5,6194.5,8494.4,9384.5,3012.7,6452.9,9702.4,9520.5,12249,12060,11753,10215,10303,11387,11331,11554,12595,10553,11865,11360,10826,11037,10727,7382.8,8994.4,10096,6217.3,6792.6,10657,4588,1395.4,7760.2,10776,10874,11698,11450,11138,11841,8895,10708,4150.1,10458,5758.3,13024,11751,9330.9,10611,12242,6690.6,5092.3,6932.2,8730.4,2698.7,4268.7,8512,7990.4,10868,10618,10310,9576.2,9022.1,10261,10996,11222,11098,9269.1,5628.2,9035.7,10633,10450,8977.4,7132,10809,8956.8,5492.9,8903.1,10125,10280,8461.5,7200.1
14108,11334,13383,13127,12890,12485,11942,8339.5,9627.9,11500,6660.9,6975.1,12327,4482.2,2193.7,8384.3,12541,12529,13944,13558,13146,13238,11331,11224,5021.8,10767,5923.8,13434,12079,9711.2,11455,13542,6901.1,6224.3,8495.6,9420.1,3020,6453.4,9739.5,9568.8,12287,12051,11742,10207,10290,11348,11335,11541,12565,10597,11869,11376,10830,11075,10754,7351.3,8935.6,10109,6158.3,6796.8,10681,4550.9,1387.5,7784,10817,10935,11736,11482,11176,11892,8908.3,10744,4133.6,10454,5765.6,13037,11726,9378.8,10627,12268,6743.9,5090.3,6949.2,8762,2688.3,4285.3,8504.3,8005,10867,10646,10337,9495.3,9033.4,10242,11013,11212,11079,9404.1,5703.2,9086.8,10713,10379,9006,7152.1,10787,9019.6,5489.6,8929.9,10176,10254,8456.1,7187.1
14048,11256,13314,13054,12799,12453,11914,8303.4,9599.3,11442,6694.3,6971.2,12196,4538.6,2194,8289.3,12515,12521,13888,13485,13077,13154,11275,11170,5007.7,10719,5859.6,13347,12029,9594.3,11381,13455,6849.7,6185.4,8460.3,9341.8,3032.1,6431.9,9702.4,9499,12264,11985,11758,10189,10273,11264,11261,11453,12507,10520,11805,11312,10748,11037,10683,7317.7,8934.3,10013,6162.5,6712.4,10552,4564.5,1398.3,7677.5,10760,10863,11631,11383,11052,11775,8832.2,10660,4128.8,10400,5751.3,12950,11704,9261.3,10567,12205,6680,5052.1,6931.9,8676.6,2681.7,4261.3,8455.3,7951.8,10855,10565,10269,9403.4,8959.3,10182,10950,11096,10998,9307.2,5658.5,8996.3,10652,10319,8967.7,7107.2,10699,8925.2,5474.4,8849.2,10077,10211,8423.4,7119
14089,11237,13316,12993,12806,12413,11841,8312.4,9574.5,11341,6660.6,6906,12082,4523.1,2184.3,8168.6,12424,12444,13774,13411,13020,13082,11096,11110,5039.3,10656,5863.1,13344,11997,9519.6,11294,13415,6830.5,6183,8447.3,9256.3,3050.5,6408.2,9603.1,9334.1,12231,11971,11596,10135,10232,11147,11224,11368,12497,10596,11804,11299,10755,11030,10637,7340.4,8924.5,9993.3,6194.4,6720,10522,4571.2,1391.9,7623.1,10711,10818,11579,11373,11067,11724,8756.5,10614,4140.1,10356,5737.7,12933,11681,9214,10477,12132,6676.3,5038.2,6928.6,8615,2661.9,4245.2,8439.7,7878.5,10868,10514,10156,9390.1,9020.3,10116,10883,11011,11034,9372.5,5702.6,8939.4,10572,10293,8926.8,7095.9,10698,9011.8,5519.1,8808.6,10083,10248,8397.3,7128.2
14068,11282,13337,13031,12795,12472,11867,8339.9,9667.1,11405,6691.6,6962.2,12148,4492.3,2194.1,8236.3,12454,12465,13863,13452,13069,13098,11129,11127,5026.6,10682,5923.4,13370,12004,9544.9,11333,13446,6877.2,6185.9,8535,9275.1,3009.3,6462.5,9638.6,9321.4,12319,12042,11736,10167,10227,11226,11199,11383,12520,10568,11822,11298,10761,11046,10665,7354.3,8981.6,10068,6189.3,6736.6,10541,4538.1,1391.6,7660.3,10713,10813,11618,11418,11066,11723,8738.8,10628,4160.6,10399,5807.6,12974,11708,9238.8,10538,12142,6741.2,5047.6,6951.5,8628.7,2663.9,4246.3,8473.6,7874.8,10905,10570,10222,9358.7,9064.9,10178,10915,11009,11012,9363.1,5656.7,8959,10672,10275,8945.6,7108.7,10739,9033.3,5509.5,8835.2,10078,10193,8398.9,7122.9
14100,11351,13357,13105,12885,12525,11932,8372.6,9666.7,11444,6705.4,6963.8,12254,4505,2205.5,8295.8,12524,12513,13905,13527,13129,13176,11223,11220,5013.7,10721,5933.5,13451,12079,9636.8,11401,13543,6906.6,6218.3,8546.6,9354.3,3039.1,6462.2,9706.3,9409,12388,12104,11793,10193,10328,11330,11282,11446,12560,10666,11850,11363,10848,11104,10728,7390.7,8993.2,10076,6187.3,6764.3,10623,4578.4,1394.2,7729.5,10765,10881,11694,11466,11141,11819,8819.5,10715,4143.8,10437,5801.1,13048,11774,9324.4,10579,12207,6777.4,5085,6929.2,8689.9,2680.9,4272.5,8519.4,7913.6,10981,10627,10279,9454.5,9127.9,10216,10977,11109,11129,9455.7,5695.2,9060.3,10671,10352,8989.1,7140.7,10778,9082.8,5518.3,8907.1,10178,10278,8435.2,7161.4
14176,11375,13396,13146,12893,12576,11931,8368.7,9657.2,11483,6733.8,7013.3,12257,4536.5,2204.5,8306.1,12522,12525,13908,13525,13134,13183,11248,11211,5058.8,10757,5930.2,13491,12103,9651.1,11418,13517,6907.3,6263.3,8516.4,9334.1,3025.3,6474.6,9692.5,9450.2,12391,12121,11741,10266,10330,11282,11333,11492,12623,10593,11872,11388,10823,11085,10730,7387.4,8989.3,10082,6209.9,6791.1,10641,4600.4,1397.3,7729.4,10791,10879,11711,11467,11155,11834,8838,10700,4142.5,10442,5777,13078,11779,9338,10597,12209,6773.1,5085.9,6937.7,8698.9,2682.6,4273.2,8500,7934.9,10938,10627,10289,9473,9080.4,10216,10961,11123,11112,9419.6,5693.6,9057.8,10755,10430,9009.9,7163,10807,9042.4,5455.6,8906.9,10234,10260,8449.9,7185.7
14155,11330,13388,13122,12942,12507,11923,8369.1,9651,11437,6744.3,6991.5,12244,4535.9,2208.5,8301.4,12527,12522,13901,13522,13143,13162,11222,11174,5020.2,10735,5925.7,13444,12037,9628,11380,13484,6892.5,6230.1,8517.4,9302.6,3010.8,6474.6,9673.4,9409.8,12310,12095,11745,10261,10339,11301,11266,11441,12606,10582,11856,11362,10831,11069,10713,7380,8979.6,10087,6224.7,6787.2,10605,4599.4,1396.3,7709.3,10782,10873,11691,11460,11156,11819,8822.4,10683,4151.8,10432,5791.4,13038,11732,9312.1,10584,12194,6772.6,5051.4,6947.7,8683.4,2681.1,4258.7,8485.6,7935.9,10912,10601,10275,9464.4,9038.4,10227,10953,11115,11100,9378.7,5668.5,9021.5,10732,10367,8987.2,7139.5,10778,9006.1,5491.2,8862.5,10269,10232,8442.9,7149.1
14125,11340,13392,13137,13025,12549,11958,8397.8,9675.2,11472,6726.6,7009,12311,4549.4,2209.3,8381,12543,12529,13923,13531,13131,13197,11294,11222,5026.8,10787,5969,13474,12079,9692,11407,13530,6942.7,6225.9,8519.9,9360.6,3040.7,6479.7,9715.5,9473.1,12328,12107,11804,10221,10351,11359,11313,11521,12605,10601,11892,11396,10866,11088,10747,7385.7,9000.2,10084,6210.6,6806.1,10651,4610.2,1396,7755,10795,10900,11712,11484,11204,11872,8852.2,10739,4158.9,10457,5821.7,13079,11735,9370.3,10613,12245,6822.4,5111.4,6927.6,8732,2669.5,4272.3,8524.2,7967,10924,10620,10297,9479.3,9097.9,10240,11011,11181,11079,9396,5684.5,9082.5,10831,10346,8981,7167.3,10799,9023.5,5552.1,8908.5,10259,10263,8474.1,7170.9
14144,11344,13403,13174,12968,12598,11965,8395.2,9694,11471,6728.4,7037.4,12329,4536.9,2206.2,8410.4,12542,12536,13955,13554,13141,13228,11321,11239,5006,10782,5972.5,13495,12085,9701.9,11428,13560,6948.2,6218.9,8527.2,9374.2,3026.8,6469.9,9743.4,9503.5,12400,12145,11782,10213,10350,11356,11329,11572,12632,10584,11897,11428,10871,11139,10769,7362.8,9035.7,10098,6229.3,6823.3,10679,4608.8,1395.9,7784.9,10798,10903,11713,11497,11201,11894,8881.7,10740,4154.1,10469,5827.8,13074,11750,9388.8,10621,12265,6803.7,5125.5,6936.2,8729.8,2677.3,4261.2,8526.4,7956.3,10901,10628,10316,9463.6,9112.6,10228,11029,11213,11110,9430,5670.7,9067.1,10793,10345,8972,7156.6,10793,9035.6,5492.7,8918.9,10235,10297,8443.7,7186
14156,11329,13393,13147,12966,12583,11941,8354.2,9662.7,11477,6750.2,7018.8,12303,4555.6,2208,8357.2,12512,12531,13915,13550,13139,13236,11335,11219,5031,10760,5939.7,13463,12067,9670.6,11419,13525,6937.2,6222.1,8502.4,9365.2,2999.5,6456,9707.9,9527.4,12350,12117,11743,10263,10330,11357,11321,11600,12647,10613,11874,11399,10827,11102,10735,7366.3,8974.1,10066,6223.5,6776.4,10646,4603.4,1390.6,7759.6,10772,10871,11684,11472,11165,11884,8870,10701,4175.7,10445,5829.4,13065,11721,9348.7,10607,12205,6781.3,5103,6957.9,8704.1,2679.9,4268,8485.7,7973.5,10886,10609,10291,9450.3,9076.2,10216,10980,11214,11081,9423.3,5683.8,9064.8,10761,10372,9001.2,7125,10762,8993.9,5483.7,8901.5,10270,10282,8441.9,7157.5
14191,11363,13401,13159,12937,12563,11943,8381.9,9673.8,11490,6738.6,7002.4,12325,4558.9,2209.5,8372.1,12515,12520,13941,13561,13147,13246,11325,11220,5050,10768,6002.9,13503,12097,9683.3,11432,13508,6957.1,6228.6,8511.8,9382.7,3041.8,6460.8,9720.4,9529.1,12342,12087,11768,10213,10370,11353,11292,11606,12664,10579,11892,11422,10854,11120,10752,7412,9015.9,10081,6226.4,6775.9,10679,4628.2,1389.1,7760.9,10770,10878,11706,11494,11177,11905,8886.2,10700,4187.3,10439,5865.4,13119,11779,9371.9,10616,12215,6792,5063.7,6955.3,8719.5,2702.7,4256.8,8523.1,7980.1,10967,10653,10319,9527.4,9069.9,10244,10978,11232,11127,9405.9,5681.2,9077,10698,10383,9002.6,7141.6,10806,8999,5459.6,8916.4,10339,10225,8432.6,7177.6
14165,11349,13410,13144,12900,12568,11961,8403.5,9708.3,11490,6738.5,7019,12276,4547.7,2217.5,8368.1,12537,12529,13945,13547,13135,13212,11312,11192,5003.9,10774,5927.5,13478,12104,9671.6,11415,13500,6932.2,6173.4,8521.3,9339.4,3055.5,6457.5,9677.4,9486.5,12419,12114,11821,10259,10281,11385,11292,11540,12644,10626,11895,11392,10900,11134,10755,7428.8,9021.5,10112,6203.3,6792,10665,4622.8,1399.4,7759.3,10784,10881,11718,11498,11163,11894,8857.8,10676,4129,10440,5812.5,13080,11752,9331,10601,12194,6780.2,5059.4,6955.8,8694.5,2689,4263.3,8515.1,7936.9,10964,10661,10308,9524.6,9115.5,10244,10951,11219,11111,9394.1,5682.3,9083.1,10704,10339,8990.7,7132.6,10809,9017.9,5459,8913.6,10202,10308,8436.8,7176.8
14203,11377,13414,13178,12827,12547,11971,8389.8,9676.3,11511,6757.8,7024.1,12311,4600.3,2218.6,8398.2,12573,12544,13966,13599,13176,13271,11338,11236,5010.7,10784,5967.1,13485,12084,9675.8,11446,13556,6938.3,6229.5,8528,9395.4,3076.3,6488.4,9740.1,9541.1,12361,12132,11859,10244,10304,11409,11317,11591,12670,10612,11904,11422,10867,11138,10766,7377.9,9005,10126,6246.5,6798.5,10691,4600.2,1398.4,7808.4,10790,10906,11716,11524,11225,11959,8882.5,10710,4147.7,10456,5779.6,13088,11776,9377.7,10627,12238,6738,5104.7,6957.8,8746.8,2674.2,4277.1,8544.6,7987.2,10921,10651,10330,9502.7,9102.8,10227,11012,11276,11154,9496.4,5698.6,9105.9,10794,10392,9010.9,7178.7,10837,9060.6,5532.2,8904.9,10240,10221,8457.3,7198.2
14171,11378,13379,13150,12873,12548,11985,8370.5,9682.4,11513,6724.6,7013.2,12301,4582.6,2202.8,8358.8,12568,12544,13962,13535,13163,13223,11318,11235,5048.2,10824,5937.3,13491,12089,9679.6,11430,13533,6923.7,6239.6,8522.3,9389.7,3098,6484.4,9737.3,9500.5,12348,12121,11840,10222,10329,11381,11329,11553,12652,10578,11885,11373,10880,11067,10767,7398.4,9030.5,10120,6231.1,6813,10692,4632.5,1405,7778.7,10810,10904,11733,11507,11204,11881,8882.1,10742,4178.2,10499,5825.2,13113,11751,9362.3,10626,12232,6760.1,5097.5,6958.6,8751.8,2701.1,4285.8,8546.5,7981.4,10872,10680,10334,9533.5,9153.1,10289,11016,11231,11136,9430.8,5691.4,9094.4,10754,10390,9038.2,7164.2,10833,9057.5,5564.7,8911.3,10270,10295,8509.3,7165.2
14129,11383,13387,13155,12926,12532,11994,8361.1,9673.5,11522,6728.9,7026,12356,4550.8,2211.6,8390.3,12578,12564,13986,13583,13214,13286,11348,11290,5002.1,10804,5905.8,13473,12137,9711.7,11478,13582,6897.3,6243.2,8554.2,9432.2,3071.6,6487.7,9770.9,9541.5,12308,12166,11880,10264,10346,11399,11405,11592,12606,10611,11869,11394,10834,11079,10775,7377.2,9039.2,10139,6242.9,6812.6,10687,4587.9,1409.9,7821.3,10804,10887,11744,11508,11202,11926,8902.6,10774,4121.8,10469,5820.1,13075,11758,9369.5,10644,12292,6723.7,5063.8,6994.1,8787.5,2693.7,4292.3,8554.8,7998.2,10879,10693,10357,9529.1,9121.3,10279,11038,11253,11182,9447.4,5648,9112,10839,10362,9070,7165.9,10850,9059.6,5510,8942.6,10182,10298,8509.1,7182.3
14168,11344,13404,13169,12946,12555,11974,8388.6,9664.1,11495,6736.9,7011.3,12307,4586.7,2212.6,8353.1,12558,12539,13954,13540,13146,13241,11316,11231,5024.5,10798,5933.7,13477,12112,9663.4,11435,13518,6936.3,6255.7,8536.2,9385.7,3062.9,6454.1,9752.2,9497.3,12343,12099,11840,10235,10304,11370,11321,11609,12643,10589,11892,11408,10864,11114,10761,7382.4,8997.8,10119,6236.7,6802.5,10672,4600.6,1389.8,7790.9,10795,10875,11709,11498,11184,11881,8910.7,10695,4151.5,10485,5821.4,13081,11758,9354.7,10611,12230,6765.5,5084.1,6937.9,8737.2,2720.5,4279.9,8529.2,7980.7,10906,10642,10325,9511.6,9061.5,10239,10978,11248,11159,9448.9,5674.6,9105.2,10728,10411,9037.7,7139.1,10840,9048,5483.2,8916.7,10240,10284,8461.7,7182.1
14128,11301,13376,13129,12890,12528,11934,8328.8,9649.7,11461,6746.7,7012.6,12261,4577.2,2214.2,8346.9,12503,12513,13884,13509,13128,13231,11308,11243,5054.5,10772,5909.2,13449,12074,9654.9,11421,13504,6880.9,6223.7,8525.6,9393.2,3066.9,6460.2,9717.1,9544,12300,12053,11745,10227,10315,11317,11324,11579,12609,10578,11866,11393,10805,11080,10727,7360,8987.1,10104,6232.9,6811.4,10639,4616.7,1407.2,7763.8,10772,10871,11680,11479,11188,11895,8865.7,10746,4155.7,10451,5788.8,13042,11746,9356,10617,12233,6731.4,5055.5,6953.4,8735.8,2719.4,4285.6,8518.6,7972.2,10888,10629,10285,9435.3,9081.7,10209,10992,11213,11102,9435.9,5701.1,9063.1,10761,10355,9041.5,7157.9,10775,9039.5,5475.3,8892.7,10230,10305,8486.6,7207.4
14170,11377,13382,13137,12975,12602,11953,8371.1,9714.8,11516,6744.1,7028.7,12305,4575.6,2215.6,8345,12529,12530,13932,13550,13134,13220,11307,11250,5059,10789,5944.8,13486,12105,9689.2,11447,13566,6921.6,6244.3,8534.2,9403.2,3052.7,6479.8,9745.5,9514.5,12364,12110,11809,10247,10350,11361,11311,11547,12650,10614,11886,11404,10899,11126,10762,7411,8998.8,10128,6236.9,6817.6,10651,4623.2,1410.2,7771.8,10795,10898,11723,11485,11170,11883,8881.7,10772,4167.8,10485,5816.1,13082,11798,9393.7,10635,12259,6764.6,5108.4,6954.3,8749.4,2695.9,4297,8527.8,7973.4,10937,10678,10310,9489,9115.4,10274,11036,11194,11147,9439.4,5703.5,9095.6,10796,10429,9059.7,7156.3,10847,9066.5,5515.2,8964.3,10281,10304,8515,7214.9
14130,11359,13396,13137,12908,12541,11949,8375.5,9683.4,11523,6745.5,7039.5,12329,4565.2,2206.1,8383.8,12540,12541,13950,13580,13183,13267,11323,11268,5023.4,10790,5912.1,13456,12075,9681.6,11460,13588,6908.4,6211.9,8536.3,9419.2,3066.8,6495.2,9758.4,9545.8,12318,12101,11838,10240,10351,11385,11351,11596,12591,10557,11870,11406,10813,11113,10740,7385.1,9034,10127,6254.8,6819.5,10634,4594.4,1396.3,7785.7,10787,10889,11689,11493,11187,11897,8909.6,10777,4152.3,10471,5771.7,13070,11758,9366.7,10628,12294,6720.9,5096.8,6943.2,8749.7,2685.9,4292.6,8537.7,7990.3,10919,10637,10328,9407,9101.7,10266,11019,11191,11115,9423,5705.1,9068.5,10656,10356,9031.5,7154.6,10831,9044.6,5477,8911.3,10158,10280,8484.1,7195.2
14203,11343,13422,13178,12955,12590,11946,8399.6,9704.6,11492,6758.1,7045.9,12332,4579.2,2202.5,8370.3,12536,12524,13928,13541,13144,13221,11341,11226,5068.8,10780,5953,13481,12111,9675.3,11405,13522,6948.6,6239.7,8556.7,9388,3078.5,6486.4,9752.4,9511.7,12365,12094,11783,10226,10358,11361,11329,11594,12677,10586,11906,11425,10843,11142,10737,7410.9,9019.2,10096,6267.3,6812.5,10656,4627.2,1401.3,7759.9,10788,10859,11695,11458,11171,11852,8916.1,10706,4176,10491,5819,13087,11768,9350.6,10594,12238,6779.5,5109.4,6972.8,8725.5,2692.7,4278.6,8518.3,7978.8,10940,10639,10294,9516.3,9057.3,10208,10975,11214,11134,9387.5,5659.1,9093.8,10583,10431,9018.7,7150,10868,9002.1,5517.2,8932.1,10193,10331,8489.5,7187.9
14208,11326,13430,13192,12937,12600,11954,8352.5,9701.5,11483,6737.7,7033.4,12325,4565.7,2200.7,8385,12525,12548,13920,13574,13147,13295,11391,11269,5039.8,10785,5934.6,13479,12075,9684.6,11449,13578,6922.2,6224.5,8497.5,9405.7,3067.8,6460.7,9762.2,9572.4,12356,12053,11757,10184,10288,11310,11372,11666,12678,10557,11908,11420,10867,11148,10752,7373.4,9008.2,10112,6234.4,6822.6,10692,4600.8,1393.4,7784.2,10802,10899,11688,11484,11224,11940,8952.6,10743,4154.6,10443,5799.7,13081,11745,9369.6,10632,12278,6751.9,5093.9,6922.4,8746.8,2679.3,4262.6,8520.2,8012.7,10893,10624,10272,9475.7,9114.4,10249,11053,11278,11146,9440.6,5694.8,9080.9,10752,10344,8986.5,7169.3,10828,9017.8,5475,8917.2,10098,10249,8447.2,7208
14171,11303,13378,13160,12936,12529,11927,8357.5,9684.9,11485,6718,6996.7,12280,4495.3,2194.2,8350,12516,12545,13902,13548,13146,13242,11348,11217,5043.3,10773,5872.4,13381,12052,9635.7,11406,13529,6859.6,6194.6,8532.5,9376.9,2999,6468.2,9746.9,9531.7,12292,12073,11716,10152,10274,11308,11304,11581,12620,10575,11869,11409,10848,11092,10730,7379.1,9041.2,10085,6222.2,6789.7,10622,4603.1,1401.8,7757.4,10785,10884,11659,11443,11160,11859,8901.5,10697,4156.9,10416,5749.6,13014,11736,9304.1,10599,12235,6713.7,5130.3,6940.4,8712.4,2695.9,4265.5,8504.5,7985.7,10949,10622,10264,9467.3,9081.8,10259,10995,11211,11142,9385.1,5622.5,9035.9,10734,10403,8948.5,7138.8,10813,9007.2,5452.8,8899.6,10010,10283,8446.5,7189.4
14133,11334,13361,13139,12871,12514,11933,8359,9676.7,11501,6698.5,6960.5,12279,4482.1,2182.6,8366.8,12513,12528,13901,13567,13136,13259,11306,11253,5039.5,10774,5907.1,13434,12069,9662.1,11444,13558,6871.9,6196.7,8513.4,9391.4,3019.8,6457.8,9736.3,9515.9,12317,12084,11744,10234,10364,11368,11362,11571,12597,10579,11863,11387,10845,11083,10737,7378.9,9035.6,10095,6191,6769,10629,4566.1,1387,7760.5,10796,10877,11701,11466,11167,11895,8909.1,10743,4169.6,10466,5798.4,13026,11748,9347.2,10619,12289,6736.5,5116.4,6948.1,8739.4,2672.9,4267.6,8512.3,7984.1,10904,10647,10317,9514.9,9103.2,10314,11017,11209,11093,9403.7,5661.6,9074.5,10639,10419,8944.3,7145,10802,9024.2,5474.2,8941.5,10147,10245,8410,7208.4
14186,11337,13363,13120,12903,12547,11944,8383.5,9688.7,11503,6761.9,7029.6,12239,4554.1,2209.5,8340.1,12524,12514,13927,13528,13107,13196,11298,11195,5060.9,10736,5918,13441,12067,9648.6,11413,13523,6882.4,6234.5,8514.7,9360.9,3047.1,6456.8,9737.6,9475.5,12321,12085,11760,10238,10304,11321,11299,11550,12637,10617,11859,11352,10813,11071,10745,7374.5,9038.9,10104,6225.3,6778.4,10596,4571.3,1384.7,7694.6,10794,10863,11677,11425,11094,11803,8847.9,10675,4178.1,10436,5799.9,13026,11755,9323.1,10574,12221,6754.6,5112.2,6933.1,8685.6,2669.4,4271.4,8476.5,7924.9,10905,10659,10322,9504.1,9090,10270,10982,11125,11117,9372.6,5636,9067.8,10610,10457,9012.2,7121.8,10823,9047.2,5452.7,8926.4,10150,10286,8460.9,7164.9
14142,11313,13384,13088,12907,12523,11912,8362.9,9682.5,11463,6726.6,6982.8,12200,4550.4,2193,8281.4,12497,12518,13886,13509,13103,13189,11264,11160,5055.9,10784,5928.5,13421,12059,9626.6,11385,13467,6890.7,6216.7,8476.8,9325.3,3019.9,6445.6,9689.7,9467.4,12261,12023,11741,10277,10291,11307,11226,11521,12627,10574,11876,11347,10812,11062,10730,7403.7,8985.8,10105,6230.1,6763.7,10573,4598.2,1390.7,7684.8,10777,10868,11684,11419,11093,11798,8802,10662,4167.2,10434,5805,13040,11733,9322.1,10585,12194,6739.1,5087,6953.6,8669.5,2663.3,4255.1,8472.5,7920.9,10831,10621,10290,9498.1,9039.1,10243,10943,11124,11102,9387.2,5635.8,9041.1,10588,10397,8984.3,7104.6,10828,9058.3,5548.8,8891.1,10161,10245,8453.7,7139.7
14069,11266,13352,13079,12857,12480,11893,8312.9,9664,11452,6729.8,6952.3,12169,4543.7,2194.4,8254.9,12488,12496,13863,13487,13084,13164,11235,11150,5002.2,10751,5872.3,13365,12001,9586.1,11356,13449,6802.1,6240.7,8504.6,9313.9,3039.9,6438,9690.3,9425.1,12316,12024,11709,10266,10287,11280,11258,11467,12540,10598,11831,11334,10773,11052,10707,7366,8984,10071,6218.9,6742.6,10582,4574.3,1396.5,7688.8,10769,10854,11639,11416,11103,11790,8825.6,10670,4132.5,10426,5757.9,12983,11705,9281.7,10560,12186,6666.1,5058,6930.3,8661.2,2675.6,4259.3,8474.2,7926.3,10850,10591,10273,9494.5,9001.2,10221,10973,11100,11072,9380.6,5636.7,9031.5,10619,10402,8999.4,7142,10772,9018.5,5489.9,8867,10076,10271,8459.6,7154.2
14060,11273,13303,13031,12835,12397,11885,8302.1,9638.4,11404,6726.9,6947.1,12141,4572.5,2179.3,8231.6,12474,12498,13853,13444,13040,13133,11213,11086,5029.1,10707,5886.5,13310,11959,9552.2,11338,13399,6801.9,6198.8,8447.3,9269.8,3035.4,6439.6,9648.4,9399.7,12200,11990,11676,10211,10235,11245,11218,11435,12491,10543,11785,11291,10681,10976,10690,7326.8,8934.8,10044,6186,6701.9,10527,4571.7,1387.4,7629.5,10740,10834,11605,11386,11025,11762,8791.9,10609,4146,10381,5717.3,12912,11671,9229.2,10528,12171,6639.8,5021.2,6933.1,8608.3,2677.1,4248.1,8433.8,7895.8,10818,10568,10248,9478.5,8947.6,10199,10909,11036,11058,9339.6,5678.4,8980.9,10671,10335,8945.2,7092.2,10741,8992.3,5435,8833.6,10077,10234,8439.9,7131.5
14094,11300,13333,13069,12825,12471,11902,8317.2,9645,11434,6736.9,6989.6,12176,4556.8,2206,8270.9,12491,12492,13877,13483,13070,13152,11205,11143,5016.5,10716,5918.5,13363,12014,9603.2,11362,13466,6854.8,6206.8,8481.3,9314.1,3034.4,6450,9674.2,9414,12258,12025,11714,10237,10273,11267,11258,11421,12539,10557,11810,11323,10714,11040,10702,7313.1,8976.8,10071,6215,6734.1,10560,4598.8,1396.6,7689.1,10757,10847,11630,11427,11074,11776,8771.6,10658,4169.1,10372,5766.3,12973,11689,9271.4,10569,12208,6678.6,5043.8,6954.4,8635.5,2657.9,4274.9,8454.6,7905.2,10841,10557,10245,9428.9,9040.2,10205,10991,11018,11057,9336.8,5670.7,9018.6,10687,10293,8956.2,7112.5,10758,8971.3,5484.8,8868.4,10125,10282,8435.4,7172.7
14138,11311,13363,13072,12905,12525,11906,8329.1,9675.7,11402,6746,7006.1,12151,4564.2,2201.7,8266.9,12497,12479,13910,13484,13095,13157,11214,11120,5036.7,10708,5903.9,13407,12068,9595.9,11357,13464,6890.9,6236.4,8477.7,9309.2,3032.2,6439.1,9663.1,9408.6,12334,12047,11721,10169,10249,11257,11238,11445,12566,10610,11832,11324,10770,11046,10708,7354.2,8996.5,10077,6212.2,6759.5,10604,4619.6,1393.5,7667.3,10756,10853,11651,11412,11090,11777,8791,10645,4162.2,10385,5777.6,12988,11707,9288,10549,12186,6703.9,5111.3,6952.5,8658.6,2693.6,4260.3,8470,7912.8,10906,10601,10258,9429.4,9035.4,10199,10942,11093,11104,9338.4,5617,9009.2,10631,10360,8974,7142.2,10805,9002.7,5483.2,8865,10054,10269,8456.2,7177.7
14166,11350,13410,13086,12946,12555,11936,8374.1,9684.1,11455,6749.9,6982,12214,4559.9,2190.2,8268,12497,12477,13953,13513,13099,13197,11229,11171,5055,10784,5938.3,13506,12133,9631.9,11387,13481,6924.6,6225.7,8501.1,9323.8,3053.3,6433.9,9682,9434.9,12390,12075,11739,10212,10326,11321,11280,11567,12656,10648,11881,11375,10855,11123,10749,7393.4,9046.8,10094,6208.7,6777.5,10633,4595.5,1386.9,7699.3,10792,10853,11719,11451,11120,11819,8842.3,10664,4163.3,10414,5795.8,13082,11790,9312.8,10549,12195,6768,5107.1,6934.3,8678.8,2660.6,4240.5,8481,7939.6,10971,10693,10297,9475,9131.8,10264,10974,11168,11195,9389.2,5656.2,9054.8,10731,10316,8977,7143.5,10840,9073.9,5496.6,8892.3,10143,10286,8453.3,7197.9
14093,11341,13348,13053,12880,12526,11944,8366.3,9684.8,11503,6768.3,7012.8,12284,4603.8,2209.1,8311.8,12520,12493,13943,13533,13129,13187,11265,11228,5021.7,10799,5876.6,13435,12052,9633.7,11401,13519,6900.6,6231.3,8521.2,9359.7,3074.2,6453.5,9719.8,9464.9,12360,12128,11800,10226,10387,11339,11342,11521,12542,10643,11831,11338,10812,11080,10733,7359.7,8988.9,10097,6233,6766.7,10649,4600.3,1391.8,7712.9,10775,10846,11700,11461,11119,11784,8812,10700,4119,10459,5759.2,13010,11741,9313.5,10568,12236,6728.3,5081.8,6939.4,8700.8,2679.5,4262,8494.3,7941.6,10896,10660,10334,9475.4,9054.4,10251,10993,11144,11081,9413.1,5650.6,9040.3,10659,10393,9022,7127.4,10778,9045.1,5488.1,8936.3,10193,10294,8460.8,7191.7
14117,11280,13369,13052,12925,12524,11926,8346.8,9668.2,11455,6756.3,7017.3,12228,4575.5,2195.8,8282.6,12504,12481,13893,13497,13130,13190,11259,11180,5048.8,10790,5912.3,13416,12040,9611.4,11375,13462,6899.2,6228.6,8502.4,9324.5,3029.9,6440.6,9683,9431.8,12306,12056,11724,10196,10295,11276,11274,11555,12566,10611,11851,11320,10807,11067,10711,7363,8990.4,10065,6239.3,6769.6,10611,4591.4,1390.6,7684.7,10755,10848,11685,11425,11122,11787,8820,10658,4136.2,10425,5811.1,12997,11739,9300.4,10562,12191,6714.5,5080.2,6947.6,8672.4,2681.8,4246.8,8493.5,7938.8,10797,10599,10248,9433.2,9044.6,10199,10912,11167,11102,9363.7,5647.3,9022.7,10672,10360,8992.4,7112.5,10763,8999.9,5466.2,8877.3,10173,10242,8479.5,7159.1
14100,11353,13381,13099,12883,12492,11929,8366.8,9659.1,11499,6735.7,7023.1,12295,4533.1,2205.4,8356.7,12535,12533,13958,13554,13157,13209,11322,11220,5017.3,10787,5934.4,13445,12049,9653.4,11409,13512,6903.8,6222.2,8489.6,9351.5,3038.3,6472.1,9710.8,9482.8,12268,12048,11771,10288,10308,11376,11270,11549,12537,10629,11841,11348,10814,11066,10734,7366.5,9014.3,10117,6217.1,6779.3,10633,4590,1397.9,7761.2,10782,10876,11723,11474,11138,11827,8868.5,10707,4128.4,10441,5777,13020,11729,9321.1,10609,12217,6713,5072.9,6961.6,8707.9,2655.7,4280,8526.6,7979.1,10881,10644,10279,9485.2,9076.8,10252,10984,11176,11068,9364.2,5657.8,9046.9,10655,10367,9005.9,7127.1,10772,9015,5531,8878.8,10170,10222,8469.4,7176.9
14125,11261,13441,13185,12840,12506,11957,8225.9,9602.9,11466,6693.2,6962.2,12242,4527.5,2198,8314.9,12531,12540,13938,13548,13124,13222,11285,11197,4949.4,10803,5861.7,13462,12097,9648.1,11414,13529,6786.4,6130.2,8459,9342.5,3047.9,6441.8,9667.1,9476.3,12297,12055,11763,10174,10292,11353,11271,11473,12572,10554,11885,11379,10753,11074,10758,7263.5,8973.8,10083,6192.1,6724.1,10565,4554.8,1406.6,7738.4,10786,10884,11685,11472,11132,11832,8844.2,10678,4097.5,10460,5713.8,13047,11755,9309.7,10591,12215,6584.2,4989.1,6926.1,8680.9,2682.9,4259.1,8458.8,7954.5,10821,10571,10261,9456.4,9062.6,10272,10955,11130,11099,9326.7,5614.7,9031.5,10635,10259,8940.6,7066.9,10786,8929.5,5477.5,8843.2,10051,10243,8417.3,7120.4
13965,11270,13256,13037,12794,12369,11903,8308.8,9639.1,11516,6745.5,7008,12367,4598.6,2209.5,8383.8,12558,12601,13957,13592,13213,13274,11438,11310,4992.4,10727,5841.2,13295,11950,9658.2,11461,13618,6807.5,6173,8547.5,9469.5,3062.6,6491.3,9799.3,9584.6,12148,12041,11883,10238,10296,11410,11416,11611,12478,10483,11764,11335,10754,10956,10714,7354.2,8929.2,10104,6225.3,6758,10656,4594.1,1400.5,7809.1,10765,10874,11678,11484,11156,11886,8932.5,10805,4138.1,10421,5740.6,12892,11638,9316.9,10675,12341,6631.4,5035.9,6931.8,8788.2,2726,4262.3,8542.8,8033,10787,10596,10310,9464.7,9026.9,10238,11106,11259,11042,9348.4,5687.7,9019.1,10641,10337,9027.6,7108.7,10748,8943,5450.2,8847.2,10116,10233,8469,7133.9
14213,11405,13341,13138,12942,12563,11940,8367,9702.3,11519,6741.7,7029.4,12323,4614.6,2208.6,8343.7,12536,12541,13950,13581,13152,13251,11343,11271,5066.8,10778,6014.1,13493,12071,9653.9,11431,13570,6925.3,6273,8514.5,9407.9,3063.8,6465.8,9752.4,9530.7,12373,12129,11764,10177,10307,11351,11358,11584,12653,10645,11838,11400,10870,11123,10766,7423.4,9035.6,10155,6257.5,6842,10705,4678,1403.7,7797.8,10799,10893,11743,11530,11188,11894,8924.3,10766,4183,10434,5851.3,13068,11747,9344.5,10616,12275,6766.2,5100.5,6959.6,8763,2696,4275.6,8551.1,8009.5,10967,10738,10309,9534.1,9113.9,10284,11041,11237,11225,9456.1,5707.2,9101.3,10805,10410,9011.2,7141.9,10884,9064.6,5508.7,8933.2,10321,10336,8489.1,7181.8
14114,11330,13399,13115,12837,12508,11951,8345.3,9636.8,11477,6706.8,6979,12297,4548,2200.3,8336.1,12550,12543,13921,13544,13142,13196,11308,11241,4982.8,10774,5890.2,13450,12058,9656.9,11420,13545,6848.9,6187.7,8532.5,9394.3,3064.1,6462.8,9710.9,9503.9,12306,12123,11825,10261,10326,11382,11341,11533,12591,10532,11900,11388,10827,11060,10744,7377,8955.7,10100,6230.9,6805.8,10656,4623.5,1404.7,7787.5,10785,10915,11685,11485,11184,11898,8884,10735,4114.7,10477,5758.9,13037,11742,9337.9,10609,12254,6684.9,5044.8,6951.5,8736.6,2707.7,4271.7,8527.1,7976.2,10865,10616,10313,9474.3,9083.1,10209,10996,11220,11102,9407.6,5685.2,9060,10674,10401,9005.2,7154.4,10805,9000.8,5473.1,8889.1,10184,10259,8438,7144.9
14166,11328,13381,13130,12919,12549,11953,8392.5,9661,11488,6764.9,7006.3,12286,4586.3,2198.1,8330,12532,12544,13944,13551,13129,13208,11308,11222,5043.4,10787,5907.5,13446,12097,9644.4,11417,13514,6901.1,6263.4,8520.8,9353.7,3090.6,6469.8,9695.8,9492.9,12371,12089,11798,10259,10336,11365,11314,11602,12631,10631,11879,11398,10883,11085,10735,7426.6,9024,10101,6249.1,6792.4,10648,4651.2,1402.2,7745.4,10783,10886,11690,11469,11170,11857,8888.6,10697,4164.7,10483,5784.3,13042,11763,9340.6,10600,12221,6751.6,5100.3,6965.8,8692.1,2721.1,4282.7,8494.1,7951.3,10917,10661,10313,9496.6,9087.1,10234,10979,11218,11132,9427.1,5633.7,9069.9,10663,10393,9038.1,7140.5,10808,9052.9,5485.7,8903.2,10117,10338,8498.8,7165
14272,11368,13472,13227,12963,12623,11990,8435.6,9711.2,11500,6773.2,7036.5,12332,4534.7,2209.4,8386.1,12531,12536,13953,13553,13177,13278,11370,11229,5093.7,10850,5984.1,13526,12155,9693.2,11441,13499,6993.9,6226,8525.1,9377.5,3009.6,6477.6,9730.8,9533.8,12393,12141,11839,10216,10353,11355,11269,11674,12755,10630,11969,11496,10917,11196,10813,7461,9090.9,10150,6272.1,6833.4,10707,4634.2,1402.4,7772.3,10815,10855,11718,11481,11200,11916,8937.3,10725,4204.5,10545,5876.7,13159,11807,9375.6,10652,12231,6801.1,5137.4,6986.4,8733.5,2722.3,4291.5,8531.8,7981.2,10980,10680,10362,9543.8,9153.8,10279,10981,11286,11141,9469.3,5691.5,9112.8,10749,10420,9027.4,7156.4,10850,9039.3,5519,8965.6,10302,10382,8477.5,7197.1
14042,11300,13342,13102,12830,12467,11933,8354.5,9704.9,11471,6721.7,6997,12307,4568.5,2204.5,8357.6,12536,12542,13920,13538,13181,13262,11317,11228,5017.5,10751,5919.8,13405,12070,9701.4,11462,13567,6842.4,6210.9,8539.4,9390.8,3050.9,6495.3,9726.9,9506,12297,12071,11804,10187,10315,11339,11318,11509,12539,10545,11854,11380,10828,11024,10742,7362.6,8984.4,10133,6180.6,6804.5,10674,4577.8,1410.4,7761.6,10801,10882,11732,11499,11226,11902,8902.9,10753,4135,10437,5755.8,13022,11740,9394.4,10675,12289,6697.3,5078,6952.5,8757.2,2672.9,4284,8534.3,8008.6,10867,10590,10326,9470.1,9135.7,10247,11055,11207,11046,9356.8,5698.9,9068.5,10669,10376,8975.2,7164.8,10740,9003.5,5497.9,8913.5,10135,10234,8452.1,7188.9
14204,11348,13402,13152,12978,12552,11945,8375,9719.7,11515,6767.4,7040.8,12310,4566.1,2205.8,8348.2,12532,12537,13889,13549,13173,13306,11325,11262,5085.2,10791,5914.7,13460,12091,9703.8,11458,13549,6901.8,6223,8537.8,9410.9,3034.1,6472.2,9746,9505.9,12317,12053,11745,10280,10326,11336,11363,11606,12687,10563,11871,11393,10827,11079,10738,7402.4,9033.1,10082,6235.1,6798.7,10626,4595,1393.3,7753,10777,10912,11685,11458,11173,11912,8885.7,10752,4191,10439,5806.3,13079,11752,9389.3,10638,12288,6765.8,5098.6,6959.9,8753.5,2689.3,4271.2,8513.5,7965.9,10901,10647,10279,9549.2,9083.7,10267,11025,11257,11149,9375.1,5652.9,9075.3,10732,10390,9025.6,7161.6,10830,9050.2,5434.2,8915.5,10227,10279,8500.5,7204.6
14111,11310,13358,13128,12842,12493,11919,8326.7,9666.1,11517,6685.5,7011.7,12258,4515.5,2197.9,8346.7,12496,12517,13879,13568,13137,13253,11283,11248,5019.4,10742,5926.3,13394,12013,9660.6,11426,13573,6892.7,6213.3,8488.2,9390.8,3009.2,6464.2,9741.4,9506.9,12263,12036,11739,10258,10274,11369,11351,11602,12588,10593,11845,11373,10738,11061,10719,7349.3,8967.7,10105,6201.1,6781,10626,4577.9,1395,7774.8,10765,10886,11646,11475,11158,11895,8861.7,10742,4149.2,10373,5753,13043,11717,9337.8,10591,12296,6702.2,5070.4,6944.9,8744.5,2670,4262.8,8490.2,7973.8,10816,10598,10258,9455.5,9007.2,10235,11039,11213,11076,9381.6,5710.6,9065.8,10680,10356,8980,7119.5,10822,9007.9,5445.6,8878.9,10102,10218,8458.5,7170.3
14152,11327,13366,13098,12889,12547,11909,8314.5,9667.6,11467,6720.1,7000.5,12218,4554.8,2198.4,8295.1,12502,12482,13907,13514,13085,13169,11239,11161,4997.3,10716,5886.8,13451,12049,9601.7,11364,13498,6840.7,6204.5,8483.7,9322.9,3053.4,6435.4,9684.8,9459.8,12340,12075,11677,10190,10293,11267,11257,11510,12589,10594,11838,11348,10781,11081,10716,7331.9,9008.3,10078,6224.4,6764.9,10597,4591.1,1395.6,7709.8,10769,10855,11665,11435,11111,11805,8831.4,10655,4111.6,10396,5771.2,13026,11738,9296,10528,12187,6674.8,5078.4,6947,8657.8,2682.3,4259.7,8470.1,7926.8,10895,10630,10237,9459.2,9058.6,10192,10935,11112,11128,9381.4,5624.7,9036.9,10658,10377,8973.1,7132.1,10826,9023.4,5497.9,8881.1,10179,10273,8457.7,7185.6
14067,11277,13366,13078,12878,12497,11915,8317.3,9677.1,11454,6726.4,6981.7,12200,4583.4,2212,8302.4,12502,12532,13950,13531,13107,13173,11264,11153,4991.3,10794,5815.3,13388,12021,9581.3,11369,13472,6813.6,6212.9,8488.4,9323,3094.2,6445.5,9667.9,9439,12283,12061,11793,10218,10285,11340,11276,11490,12512,10583,11833,11325,10776,11076,10713,7332.7,8989.7,10109,6211.9,6725,10565,4573.5,1389.8,7706.7,10768,10847,11651,11422,11075,11772,8812.3,10633,4129.3,10448,5699.4,12927,11697,9255.1,10556,12198,6631.1,5059.1,6920.1,8639.5,2686.7,4269.6,8465,7912.9,10890,10610,10294,9472.4,9037.5,10265,10941,11062,11116,9380.3,5643.2,9015.1,10527,10350,8980.1,7107.8,10809,8992.6,5462.7,8874.4,9939.2,10259,8428.9,7158.1
14151,11352,13396,13090,12928,12527,11947,8337.6,9647.5,11466,6774.8,6994.2,12260,4579.2,2186,8277.4,12534,12526,13936,13529,13121,13214,11262,11203,5036.7,10794,5915.1,13412,12095,9638.1,11419,13491,6865.5,6268.7,8515.6,9354,3071,6450.5,9716.1,9438.7,12323,12072,11789,10265,10365,11353,11312,11521,12581,10624,11869,11352,10845,11079,10750,7385.2,8994.7,10096,6228.9,6770.1,10651,4621.2,1389.4,7697.4,10803,10880,11731,11460,11120,11816,8841.6,10695,4171.1,10455,5756.7,13019,11756,9308.3,10582,12224,6706,5074.5,6961.1,8679.9,2683.8,4257,8497.3,7950,10897,10658,10329,9492.6,9105.2,10289,10990,11129,11173,9429.6,5630.3,9037.5,10619,10383,9001.9,7119.8,10803,9056.1,5480.4,8908.9,9985,10273,8458.8,7175.8
